"","Table 3#9#2# Contributions to Percent Change in Real Government ","F2","F3","F4","F5","F6","F7","F8","F9","F10","F11","F12","F13","F14","F15","F16","F17","F18","F19","F20","F21","F22","F23","F24","F25","F26","F27","F28","F29","F30","F31","F32","F33","F34","F35","F36","F37","F38","F39","F40","F41","F42","F43","F44","F45","F46","F47","F48","F49","F50","F51","F52","F53","F54","F55","F56","F57","F58","F59","F60","F61","F62","F63","F64","F65","F66","F67","F68","F69","F70","F71","F72","F73","F74","F75","F76","F77","F78","F79","F80","F81","F82","F83","F84","F85","F86","F87","F88","F89","F90","F91","F92","F93","F94","F95","F96","F97","F98","F99","F100","F101","F102","F103","F104","F105","F106","F107","F108","F109","F110","F111","F112","F113","F114","F115","F116","F117","F118","F119","F120","F121","F122","F123","F124","F125","F126","F127","F128","F129","F130","F131","F132","F133","F134","F135","F136","F137","F138","F139","F140","F141","F142","F143","F144","F145","F146","F147","F148","F149","F150","F151","F152","F153","F154","F155","F156","F157","F158","F159","F160","F161","F162","F163","F164","F165","F166","F167","F168","F169","F170","F171","F172","F173","F174","F175","F176","F177","F178","F179","F180","F181","F182","F183","F184","F185","F186","F187","F188","F189","F190","F191","F192","F193","F194","F195","F196","F197","F198","F199","F200","F201","F202","F203","F204","F205","F206","F207","F208","F209","F210","F211","F212","F213","F214","F215","F216","F217","F218","F219","F220","F221","F222","F223","F224","F225","F226","F227","F228","F229","F230","F231","F232","F233","F234","F235","F236","F237","F238","F239","F240","F241","F242","F243","F244","F245","F246","F247","F248","F249","F250"
"1","; Seasonally adjusted at annual rates                                                                 ",NA,NA,NA,NA,NA,NA,NA,NA,NA,NA,NA,NA,NA,NA,NA,NA,NA,NA,NA,NA,NA,NA,NA,NA,NA,NA,NA,NA,NA,NA,NA,NA,NA,NA,NA,NA,NA,NA,NA,NA,NA,NA,NA,NA,NA,NA,NA,NA,NA,NA,NA,NA,NA,NA,NA,NA,NA,NA,NA,NA,NA,NA,NA,NA,NA,NA,NA,NA,NA,NA,NA,NA,NA,NA,NA,NA,NA,NA,NA,NA,NA,NA,NA,NA,NA,NA,NA,NA,NA,NA,NA,NA,NA,NA,NA,NA,NA,NA,NA,NA,NA,NA,NA,NA,NA,NA,NA,NA,NA,NA,NA,NA,NA,NA,NA,NA,NA,NA,NA,NA,NA,NA,NA,NA,NA,NA,NA,NA,NA,NA,NA,NA,NA,NA,NA,NA,NA,NA,NA,NA,NA,NA,NA,NA,NA,NA,NA,NA,NA,NA,NA,NA,NA,NA,NA,NA,NA,NA,NA,NA,NA,NA,NA,NA,NA,NA,NA,NA,NA,NA,NA,NA,NA,NA,NA,NA,NA,NA,NA,NA,NA,NA,NA,NA,NA,NA,NA,NA,NA,NA,NA,NA,NA,NA,NA,NA,NA,NA,NA,NA,NA,NA,NA,NA,NA,NA,NA,NA,NA,NA,NA,NA,NA,NA,NA,NA,NA,NA,NA,NA,NA,NA,NA,NA,NA,NA,NA,NA,NA,NA,NA,NA,NA,NA,NA,NA,NA,NA,NA,NA,NA,NA,NA,NA,NA,NA,NA,NA,NA
"2","Quarterly data from 1947 To 2008",NA,NA,NA,NA,NA,NA,NA,NA,NA,NA,NA,NA,NA,NA,NA,NA,NA,NA,NA,NA,NA,NA,NA,NA,NA,NA,NA,NA,NA,NA,NA,NA,NA,NA,NA,NA,NA,NA,NA,NA,NA,NA,NA,NA,NA,NA,NA,NA,NA,NA,NA,NA,NA,NA,NA,NA,NA,NA,NA,NA,NA,NA,NA,NA,NA,NA,NA,NA,NA,NA,NA,NA,NA,NA,NA,NA,NA,NA,NA,NA,NA,NA,NA,NA,NA,NA,NA,NA,NA,NA,NA,NA,NA,NA,NA,NA,NA,NA,NA,NA,NA,NA,NA,NA,NA,NA,NA,NA,NA,NA,NA,NA,NA,NA,NA,NA,NA,NA,NA,NA,NA,NA,NA,NA,NA,NA,NA,NA,NA,NA,NA,NA,NA,NA,NA,NA,NA,NA,NA,NA,NA,NA,NA,NA,NA,NA,NA,NA,NA,NA,NA,NA,NA,NA,NA,NA,NA,NA,NA,NA,NA,NA,NA,NA,NA,NA,NA,NA,NA,NA,NA,NA,NA,NA,NA,NA,NA,NA,NA,NA,NA,NA,NA,NA,NA,NA,NA,NA,NA,NA,NA,NA,NA,NA,NA,NA,NA,NA,NA,NA,NA,NA,NA,NA,NA,NA,NA,NA,NA,NA,NA,NA,NA,NA,NA,NA,NA,NA,NA,NA,NA,NA,NA,NA,NA,NA,NA,NA,NA,NA,NA,NA,NA,NA,NA,NA,NA,NA,NA,NA,NA,NA,NA,NA,NA,NA,NA,NA,NA
"3","Bureau of Economic Analysis",NA,NA,NA,NA,NA,NA,NA,NA,NA,NA,NA,NA,NA,NA,NA,NA,NA,NA,NA,NA,NA,NA,NA,NA,NA,NA,NA,NA,NA,NA,NA,NA,NA,NA,NA,NA,NA,NA,NA,NA,NA,NA,NA,NA,NA,NA,NA,NA,NA,NA,NA,NA,NA,NA,NA,NA,NA,NA,NA,NA,NA,NA,NA,NA,NA,NA,NA,NA,NA,NA,NA,NA,NA,NA,NA,NA,NA,NA,NA,NA,NA,NA,NA,NA,NA,NA,NA,NA,NA,NA,NA,NA,NA,NA,NA,NA,NA,NA,NA,NA,NA,NA,NA,NA,NA,NA,NA,NA,NA,NA,NA,NA,NA,NA,NA,NA,NA,NA,NA,NA,NA,NA,NA,NA,NA,NA,NA,NA,NA,NA,NA,NA,NA,NA,NA,NA,NA,NA,NA,NA,NA,NA,NA,NA,NA,NA,NA,NA,NA,NA,NA,NA,NA,NA,NA,NA,NA,NA,NA,NA,NA,NA,NA,NA,NA,NA,NA,NA,NA,NA,NA,NA,NA,NA,NA,NA,NA,NA,NA,NA,NA,NA,NA,NA,NA,NA,NA,NA,NA,NA,NA,NA,NA,NA,NA,NA,NA,NA,NA,NA,NA,NA,NA,NA,NA,NA,NA,NA,NA,NA,NA,NA,NA,NA,NA,NA,NA,NA,NA,NA,NA,NA,NA,NA,NA,NA,NA,NA,NA,NA,NA,NA,NA,NA,NA,NA,NA,NA,NA,NA,NA,NA,NA,NA,NA,NA,NA,NA,NA
"4","Data published December 23, 2008 ",NA,NA,NA,NA,NA,NA,NA,NA,NA,NA,NA,NA,NA,NA,NA,NA,NA,NA,NA,NA,NA,NA,NA,NA,NA,NA,NA,NA,NA,NA,NA,NA,NA,NA,NA,NA,NA,NA,NA,NA,NA,NA,NA,NA,NA,NA,NA,NA,NA,NA,NA,NA,NA,NA,NA,NA,NA,NA,NA,NA,NA,NA,NA,NA,NA,NA,NA,NA,NA,NA,NA,NA,NA,NA,NA,NA,NA,NA,NA,NA,NA,NA,NA,NA,NA,NA,NA,NA,NA,NA,NA,NA,NA,NA,NA,NA,NA,NA,NA,NA,NA,NA,NA,NA,NA,NA,NA,NA,NA,NA,NA,NA,NA,NA,NA,NA,NA,NA,NA,NA,NA,NA,NA,NA,NA,NA,NA,NA,NA,NA,NA,NA,NA,NA,NA,NA,NA,NA,NA,NA,NA,NA,NA,NA,NA,NA,NA,NA,NA,NA,NA,NA,NA,NA,NA,NA,NA,NA,NA,NA,NA,NA,NA,NA,NA,NA,NA,NA,NA,NA,NA,NA,NA,NA,NA,NA,NA,NA,NA,NA,NA,NA,NA,NA,NA,NA,NA,NA,NA,NA,NA,NA,NA,NA,NA,NA,NA,NA,NA,NA,NA,NA,NA,NA,NA,NA,NA,NA,NA,NA,NA,NA,NA,NA,NA,NA,NA,NA,NA,NA,NA,NA,NA,NA,NA,NA,NA,NA,NA,NA,NA,NA,NA,NA,NA,NA,NA,NA,NA,NA,NA,NA,NA,NA,NA,NA,NA,NA,NA
"5","File created 12/22/2008 8:02:41 AM",NA,NA,NA,NA,NA,NA,NA,NA,NA,NA,NA,NA,NA,NA,NA,NA,NA,NA,NA,NA,NA,NA,NA,NA,NA,NA,NA,NA,NA,NA,NA,NA,NA,NA,NA,NA,NA,NA,NA,NA,NA,NA,NA,NA,NA,NA,NA,NA,NA,NA,NA,NA,NA,NA,NA,NA,NA,NA,NA,NA,NA,NA,NA,NA,NA,NA,NA,NA,NA,NA,NA,NA,NA,NA,NA,NA,NA,NA,NA,NA,NA,NA,NA,NA,NA,NA,NA,NA,NA,NA,NA,NA,NA,NA,NA,NA,NA,NA,NA,NA,NA,NA,NA,NA,NA,NA,NA,NA,NA,NA,NA,NA,NA,NA,NA,NA,NA,NA,NA,NA,NA,NA,NA,NA,NA,NA,NA,NA,NA,NA,NA,NA,NA,NA,NA,NA,NA,NA,NA,NA,NA,NA,NA,NA,NA,NA,NA,NA,NA,NA,NA,NA,NA,NA,NA,NA,NA,NA,NA,NA,NA,NA,NA,NA,NA,NA,NA,NA,NA,NA,NA,NA,NA,NA,NA,NA,NA,NA,NA,NA,NA,NA,NA,NA,NA,NA,NA,NA,NA,NA,NA,NA,NA,NA,NA,NA,NA,NA,NA,NA,NA,NA,NA,NA,NA,NA,NA,NA,NA,NA,NA,NA,NA,NA,NA,NA,NA,NA,NA,NA,NA,NA,NA,NA,NA,NA,NA,NA,NA,NA,NA,NA,NA,NA,NA,NA,NA,NA,NA,NA,NA,NA,NA,NA,NA,NA,NA,NA,NA
"6",NA,NA,NA,NA,NA,NA,NA,NA,NA,NA,NA,NA,NA,NA,NA,NA,NA,NA,NA,NA,NA,NA,NA,NA,NA,NA,NA,NA,NA,NA,NA,NA,NA,NA,NA,NA,NA,NA,NA,NA,NA,NA,NA,NA,NA,NA,NA,NA,NA,NA,NA,NA,NA,NA,NA,NA,NA,NA,NA,NA,NA,NA,NA,NA,NA,NA,NA,NA,NA,NA,NA,NA,NA,NA,NA,NA,NA,NA,NA,NA,NA,NA,NA,NA,NA,NA,NA,NA,NA,NA,NA,NA,NA,NA,NA,NA,NA,NA,NA,NA,NA,NA,NA,NA,NA,NA,NA,NA,NA,NA,NA,NA,NA,NA,NA,NA,NA,NA,NA,NA,NA,NA,NA,NA,NA,NA,NA,NA,NA,NA,NA,NA,NA,NA,NA,NA,NA,NA,NA,NA,NA,NA,NA,NA,NA,NA,NA,NA,NA,NA,NA,NA,NA,NA,NA,NA,NA,NA,NA,NA,NA,NA,NA,NA,NA,NA,NA,NA,NA,NA,NA,NA,NA,NA,NA,NA,NA,NA,NA,NA,NA,NA,NA,NA,NA,NA,NA,NA,NA,NA,NA,NA,NA,NA,NA,NA,NA,NA,NA,NA,NA,NA,NA,NA,NA,NA,NA,NA,NA,NA,NA,NA,NA,NA,NA,NA,NA,NA,NA,NA,NA,NA,NA,NA,NA,NA,NA,NA,NA,NA,NA,NA,NA,NA,NA,NA,NA,NA,NA,NA,NA,NA,NA,NA,NA,NA,NA,NA,NA,NA
"7","Line",NA,NA,1947,1947,1947,1947,1948,1948,1948,1948,1949,1949,1949,1949,1950,1950,1950,1950,1951,1951,1951,1951,1952,1952,1952,1952,1953,1953,1953,1953,1954,1954,1954,1954,1955,1955,1955,1955,1956,1956,1956,1956,1957,1957,1957,1957,1958,1958,1958,1958,1959,1959,1959,1959,1960,1960,1960,1960,1961,1961,1961,1961,1962,1962,1962,1962,1963,1963,1963,1963,1964,1964,1964,1964,1965,1965,1965,1965,1966,1966,1966,1966,1967,1967,1967,1967,1968,1968,1968,1968,1969,1969,1969,1969,1970,1970,1970,1970,1971,1971,1971,1971,1972,1972,1972,1972,1973,1973,1973,1973,1974,1974,1974,1974,1975,1975,1975,1975,1976,1976,1976,1976,1977,1977,1977,1977,1978,1978,1978,1978,1979,1979,1979,1979,1980,1980,1980,1980,1981,1981,1981,1981,1982,1982,1982,1982,1983,1983,1983,1983,1984,1984,1984,1984,1985,1985,1985,1985,1986,1986,1986,1986,1987,1987,1987,1987,1988,1988,1988,1988,1989,1989,1989,1989,1990,1990,1990,1990,1991,1991,1991,1991,1992,1992,1992,1992,1993,1993,1993,1993,1994,1994,1994,1994,1995,1995,1995,1995,1996,1996,1996,1996,1997,1997,1997,1997,1998,1998,1998,1998,1999,1999,1999,1999,2000,2000,2000,2000,2001,2001,2001,2001,2002,2002,2002,2002,2003,2003,2003,2003,2004,2004,2004,2004,2005,2005,2005,2005,2006,2006,2006,2006,2007,2007,2007,2007,2008,2008,2008
"8",NA,NA,NA,1,2,3,4,1,2,3,4,1,2,3,4,1,2,3,4,1,2,3,4,1,2,3,4,1,2,3,4,1,2,3,4,1,2,3,4,1,2,3,4,1,2,3,4,1,2,3,4,1,2,3,4,1,2,3,4,1,2,3,4,1,2,3,4,1,2,3,4,1,2,3,4,1,2,3,4,1,2,3,4,1,2,3,4,1,2,3,4,1,2,3,4,1,2,3,4,1,2,3,4,1,2,3,4,1,2,3,4,1,2,3,4,1,2,3,4,1,2,3,4,1,2,3,4,1,2,3,4,1,2,3,4,1,2,3,4,1,2,3,4,1,2,3,4,1,2,3,4,1,2,3,4,1,2,3,4,1,2,3,4,1,2,3,4,1,2,3,4,1,2,3,4,1,2,3,4,1,2,3,4,1,2,3,4,1,2,3,4,1,2,3,4,1,2,3,4,1,2,3,4,1,2,3,4,1,2,3,4,1,2,3,4,1,2,3,4,1,2,3,4,1,2,3,4,1,2,3,4,1,2,3,4,1,2,3,4,1,2,3,4,1,2,3,4,1,2,3
"9",NA,"Percent change at annual rate:"," ",NA,NA,NA,NA,NA,NA,NA,NA,NA,NA,NA,NA,NA,NA,NA,NA,NA,NA,NA,NA,NA,NA,NA,NA,NA,NA,NA,NA,NA,NA,NA,NA,NA,NA,NA,NA,NA,NA,NA,NA,NA,NA,NA,NA,NA,NA,NA,NA,NA,NA,NA,NA,NA,NA,NA,NA,NA,NA,NA,NA,NA,NA,NA,NA,NA,NA,NA,NA,NA,NA,NA,NA,NA,NA,NA,NA,NA,NA,NA,NA,NA,NA,NA,NA,NA,NA,NA,NA,NA,NA,NA,NA,NA,NA,NA,NA,NA,NA,NA,NA,NA,NA,NA,NA,NA,NA,NA,NA,NA,NA,NA,NA,NA,NA,NA,NA,NA,NA,NA,NA,NA,NA,NA,NA,NA,NA,NA,NA,NA,NA,NA,NA,NA,NA,NA,NA,NA,NA,NA,NA,NA,NA,NA,NA,NA,NA,NA,NA,NA,NA,NA,NA,NA,NA,NA,NA,NA,NA,NA,NA,NA,NA,NA,NA,NA,NA,NA,NA,NA,NA,NA,NA,NA,NA,NA,NA,NA,NA,NA,NA,NA,NA,NA,NA,NA,NA,NA,NA,NA,NA,NA,NA,NA,NA,NA,NA,NA,NA,NA,NA,NA,NA,NA,NA,NA,NA,NA,NA,NA,NA,NA,NA,NA,NA,NA,NA,NA,NA,NA,NA,NA,NA,NA,NA,NA,NA,NA,NA,NA,NA,NA,NA,NA,NA,NA,NA,NA,NA,NA,NA,NA,NA,NA,NA,NA,NA,NA
"10","1","    Government consumption expenditures and gross investment","A822RL1",NA,2.4,3.7,-5.8,8.1,20.6,8.1,18.1,11.7,19.5,4.2,-8.4,-6.6,6.7,-7.4,28.5,49.7,67.4,53.5,23.8,13.3,14.1,4.1,7.4,14.1,9.1,-4.7,-1.1,-10.4,-13.5,-9.3,-2.5,-0.5,-4,2.5,-8.4,-0.3,8.7,-3.7,10.6,8.6,-2.6,3.2,7.5,-4.5,10.5,2.4,8.8,-2.6,6.3,5.1,-4.3,-7.7,3.3,10,2.8,5.3,0.9,8.1,9,7.4,2.2,9.4,0.6,-2.4,-0.5,18.3,-3.6,1.4,2.6,0.3,-1.2,-0.9,5.2,14.5,8.9,7.3,7.3,11.2,6.6,18.1,-2.2,4.2,2.8,7.1,1.8,0.9,0.3,0.4,-1.7,0.6,-5.8,-2.1,-5.1,1.8,0,-6.3,-1.3,-0.3,-3,1.5,2.5,-8,2.5,4,-2.3,-5,2.9,8.7,2.7,0.6,1.4,4.9,-3,7.3,3.4,1,-4.3,-2.1,-0.3,3.7,4.2,0.7,-1.3,0.7,11.2,3.2,3.7,-3.5,4.3,0.6,2.6,6.6,1.3,-5.4,-0.4,5.4,0.9,-0.9,3.7,-0.4,2.4,2.8,7.1,3.1,3.4,7.1,-6.6,4.1,8.9,3,8.9,4.6,9.3,10.8,2.4,4.4,8.8,9.4,-2.2,1,2.8,0.7,5.6,-2.3,0.9,-0.5,8,-2.5,6.3,3.8,2.1,6.3,0.7,0,4.1,1.6,1.4,-1.8,-1.6,3.1,-0.4,2.1,0.1,-4.1,-0.4,-1.1,1.5,-4,1.7,6.7,-3.4,1.7,1.6,-1.3,-4.5,2.5,6.7,-1.3,3.7,0.6,4.3,0.1,-0.2,-2.2,8.4,3.7,3.7,2.7,2.4,5.1,6.6,-3,5.5,-2.1,1.3,5.3,7.9,-1.5,8.5,4.3,4.8,2.3,4.8,-1.4,6.1,1.5,0.7,1.5,1.3,1.6,-1.8,-0.2,0.9,3.4,-1.7,3.9,1.2,1.7,1.6,0.9,3.9,3.8,0.8,1.9,3.9,5.8
"11",NA,"Percentage points at annual rates:"," ",NA,NA,NA,NA,NA,NA,NA,NA,NA,NA,NA,NA,NA,NA,NA,NA,NA,NA,NA,NA,NA,NA,NA,NA,NA,NA,NA,NA,NA,NA,NA,NA,NA,NA,NA,NA,NA,NA,NA,NA,NA,NA,NA,NA,NA,NA,NA,NA,NA,NA,NA,NA,NA,NA,NA,NA,NA,NA,NA,NA,NA,NA,NA,NA,NA,NA,NA,NA,NA,NA,NA,NA,NA,NA,NA,NA,NA,NA,NA,NA,NA,NA,NA,NA,NA,NA,NA,NA,NA,NA,NA,NA,NA,NA,NA,NA,NA,NA,NA,NA,NA,NA,NA,NA,NA,NA,NA,NA,NA,NA,NA,NA,NA,NA,NA,NA,NA,NA,NA,NA,NA,NA,NA,NA,NA,NA,NA,NA,NA,NA,NA,NA,NA,NA,NA,NA,NA,NA,NA,NA,NA,NA,NA,NA,NA,NA,NA,NA,NA,NA,NA,NA,NA,NA,NA,NA,NA,NA,NA,NA,NA,NA,NA,NA,NA,NA,NA,NA,NA,NA,NA,NA,NA,NA,NA,NA,NA,NA,NA,NA,NA,NA,NA,NA,NA,NA,NA,NA,NA,NA,NA,NA,NA,NA,NA,NA,NA,NA,NA,NA,NA,NA,NA,NA,NA,NA,NA,NA,NA,NA,NA,NA,NA,NA,NA,NA,NA,NA,NA,NA,NA,NA,NA,NA,NA,NA,NA,NA,NA,NA,NA,NA,NA,NA,NA,NA,NA,NA,NA,NA,NA,NA,NA,NA,NA,NA,NA
"12","2","      Consumption expenditures \1\","A955RZ2",NA,2.64,2.15,-9.73,-3.73,16.66,6.1,9.36,7.04,9.17,-5.34,-8.29,2.61,3.46,-13.08,29.53,32.82,42.44,35.12,5.63,14.77,14.12,3.16,4.59,8.24,5,-3.58,2.76,-14.1,-9.98,-1.81,-0.07,-0.61,-7.37,10.43,-4.76,-4.12,8.6,-9.03,12.12,7.6,-0.09,0.96,6.67,-7.72,10.58,-4.4,5.62,-10.87,9.43,5.43,0.77,-7.7,3.81,5.02,3.14,-3.46,5.99,3.88,4.31,6.56,3.86,6.63,1.5,-0.45,0.46,11.61,-0.33,0.65,2.04,-0.1,-1.48,1.15,4.29,9.96,8.89,2.68,10.19,6.56,3.54,14.88,1.2,2.79,3.32,8.59,0.84,1.44,2.46,-1.63,3.84,0.88,0.69,-4.26,-3.13,0.61,0.42,-0.03,-0.29,-0.52,-0.23,3.14,1.89,-4.42,-1.05,0.22,0.19,-2.33,1.47,5.59,-0.65,2.47,2.53,2.2,2.83,0.93,-0.19,-1.2,1.14,-1.08,1.63,1.93,2.79,2.68,0.63,1.68,2.24,1.17,1.64,1.91,0.7,-4.25,2.89,3.58,4.61,-2.3,-1.1,3.06,3.76,0.58,2.27,2.12,-0.15,3.79,4.19,2.97,2.41,4.04,-7.75,1.49,7.01,2.08,4.51,4.12,4.66,7.6,3.05,3.18,6.61,4.88,-0.22,0.18,0.83,-0.82,6.17,0.24,-0.68,-0.22,6.84,-2.43,5.28,1.68,2.09,3.28,0.74,-0.06,2.67,3.33,0.04,-1.9,-1.54,1.14,0.68,3.28,1.09,-2.78,-1.4,0.13,0.86,-0.97,0.36,3.85,-2.21,0.74,0.82,0.52,-4.53,1.18,4.09,-1.44,2.96,0.21,3.88,0.45,1.57,-1.74,4.83,0.09,4.51,2.24,0.29,4.26,4.14,-3.26,5.96,-1.91,1.49,3.8,3.27,2.4,4.94,3.22,4,1.86,4.79,-1.11,5.36,-0.44,1.38,2.01,0.38,1.83,-1.12,0.31,-0.18,2.9,-2.64,4.58,0.03,2.07,0.89,0.94,2.43,3.25,0.4,2.6,1.76,4.77
"13","3","      Gross investment \2\","A782RZ2",NA,-0.21,1.59,3.9,11.82,3.97,2.01,8.72,4.66,10.29,9.54,-0.16,-9.18,3.21,5.71,-1.05,16.9,24.99,18.32,18.21,-1.5,-0.01,0.96,2.8,5.87,4.1,-1.14,-3.9,3.69,-3.5,-7.47,-2.42,0.16,3.39,-7.93,-3.65,3.79,0.15,5.3,-1.49,0.98,-2.49,2.19,0.87,3.23,-0.11,6.84,3.15,8.29,-3.17,-0.3,-5.04,-0.03,-0.53,5.02,-0.37,8.8,-5.09,4.26,4.72,0.8,-1.69,2.73,-0.88,-1.94,-0.98,6.65,-3.25,0.79,0.59,0.37,0.31,-2.05,0.92,4.58,0.06,4.66,-2.9,4.69,3.08,3.23,-3.36,1.42,-0.54,-1.45,0.99,-0.57,-2.2,2.07,-5.54,-0.32,-6.47,2.13,-1.95,1.18,-0.39,-6.3,-0.97,0.2,-2.73,-1.66,0.58,-3.58,3.59,3.74,-2.52,-2.7,1.47,3.09,3.34,-1.88,-1.11,2.74,-5.85,6.33,3.62,2.15,-5.45,-1,-1.94,1.75,1.41,-1.94,-1.9,-1.03,9,2.05,2.04,-5.44,3.6,4.81,-0.25,3.02,-3.36,-3.11,0.71,2.37,-2.89,-1.48,1.48,-2.53,2.53,-1.02,2.91,0.08,1.03,3.09,1.14,2.56,1.88,0.9,4.38,0.51,4.66,3.2,-0.65,1.22,2.15,4.54,-1.99,0.86,1.98,1.52,-0.58,-2.55,1.59,-0.31,1.15,-0.05,1.05,2.1,0.05,3.06,-0.06,0.04,1.45,-1.72,1.35,0.07,-0.05,2,-1.09,-1.13,-0.99,-1.34,0.99,-1.26,0.63,-3.03,1.38,2.87,-1.15,0.92,0.82,-1.82,0.07,1.28,2.66,0.11,0.7,0.38,0.38,-0.38,-1.72,-0.43,3.53,3.58,-0.77,0.48,2.16,0.81,2.43,0.29,-0.41,-0.15,-0.19,1.53,4.58,-3.95,3.55,1.12,0.77,0.42,-0.01,-0.26,0.79,1.92,-0.64,-0.46,0.97,-0.27,-0.68,-0.52,1.1,0.55,0.9,-0.7,1.21,-0.36,0.69,-0.05,1.51,0.58,0.41,-0.67,2.18,1.02
"14","4","        Structures","A760RZ2",NA,3.23,3.76,4.42,1.67,5.18,3.63,1.61,3.81,6.48,6.86,1.06,-0.71,3.18,0.56,2.45,2.25,7.75,2.3,1.26,2.83,0.4,0.27,1.68,1.65,-0.98,0.11,2.27,3.05,-1.65,1.08,-0.98,1.22,0.37,-2.25,-0.57,1.16,1.33,0.79,0.04,2.9,-0.66,0.48,1.44,3.93,-0.09,2.52,3.06,0.44,-0.44,-2.31,-3.74,0.95,2.19,2.5,0.89,4.39,-4.46,1.15,4.2,-1.92,0.3,-0.29,1.17,1,0.19,3.89,-2.54,1.2,1.81,0.17,-0.14,-0.55,2.38,3.21,0.88,0.76,-0.85,-0.14,1.99,1.6,-1.35,-1.07,1.12,0.48,1.55,0.13,-0.37,-1.1,-0.48,-1.84,-3.27,-0.89,-0.43,2.2,-0.95,-0.6,0.18,-0.8,0.45,-0.82,-2.28,-0.21,1.49,0.5,-1.57,-0.01,0.56,0.32,1.49,-2.97,-1.63,3.43,-3.92,1.72,3.17,2.35,-4.5,-2.99,-1.69,1.58,1.2,-1.56,-1.01,-1.03,7.78,1.51,0.11,-5.09,3.17,1.82,0.81,1.4,-2.77,-2.37,-0.83,2.79,-4.34,-2.48,1.35,-2.05,-0.5,-0.03,1.07,-0.95,-0.5,1.69,-0.73,1.45,1.31,1.31,0.49,0.36,2.22,0.8,-0.78,1.92,0.27,0.61,-1.44,1.59,0.05,0.38,0.51,-1.17,1.43,-0.9,0.52,-0.92,0.39,0.23,1.07,1.9,-0.81,0.04,1.04,-0.6,0.46,0.47,1.26,1.5,-1.53,-1.86,-0.16,-0.32,1.32,0.2,0.02,-1.68,0.62,1.55,0.41,0.2,0.26,-0.77,-0.15,-0.03,1.85,0.81,1.92,0.8,-1.07,-1.2,-2.1,-0.31,1.94,2.69,-0.22,0.74,-0.46,0.27,1.79,0.93,-1.15,0.1,-0.09,1.31,3.15,-3.92,3.38,0.83,-0.58,0.31,0.67,-0.59,0,1.48,-1.04,-0.51,0.43,-0.99,-0.85,-0.27,0.06,-0.22,0.48,-1.3,0.74,-0.17,-0.04,0.78,0.59,0.57,0.35,-1.1,1.01,0.66
"15","5","        Equipment and software","A871RZ2",NA,-3.44,-2.18,-0.52,10.15,-1.2,-1.62,7.11,0.85,3.8,2.69,-1.22,-8.46,0.02,5.15,-3.5,14.65,17.24,16.03,16.95,-4.34,-0.42,0.69,1.12,4.22,5.08,-1.25,-6.17,0.64,-1.85,-8.55,-1.44,-1.06,3.02,-5.67,-3.08,2.63,-1.18,4.51,-1.52,-1.92,-1.83,1.72,-0.58,-0.7,-0.01,4.32,0.09,7.85,-2.73,2.01,-1.3,-0.98,-2.73,2.52,-1.26,4.41,-0.63,3.1,0.52,2.72,-1.99,3.02,-2.05,-2.94,-1.16,2.76,-0.71,-0.41,-1.22,0.19,0.45,-1.5,-1.46,1.37,-0.83,3.9,-2.05,4.83,1.09,1.63,-2,2.49,-1.66,-1.93,-0.57,-0.7,-1.83,3.17,-5.06,1.52,-3.2,3.02,-1.52,-1.03,0.55,-5.7,-1.15,1,-3.18,-0.85,2.87,-3.36,2.09,3.24,-0.95,-2.68,0.91,2.77,1.84,1.1,0.52,-0.68,-1.92,4.61,0.46,-0.2,-0.94,1.99,-0.25,0.17,0.21,-0.39,-0.89,0,1.22,0.54,1.93,-0.34,0.43,2.99,-1.07,1.62,-0.58,-0.74,1.54,-0.42,1.45,1,0.13,-0.48,3.03,-1,1.84,1.03,1.53,1.4,1.87,1.12,0.57,-0.4,3.89,0.15,2.44,2.4,0.13,-0.7,1.89,3.94,-0.54,-0.73,1.93,1.15,-1.09,-1.38,0.15,0.58,0.63,0.87,0.66,1.87,-1.02,1.16,0.74,0.01,0.41,-1.12,0.89,-0.4,-1.31,0.51,0.44,0.73,-0.83,-1.02,-0.32,-1.47,0.61,-1.35,0.77,1.32,-1.56,0.71,0.56,-1.05,0.22,1.31,0.81,-0.7,-1.22,-0.42,1.45,0.83,0.39,-0.12,1.59,0.89,-0.55,-0.26,2.62,0.54,0.64,-0.64,0.74,-0.24,-0.11,0.22,1.43,-0.03,0.18,0.28,1.35,0.11,-0.68,0.33,0.79,0.43,0.4,0.05,0.54,0.72,0.17,-0.25,1.04,0.77,0.42,0.6,0.47,-0.2,0.74,-0.83,0.92,0.01,0.06,0.43,1.17,0.35
"16","6","Federal","A823RZ2",NA,0.31,-0.03,-8.43,8.34,15.56,5.11,13.87,5.12,9.94,-2.4,-11.61,-10.88,5.16,-7.51,28.4,51.24,64.21,52.65,24.04,12.85,11.36,7.21,4.52,11.48,9.28,-7.75,-3.96,-14.71,-14.01,-13.03,-3.13,-6.37,-5.88,2.75,-9.29,-1.88,6.83,-4.46,8.99,4.54,-3.88,0.98,3.66,-8.74,8.09,-1.13,5.63,-4.07,5.74,4.95,-3.45,-10.58,-0.95,7.37,0.76,-0.33,2.05,6.62,4.08,8.56,0.92,7.13,-1.23,-5.57,-2.1,13.26,-6,-1.14,-1.44,-1.69,-3.09,-2.64,0.37,8.93,6.14,4.95,5.79,9,1.75,15.63,-3.16,3.48,-0.38,3.9,-1.7,-1.77,-1.33,-1.12,-3.31,0.15,-5.38,-3.96,-6.19,-2.86,-1.04,-7.29,-2.7,-0.87,-5.74,0.71,2.93,-9.78,-0.52,2.99,-2.7,-7.39,0.09,5.51,-0.33,0.85,1.31,-1.89,-1.3,4.29,0.47,-1.55,-0.3,-0.44,0.45,1.45,2.85,1,-1.64,0.6,4.19,0.58,1.48,0.22,2.13,-0.24,0.04,5.53,4.31,-2.25,0.59,3.66,5.18,-0.18,1.99,0.33,1.7,2.76,5.57,2.29,3.99,5.39,-6.48,1.52,6.03,-0.75,6.43,2.08,4.79,6.56,-0.06,-0.96,6.04,7.29,-2.79,1.17,2.68,0.32,2.89,-4.92,-1.75,-1.27,5.46,-3.58,4.07,1.73,-0.84,2.68,0.22,-1.52,1.57,1.33,0.51,-3.15,-3.3,0.09,-0.13,1.94,0.09,-5.11,-2.37,-2.35,0.41,-4.72,-0.86,3.85,-4.21,-0.3,-0.28,-1.45,-5.73,3.06,3.09,-3.57,-0.25,-1.76,3.32,-0.89,-1.05,-3.55,3.65,-1.2,1.26,-0.8,0.6,2.81,3.22,-5.04,5.5,-2.9,-0.33,2.65,3.01,0.01,2.94,1.97,4.12,1.04,3.46,0.06,6.66,0.14,1.12,2.19,0.88,2.26,-1.74,0.4,0.41,3.5,-2.76,3.59,-0.58,0.69,0.66,-1.37,2.42,2.6,-0.18,2.09,2.38,4.92
"17","7","    Consumption expenditures","A957RZ2",NA,0.47,-0.22,-10.46,-1.77,16.03,5.79,7.52,3,5.96,-8.41,-10.73,-0.76,3.27,-12.57,29.75,33.52,42.19,34.4,5.09,15.68,10.86,5.5,3.3,6.54,5.24,-5.32,2.82,-15.34,-10.54,-3.74,-0.84,-3.89,-8.07,9.5,-5.76,-4.07,6.92,-10.4,10.58,7.07,-1.58,-1.19,4.75,-9.92,8.17,-6.19,4.34,-11.43,8.57,4.07,-0.69,-9.5,1.15,4.15,1.36,-6.12,4.15,4.07,3.14,6.33,2.36,5.44,0.14,-1.51,-1.24,9.2,-2.03,-1.63,0.1,-1.83,-3.7,-0.52,1.61,7.46,6.83,0.8,8.45,4.6,1.23,14.66,-0.17,0.49,1.45,6.07,-0.76,-0.89,0.45,-3.87,1.8,-1.19,-1.72,-6.51,-4.87,-1.93,-1.79,-1.9,-1.79,-2.4,-2.22,1.97,0.29,-6.11,-2.34,-0.58,-1.36,-4.87,-0.59,3.42,-2.58,0.65,0.38,-1.41,0.81,-0.62,-0.2,-1.42,0.83,-2.19,0.54,1.06,2.35,1.3,-0.35,0.55,2.1,-0.2,0.17,1.49,1.86,-3.45,1.64,3.5,5,-1.75,-0.43,3.79,3.64,-0.64,1.53,1.36,-0.91,3.84,3.72,1.34,2.68,4,-7.83,0.8,5.47,0.06,2.73,2.22,2.15,3.96,0.24,-0.37,4.35,3.26,-1.97,1.51,0.53,-0.64,4.1,-2.34,-1.86,-1.27,5.5,-3.69,3.95,0.1,0.49,1.49,-0.39,-1.49,1.76,2.44,-0.81,-2.61,-2.47,-0.33,-0.43,1.75,0.44,-4.03,-1.81,-0.93,0.07,-2.71,-1.22,2.57,-2.92,-0.93,-0.13,-0.28,-5.57,1.3,1.77,-2.16,1.67,-0.91,2.28,-1.46,-0.42,-3.49,2.61,-2.1,2.5,-0.34,-1.52,2.64,2.66,-3.77,5.04,-2.46,0.31,2.4,1.85,0.22,2.77,1.54,2.7,0.94,3.98,-0.13,5.74,-0.25,0.99,2.22,0.29,1.61,-1.7,0.98,-0.28,2.58,-3.14,3.36,-0.84,0.8,-0.34,-0.09,1.56,2.46,-0.39,1.87,1.15,4.19
"18","8","    Gross investment","A787RZ2",NA,-0.16,0.19,2.03,10.1,-0.46,-0.68,6.35,2.12,3.98,6.02,-0.88,-10.12,1.9,5.06,-1.35,17.72,22.02,18.25,18.95,-2.83,0.51,1.71,1.22,4.95,4.04,-2.44,-6.78,0.62,-3.47,-9.29,-2.29,-2.48,2.19,-6.76,-3.53,2.19,-0.09,5.94,-1.58,-2.53,-2.3,2.17,-1.09,1.19,-0.08,5.06,1.3,7.36,-2.83,0.87,-2.76,-1.08,-2.1,3.22,-0.6,5.79,-2.1,2.54,0.94,2.22,-1.45,1.7,-1.37,-4.07,-0.86,4.06,-3.97,0.48,-1.54,0.14,0.62,-2.12,-1.24,1.47,-0.69,4.15,-2.66,4.4,0.52,0.97,-2.99,2.99,-1.83,-2.17,-0.94,-0.87,-1.78,2.75,-5.11,1.34,-3.66,2.55,-1.32,-0.93,0.75,-5.4,-0.91,1.54,-3.52,-1.25,2.64,-3.67,1.82,3.57,-1.35,-2.51,0.67,2.08,2.25,0.2,0.93,-0.48,-2.1,4.92,0.67,-0.13,-1.12,1.75,-0.09,0.4,0.5,-0.3,-1.29,0.06,2.1,0.77,1.31,-1.28,0.27,3.21,-1.6,2.03,-0.69,-0.5,1.02,-0.13,1.54,0.47,0.46,-1.03,2.61,-1.08,1.85,0.95,1.31,1.4,1.35,0.72,0.56,-0.81,3.71,-0.14,2.64,2.6,-0.3,-0.59,1.69,4.04,-0.81,-0.34,2.15,0.97,-1.21,-2.59,0.11,-0.01,-0.04,0.11,0.12,1.63,-1.33,1.19,0.61,-0.03,-0.19,-1.11,1.32,-0.54,-0.83,0.42,0.29,0.19,-0.35,-1.08,-0.56,-1.42,0.35,-2.01,0.36,1.28,-1.29,0.62,-0.15,-1.18,-0.16,1.76,1.32,-1.41,-1.93,-0.85,1.05,0.57,-0.64,-0.05,1.04,0.9,-1.24,-0.46,2.12,0.17,0.56,-1.28,0.46,-0.43,-0.64,0.26,1.16,-0.21,0.17,0.44,1.43,0.1,-0.52,0.19,0.92,0.39,0.12,-0.04,0.59,0.65,-0.05,-0.58,0.69,0.92,0.38,0.23,0.26,-0.11,1,-1.28,0.86,0.13,0.21,0.22,1.23,0.72
"19","9","      Structures","A801RZ2",NA,3.4,2.5,2.65,1.04,0.5,0.73,-0.81,1,0.74,3.69,0.57,-1.87,1.79,-0.25,1.9,3.54,4.77,2.27,1.96,1.69,0.96,1.05,0.12,0.83,-1.02,-1.16,-0.61,0.25,-1.65,-0.67,-0.8,-1.57,-0.73,-1.16,-0.59,-0.06,1.24,1.55,-0.01,-0.08,-0.29,0.58,-0.42,1.64,-0.02,0.78,1.27,-0.37,-0.04,-1.08,-1.37,0.16,0.73,0.76,0.74,1.33,-1.39,-0.52,0.44,-0.32,0.58,-1.29,0.73,-0.78,0.42,1.43,-3.15,1.11,-0.19,0.07,0.31,-0.67,0.36,0.24,0.25,0.34,-0.44,-0.29,-0.46,-0.71,-0.91,0.51,-0.18,-0.18,-0.32,-0.04,0.15,-0.34,0.06,-0.09,-0.43,-0.35,0.18,0.2,0.13,0.28,0.27,0.62,-0.21,-0.2,-0.09,-0.15,-0.16,0.49,-0.26,0.34,0.02,-0.49,0.51,-0.92,0.31,0.17,-0.19,0.3,0.18,0.01,-0.18,-0.26,0.15,0.13,0.27,0.09,-0.36,0.16,1,0.38,-0.47,-0.8,-0.02,0.35,-0.4,0.54,-0.03,0.27,-0.53,0.22,0.05,-0.51,0.41,-0.42,-0.31,0.03,0.14,0.19,0.01,0.28,-0.25,-0.09,0.29,-0.09,0.13,0.01,0.47,0.41,-0.22,0.32,-0.04,0.17,-0.2,0.44,0.32,-0.08,-0.02,-1.11,0.17,-0.31,-0.32,-0.31,-0.08,0.15,0.03,0.26,-0.04,-0.02,-0.55,-0.16,0.4,-0.14,0.58,0.06,0.03,-0.4,0.58,-0.1,-0.19,0.25,-0.1,-0.28,-0.17,0.18,0.5,0.09,-0.49,-0.03,-0.24,0.42,0.57,-0.6,-0.55,-0.04,-0.09,0.14,-0.7,0.51,-0.18,0.29,-0.35,0.14,-0.13,-0.14,0.03,-0.49,-0.01,-0.07,-0.33,0.08,-0.03,-0.03,0.15,0.08,0.03,0.05,0.08,-0.09,0.14,0.14,-0.17,-0.12,-0.03,-0.03,-0.17,-0.27,-0.16,0.3,0.16,-0.2,-0.08,0.21,0.34,-0.35,0.05,0.2,0.25,-0.11,0.11,0.32
"20","10","      Equipment and software","A872RZ2",NA,-3.56,-2.31,-0.62,9.07,-0.96,-1.4,7.15,1.12,3.24,2.33,-1.44,-8.25,0.1,5.31,-3.25,14.18,17.25,15.98,16.99,-4.53,-0.45,0.66,1.1,4.12,5.05,-1.28,-6.17,0.38,-1.82,-8.61,-1.49,-0.9,2.93,-5.6,-2.94,2.25,-1.32,4.39,-1.58,-2.45,-2.01,1.59,-0.68,-0.45,-0.06,4.28,0.03,7.73,-2.79,1.96,-1.39,-1.25,-2.83,2.46,-1.34,4.46,-0.71,3.07,0.5,2.55,-2.03,2.99,-2.11,-3.29,-1.28,2.63,-0.82,-0.62,-1.35,0.07,0.3,-1.44,-1.6,1.23,-0.94,3.81,-2.22,4.68,0.98,1.68,-2.08,2.48,-1.65,-1.98,-0.62,-0.83,-1.93,3.09,-5.16,1.43,-3.22,2.9,-1.5,-1.13,0.62,-5.68,-1.18,0.91,-3.32,-1.06,2.74,-3.52,1.98,3.08,-1.09,-2.85,0.66,2.57,1.74,1.12,0.62,-0.65,-1.92,4.62,0.49,-0.14,-0.94,2,-0.24,0.27,0.23,-0.39,-0.93,-0.1,1.1,0.4,1.78,-0.48,0.29,2.86,-1.2,1.49,-0.66,-0.77,1.54,-0.35,1.49,0.98,0.05,-0.61,2.93,-1.11,1.71,0.76,1.3,1.11,1.6,0.81,0.27,-0.72,3.57,-0.15,2.17,2.19,-0.08,-0.91,1.72,3.87,-0.61,-0.78,1.83,1.05,-1.19,-1.47,-0.06,0.3,0.29,0.41,0.2,1.49,-1.35,0.94,0.65,-0.01,0.37,-0.95,0.92,-0.4,-1.41,0.36,0.26,0.59,-0.92,-0.98,-0.36,-1.67,0.44,-1.73,0.53,1.09,-1.79,0.53,0.34,-1.15,0.08,1.34,0.75,-0.81,-1.38,-0.81,1.13,0.43,0.07,-0.57,1.22,0.61,-0.89,-0.6,2.25,0.31,0.53,-0.79,0.47,-0.37,-0.32,0.17,1.19,-0.18,0.02,0.35,1.39,0.05,-0.61,0.27,0.78,0.25,0.29,0.08,0.61,0.68,0.13,-0.32,0.85,0.63,0.22,0.42,0.33,-0.32,0.66,-0.93,0.82,-0.07,-0.04,0.33,1.12,0.41
"21","11","  National defense","A824RZ2",NA,-14.15,9.79,1.45,-0.36,-1.34,-2.52,9.41,4.61,3.44,-0.37,-10.59,-6.51,1.37,10.3,25.88,54.15,59.65,53.13,22.81,8.97,13.45,5.72,4.5,7.89,1.92,-3.2,-4.62,-16.13,-9.43,-11.76,-7.92,-1.39,-8.13,2.32,-7.18,-0.81,6,-0.62,7.09,1.27,1.7,1.81,-2.54,-2.35,2.16,-0.24,1.54,-5.58,-2.43,5.09,-2.52,-3.53,-2.99,6.23,-2.31,4.9,-1.28,5.59,3.33,7.21,-2.12,3.07,-2.19,-4.39,-1.87,6.81,-4.44,-2.52,-3.27,-0.5,-3.46,-3.59,-0.8,5.76,6.21,5.89,3.45,10.91,4.21,10.79,0.05,4.31,-1.88,4.29,-0.18,-3.37,-1.56,-1.71,-3.7,-0.24,-3.33,-4.23,-7.34,-2.34,-1.12,-6.78,-5.48,-2.85,-3.9,-1.98,2.07,-9.46,-0.25,2.41,-2.33,-7.49,0.9,3.04,1.99,-2.85,0,-0.96,-1.79,4.49,-0.18,-1.58,0,-0.18,-0.41,1.37,1.84,0.06,-3.22,0.71,2.7,0.28,0.51,0.57,2.35,-0.35,0.67,3.49,0.3,0.23,1.58,2.36,3.66,1.08,2.34,1.47,3.63,2.3,3.9,0.81,3.12,0.94,3.48,0.4,1.55,-0.58,6.15,0.99,4.22,5.92,0.68,-1.03,5.41,5.66,-3.95,2,3.32,2.08,-0.18,-1.5,-1.2,-1.38,2.92,-4.4,2.87,1.62,-1.3,0.3,-0.34,-2.14,2.37,1.15,-0.3,-3.35,-4.21,-1.91,0.07,1.62,-0.93,-4.43,-1.94,-2.09,0.72,-4.79,0.07,3.27,-5,-0.32,-0.08,-1.33,-3.16,1.75,1.98,-2.64,-0.37,-3.07,2.48,-0.39,-0.26,-4.72,2.69,1.32,-0.44,-1.26,-0.03,2.94,2.23,-5.18,3.48,-1.66,0.37,1.46,0.93,0.49,2.65,0.78,2.45,0.9,3.2,-1.02,7.46,-1.31,1.87,1.88,0.47,2.59,-2.52,0.75,0.97,2.97,-3.79,2.11,0.47,-0.23,1.69,-1.51,2.04,2.45,-0.22,1.76,1.81,4.33
"22","12","    Consumption expenditures","A997RZ2",NA,-13.99,3.16,-0.09,-4.79,-2.87,-1.4,6.28,0.45,-0.47,-1.16,-7.65,0.29,1.38,6.53,22.7,36.54,38.49,33.38,7.04,10.63,12.25,3.77,3.49,1.99,-1.67,-1.05,2.21,-17.52,-4.68,-3.75,-6.02,0.81,-10.91,8.4,-3.14,-2.74,6.92,-5.79,8.53,3.72,4.17,-0.14,-1.61,-2.48,1.9,-4.98,0.36,-13.1,0.67,3.86,0.29,-2.18,-0.04,3.22,-0.93,-0.35,0.42,3.43,2.99,5.02,-0.16,1.76,-0.07,-0.51,-0.47,3.68,-0.34,-2.5,-1.98,0.05,-3.37,-1.38,1.18,4.45,7.29,2.05,5.77,6.42,3.05,8.96,2.29,1.36,-0.03,5.96,0.44,-2.83,0.2,-4.61,1.33,-1.88,0.08,-6.97,-5.76,-1.45,-1.74,-1.5,-4.3,-4.07,-0.66,-0.49,-0.44,-5.98,-2.18,-0.67,-1.22,-5.02,0.24,0.66,0.8,-3.8,-0.39,-0.3,-0.08,-0.41,-0.47,-1.38,1.51,-2.02,-0.37,0.84,1.68,0.97,-2.17,1.13,1.21,0.26,-1.21,1.45,2.1,-3.13,1.43,2.42,1.07,0.9,0.28,2.7,1.95,0.64,1.82,2.08,1.07,3.16,2.04,0.82,1.74,-0.06,1.93,0.09,1.22,0.12,2.66,1.48,1.3,3.83,0.89,-0.31,3.52,1.6,-2.72,2.43,1.67,1.01,1.12,0.37,-1.31,-1.23,2.85,-4.33,3.09,0.01,0.16,-0.22,-0.98,-2.31,2.32,2.57,-1.13,-2.69,-2.77,-2.17,-0.4,1.46,-0.05,-3.02,-1.66,-1,-0.09,-3.14,-0.51,2.12,-3.23,-0.61,-0.08,-0.34,-3.2,0.73,1.23,-1.64,1.05,-1.86,1.95,-1.41,-0.3,-3.42,2.41,-0.24,0.68,-0.61,-1.15,2.18,2.35,-4.96,3.44,-1.72,0.64,1.5,0.33,0.17,2.55,0.74,1.56,0.38,3.61,-1.13,6.84,-1.65,1.61,1.84,0.16,1.79,-2.33,1.16,0.33,2.41,-3.67,2.16,-0.13,0.02,0.73,-0.43,1.43,2.29,-0.31,1.58,0.75,3.63
"23","13","    Gross investment","A788RZ2",NA,-0.15,6.63,1.54,4.43,1.53,-1.12,3.13,4.16,3.91,0.78,-2.94,-6.8,-0.01,3.76,3.18,17.61,21.16,19.74,15.76,-1.66,1.2,1.94,1.02,5.9,3.58,-2.15,-6.84,1.39,-4.75,-8.01,-1.89,-2.2,2.78,-6.07,-4.04,1.93,-0.92,5.17,-1.44,-2.45,-2.47,1.95,-0.93,0.13,0.26,4.74,1.18,7.53,-3.1,1.23,-2.81,-1.35,-2.95,3.01,-1.38,5.25,-1.7,2.16,0.33,2.19,-1.96,1.31,-2.13,-3.88,-1.4,3.13,-4.1,-0.02,-1.29,-0.55,-0.09,-2.21,-1.99,1.31,-1.08,3.84,-2.31,4.49,1.17,1.83,-2.24,2.95,-1.85,-1.67,-0.62,-0.54,-1.76,2.9,-5.04,1.64,-3.41,2.75,-1.57,-0.88,0.62,-5.28,-1.18,1.22,-3.25,-1.49,2.51,-3.48,1.93,3.08,-1.11,-2.47,0.66,2.38,1.19,0.94,0.39,-0.66,-1.71,4.9,0.28,-0.2,-1.51,1.84,-0.05,0.54,0.16,-0.91,-1.06,-0.42,1.5,0.03,1.71,-0.87,0.25,2.78,-0.76,1.08,-0.77,-0.68,1.3,-0.34,1.7,0.44,0.52,-0.6,2.55,-0.86,1.85,-0.01,1.38,1,1.56,0.31,0.33,-0.69,3.49,-0.49,2.92,2.09,-0.21,-0.72,1.89,4.06,-1.23,-0.43,1.65,1.06,-1.31,-1.87,0.11,-0.15,0.07,-0.07,-0.22,1.61,-1.46,0.52,0.64,0.17,0.05,-1.42,0.82,-0.66,-1.44,0.26,0.46,0.16,-0.88,-1.41,-0.28,-1.09,0.81,-1.65,0.57,1.15,-1.77,0.29,0,-0.99,0.04,1.02,0.76,-1,-1.43,-1.21,0.52,1.02,0.04,-1.3,0.28,1.57,-1.12,-0.64,1.12,0.76,-0.12,-0.22,0.04,0.06,-0.27,-0.04,0.6,0.32,0.1,0.04,0.89,0.52,-0.42,0.11,0.62,0.34,0.26,0.04,0.31,0.8,-0.19,-0.41,0.64,0.57,-0.13,-0.05,0.6,-0.24,0.96,-1.09,0.61,0.17,0.09,0.18,1.06,0.7
"24","14","      Structures","A808RZ2",NA,1.42,1.42,1.3,0.35,-0.12,0.2,-0.6,0.53,-0.53,0.08,0.56,-0.41,0.07,0.66,2.49,4.12,4.9,2.54,1.74,1.35,1.67,1.32,0.15,0.61,-0.9,-1,-0.68,0.62,-1.68,-0.59,-0.16,-1.11,-0.44,-0.95,-0.59,-0.32,0.49,0.7,0.1,-0.09,-0.41,0.33,-0.26,0.61,-0.06,0.75,1.1,-0.42,-0.35,-0.81,-1.27,-0.09,0.1,0.74,0.31,0.95,-0.77,-0.88,0.07,-0.2,0.1,-1.34,0.17,-0.39,0.1,1.3,-3.29,0.95,-0.34,0.21,-0.02,-0.59,0.1,0.27,-0.05,0.09,-0.12,0.18,-0.27,0.07,-0.37,0.28,-0.15,-0.05,-0.19,0.31,0.16,-0.11,0.13,0.01,-0.25,-0.32,-0.08,0.09,0.01,0.27,0.15,0.39,-0.03,-0.41,-0.08,-0.01,-0.09,-0.06,0.06,0.15,0.02,-0.15,0.02,-0.41,-0.11,0.08,-0.01,0.3,-0.03,-0.04,-0.48,-0.1,0.2,0.29,0.02,-0.39,-0.09,0.02,0.53,-0.23,-0.03,-0.33,-0.06,0.12,-0.06,0.29,0,0.29,-0.42,-0.06,0.25,-0.36,0.42,0.06,-0.05,0.16,0.27,0.16,0,-0.02,0.06,-0.19,0.05,0.1,0,0.1,0.47,0.07,-0.02,0.03,0.07,0.23,-0.27,0.18,0.09,-0.01,0.19,-0.36,0.24,-0.42,-0.03,-0.27,-0.15,0.04,-0.11,0.04,-0.01,0.01,-0.36,-0.2,-0.01,-0.14,0.03,0.22,0.08,-0.23,0.17,-0.25,0.03,0.14,-0.04,0.02,0.04,0.14,-0.05,0.27,-0.25,-0.08,0.03,0.11,0.38,-0.42,-0.13,-0.09,0.01,0.02,-0.12,-0.09,-0.11,0.18,-0.2,0.07,0,-0.11,-0.03,-0.07,0.15,0.05,-0.16,-0.02,-0.02,-0.11,0.07,-0.1,0.05,0.02,0.01,0.01,0.04,0.12,-0.01,0,-0.09,0.04,-0.02,-0.02,-0.05,0.14,-0.04,-0.17,-0.04,0.21,0.17,-0.24,0.02,0.16,0.21,-0.19,0.14,0.24
"25","15","      Equipment and software","A873RZ2",NA,-1.57,5.22,0.24,4.08,1.65,-1.32,3.73,3.63,4.44,0.7,-3.5,-6.39,-0.08,3.1,0.7,13.49,16.26,17.2,14.03,-3.01,-0.48,0.62,0.87,5.29,4.48,-1.15,-6.16,0.77,-3.07,-7.42,-1.73,-1.08,3.22,-5.12,-3.45,2.25,-1.41,4.47,-1.54,-2.36,-2.06,1.62,-0.67,-0.48,0.32,3.99,0.08,7.95,-2.75,2.04,-1.54,-1.27,-3.05,2.27,-1.7,4.3,-0.93,3.04,0.26,2.38,-2.05,2.65,-2.29,-3.49,-1.5,1.83,-0.81,-0.97,-0.95,-0.76,-0.07,-1.61,-2.08,1.04,-1.03,3.74,-2.2,4.32,1.43,1.77,-1.87,2.67,-1.7,-1.62,-0.43,-0.85,-1.92,3.01,-5.17,1.62,-3.16,3.06,-1.5,-0.97,0.61,-5.56,-1.33,0.83,-3.22,-1.09,2.6,-3.47,2.02,3.14,-1.17,-2.62,0.64,2.53,1.17,1.36,0.5,-0.74,-1.7,4.59,0.32,-0.16,-1.03,1.93,-0.24,0.25,0.14,-0.52,-0.97,-0.44,0.97,0.26,1.74,-0.55,0.3,2.66,-0.7,0.78,-0.77,-0.97,1.72,-0.28,1.45,0.81,0.1,-0.67,2.61,-1.02,1.58,-0.17,1.38,1.02,1.49,0.5,0.28,-0.8,3.49,-0.59,2.45,2.02,-0.19,-0.74,1.82,3.83,-0.96,-0.61,1.56,1.07,-1.5,-1.51,-0.13,0.27,0.1,0.19,-0.07,1.57,-1.35,0.48,0.65,0.16,0.4,-1.22,0.83,-0.52,-1.47,0.04,0.38,0.39,-1.05,-1.16,-0.31,-1.23,0.86,-1.67,0.54,1,-1.72,0.02,0.26,-0.91,0.01,0.91,0.37,-0.57,-1.3,-1.12,0.51,1,0.16,-1.21,0.39,1.39,-0.92,-0.71,1.12,0.86,-0.1,-0.15,-0.11,0.01,-0.11,-0.02,0.62,0.43,0.02,0.14,0.85,0.5,-0.42,0.1,0.57,0.22,0.27,0.05,0.4,0.76,-0.17,-0.38,0.69,0.43,-0.09,0.11,0.64,-0.46,0.8,-0.85,0.6,0.01,-0.11,0.36,0.92,0.46
"26","16","  Nondefense","A825RZ2",NA,14.46,-9.83,-9.88,8.7,16.9,7.63,4.46,0.5,6.49,-2.02,-1.02,-4.37,3.79,-17.8,2.52,-2.91,4.56,-0.47,1.23,3.89,-2.08,1.5,0.01,3.59,7.36,-4.55,0.66,1.42,-4.58,-1.27,4.78,-4.98,2.25,0.42,-2.11,-1.07,0.83,-3.84,1.9,3.27,-5.58,-0.83,6.2,-6.39,5.92,-0.89,4.09,1.5,8.17,-0.14,-0.94,-7.05,2.04,1.14,3.08,-5.23,3.33,1.03,0.75,1.35,3.04,4.06,0.96,-1.19,-0.23,6.45,-1.56,1.38,1.83,-1.19,0.37,0.95,1.17,3.17,-0.08,-0.94,2.34,-1.91,-2.47,4.84,-3.21,-0.84,1.49,-0.39,-1.52,1.6,0.23,0.6,0.4,0.39,-2.05,0.26,1.15,-0.53,0.08,-0.51,2.78,1.98,-1.84,2.7,0.86,-0.32,-0.27,0.58,-0.37,0.1,-0.81,2.46,-2.33,3.71,1.31,-0.93,0.49,-0.19,0.65,0.03,-0.3,-0.26,0.87,0.08,1,0.94,1.58,-0.1,1.49,0.29,0.98,-0.35,-0.22,0.11,-0.63,2.04,4.01,-2.48,-0.99,1.3,1.53,-1.26,-0.35,-1.14,-1.93,0.46,1.67,1.48,0.87,4.45,-9.96,1.12,4.49,-0.17,0.29,1.09,0.57,0.64,-0.75,0.07,0.62,1.64,1.16,-0.83,-0.64,-1.75,3.07,-3.42,-0.55,0.1,2.54,0.82,1.2,0.11,0.47,2.38,0.56,0.62,-0.8,0.18,0.82,0.2,0.91,2,-0.2,0.32,1.03,-0.68,-0.43,-0.26,-0.31,0.06,-0.93,0.58,0.79,0.02,-0.2,-0.12,-2.57,1.31,1.1,-0.93,0.12,1.31,0.85,-0.5,-0.79,1.17,0.97,-2.53,1.7,0.46,0.63,-0.13,0.99,0.14,2.02,-1.24,-0.7,1.19,2.08,-0.48,0.29,1.19,1.67,0.14,0.26,1.08,-0.8,1.46,-0.75,0.31,0.41,-0.33,0.78,-0.35,-0.56,0.53,1.03,1.48,-1.05,0.91,-1.03,0.15,0.38,0.14,0.04,0.33,0.57,0.59
"27","17","    Consumption expenditures","A542RZ2",NA,14.46,-3.38,-10.37,3.03,18.9,7.19,1.24,2.55,6.42,-7.26,-3.08,-1.05,1.88,-19.1,7.05,-3.03,3.7,1.02,-1.95,5.06,-1.39,1.73,-0.18,4.54,6.91,-4.27,0.6,2.18,-5.86,0.01,5.18,-4.7,2.84,1.11,-2.62,-1.34,0,-4.61,2.04,3.35,-5.75,-1.05,6.37,-7.45,6.26,-1.22,3.98,1.67,7.9,0.22,-0.99,-7.32,1.19,0.93,2.29,-5.77,3.73,0.64,0.15,1.31,2.53,3.67,0.21,-1,-0.76,5.52,-1.69,0.87,2.08,-1.88,-0.33,0.86,0.42,3.01,-0.46,-1.25,2.68,-1.81,-1.82,5.7,-2.46,-0.88,1.47,0.11,-1.2,1.94,0.25,0.74,0.46,0.69,-1.81,0.46,0.89,-0.48,-0.05,-0.4,2.52,1.66,-1.56,2.46,0.73,-0.13,-0.16,0.08,-0.14,0.15,-0.83,2.76,-3.38,4.44,0.77,-1.12,0.88,-0.21,0.27,-0.04,-0.69,-0.17,0.91,0.22,0.67,0.33,1.82,-0.58,0.89,-0.45,1.38,0.05,-0.24,-0.32,0.21,1.08,3.93,-2.66,-0.71,1.09,1.69,-1.29,-0.29,-0.72,-1.99,0.68,1.67,0.52,0.94,4.06,-9.76,0.71,4.26,-0.06,0.07,0.74,0.85,0.13,-0.66,-0.06,0.83,1.66,0.75,-0.92,-1.15,-1.66,2.98,-2.71,-0.55,-0.04,2.65,0.64,0.86,0.08,0.33,1.71,0.59,0.82,-0.57,-0.13,0.32,0.08,0.3,1.84,-0.03,0.29,0.5,-1.01,-0.16,0.07,0.16,0.43,-0.71,0.45,0.31,-0.32,-0.05,0.06,-2.37,0.57,0.54,-0.52,0.62,0.95,0.32,-0.05,-0.11,-0.08,0.21,-1.86,1.82,0.28,-0.37,0.46,0.3,1.2,1.6,-0.74,-0.32,0.89,1.52,0.05,0.21,0.8,1.14,0.56,0.37,1,-1.1,1.41,-0.62,0.39,0.13,-0.18,0.64,-0.17,-0.61,0.17,0.53,1.2,-0.71,0.78,-1.07,0.34,0.13,0.18,-0.08,0.29,0.4,0.56
"28","18","    Gross investment","A798RZ2",NA,-0.01,-6.44,0.49,5.68,-1.99,0.44,3.22,-2.04,0.07,5.23,2.06,-3.32,1.91,1.29,-4.53,0.11,0.86,-1.5,3.18,-1.17,-0.69,-0.23,0.2,-0.95,0.45,-0.29,0.05,-0.77,1.28,-1.28,-0.4,-0.28,-0.59,-0.68,0.52,0.26,0.83,0.77,-0.14,-0.08,0.17,0.22,-0.16,1.06,-0.34,0.32,0.11,-0.16,0.27,-0.35,0.05,0.27,0.84,0.21,0.78,0.54,-0.4,0.38,0.61,0.04,0.51,0.38,0.75,-0.18,0.54,0.93,0.13,0.5,-0.25,0.69,0.7,0.09,0.75,0.16,0.38,0.31,-0.34,-0.1,-0.65,-0.86,-0.75,0.04,0.02,-0.5,-0.32,-0.34,-0.02,-0.14,-0.07,-0.29,-0.24,-0.19,0.25,-0.05,0.13,-0.11,0.27,0.32,-0.28,0.24,0.13,-0.19,-0.11,0.5,-0.23,-0.05,0.02,-0.3,1.05,-0.74,0.54,0.18,-0.39,0.02,0.38,0.07,0.39,-0.09,-0.04,-0.14,0.34,0.61,-0.23,0.48,0.6,0.74,-0.4,-0.4,0.02,0.43,-0.84,0.96,0.09,0.18,-0.28,0.22,-0.16,0.02,-0.06,-0.42,0.06,-0.22,0,0.96,-0.07,0.39,-0.2,0.42,0.23,-0.12,0.22,0.35,-0.28,0.51,-0.09,0.13,-0.21,-0.02,0.42,0.08,0.5,-0.09,0.1,-0.72,0,0.15,-0.11,0.18,0.34,0.03,0.14,0.67,-0.03,-0.19,-0.23,0.31,0.5,0.12,0.61,0.16,-0.17,0.03,0.53,0.33,-0.27,-0.33,-0.47,-0.36,-0.22,0.13,0.48,0.34,-0.15,-0.19,-0.2,0.74,0.57,-0.41,-0.5,0.36,0.52,-0.45,-0.68,1.25,0.76,-0.67,-0.12,0.18,1,-0.59,0.69,-1.06,0.42,-0.5,-0.37,0.3,0.56,-0.53,0.07,0.4,0.53,-0.42,-0.11,0.08,0.3,0.05,-0.14,-0.08,0.28,-0.14,0.15,-0.17,0.05,0.35,0.51,0.28,-0.34,0.14,0.03,-0.19,0.25,-0.03,0.12,0.04,0.17,0.02
"29","19","      Structures","A830RZ2",NA,1.98,1.08,1.35,0.68,0.62,0.53,-0.21,0.47,1.27,3.61,0,-1.46,1.72,-0.91,-0.58,-0.57,-0.13,-0.28,0.22,0.34,-0.71,-0.27,-0.03,0.22,-0.12,-0.16,0.07,-0.37,0.03,-0.08,-0.63,-0.46,-0.29,-0.21,0.01,0.27,0.75,0.85,-0.11,0.01,0.12,0.25,-0.16,1.03,0.04,0.03,0.17,0.05,0.31,-0.28,-0.11,0.25,0.63,0.02,0.43,0.38,-0.62,0.36,0.36,-0.12,0.49,0.04,0.57,-0.39,0.32,0.13,0.14,0.15,0.15,-0.14,0.33,-0.08,0.26,-0.03,0.3,0.24,-0.32,-0.47,-0.19,-0.77,-0.54,0.23,-0.03,-0.13,-0.13,-0.35,-0.01,-0.23,-0.07,-0.11,-0.18,-0.03,0.25,0.11,0.12,0,0.12,0.24,-0.18,0.21,-0.01,-0.13,-0.06,0.55,-0.32,0.19,0,-0.34,0.48,-0.5,0.42,0.09,-0.18,-0.01,0.21,0.05,0.3,-0.16,-0.05,-0.16,0.25,0.48,-0.27,0.14,0.47,0.6,-0.44,-0.47,0.04,0.23,-0.33,0.25,-0.02,-0.02,-0.11,0.28,-0.2,-0.15,-0.01,-0.48,-0.26,-0.12,-0.13,0.03,0.02,0.3,-0.31,0.1,0.24,-0.2,0.14,-0.1,0,0.34,-0.2,0.3,-0.11,-0.06,0.06,0.26,0.24,-0.08,-0.22,-0.75,-0.07,0.11,-0.3,-0.04,0.07,0.11,0.14,0.22,-0.04,-0.03,-0.2,0.04,0.41,0,0.55,-0.16,-0.05,-0.18,0.41,0.14,-0.22,0.11,-0.06,-0.3,-0.21,0.04,0.55,-0.18,-0.23,0.05,-0.27,0.31,0.19,-0.18,-0.42,0.05,-0.09,0.12,-0.59,0.61,-0.07,0.11,-0.15,0.07,-0.12,-0.04,0.06,-0.42,-0.16,-0.12,-0.17,0.1,-0.01,0.08,0.08,0.18,-0.01,0.03,0.08,-0.1,0.09,0.02,-0.16,-0.12,0.06,-0.07,-0.15,-0.24,-0.11,0.16,0.19,-0.03,-0.04,0,0.17,-0.11,0.03,0.04,0.05,0.08,-0.03,0.08
"30","20","      Equipment and software","B880RZ2",NA,-1.99,-7.53,-0.86,4.99,-2.62,-0.08,3.42,-2.51,-1.21,1.63,2.06,-1.85,0.19,2.21,-3.95,0.69,0.99,-1.22,2.96,-1.51,0.02,0.04,0.23,-1.17,0.57,-0.13,-0.02,-0.4,1.25,-1.2,0.23,0.18,-0.3,-0.47,0.51,0,0.08,-0.08,-0.03,-0.09,0.05,-0.03,0,0.03,-0.38,0.29,-0.05,-0.22,-0.04,-0.08,0.15,0.02,0.22,0.19,0.36,0.16,0.22,0.03,0.24,0.16,0.02,0.34,0.19,0.2,0.22,0.8,-0.01,0.35,-0.4,0.83,0.37,0.17,0.49,0.19,0.08,0.06,-0.02,0.37,-0.45,-0.09,-0.21,-0.19,0.05,-0.36,-0.19,0.02,-0.01,0.08,0.01,-0.19,-0.06,-0.16,0,-0.15,0.01,-0.12,0.15,0.08,-0.1,0.03,0.14,-0.05,-0.04,-0.06,0.08,-0.23,0.02,0.04,0.57,-0.23,0.12,0.09,-0.21,0.03,0.17,0.02,0.09,0.07,0,0.02,0.09,0.13,0.04,0.34,0.13,0.14,0.04,0.07,-0.02,0.2,-0.51,0.71,0.11,0.2,-0.17,-0.06,0.04,0.17,-0.05,0.05,0.32,-0.09,0.12,0.93,-0.09,0.09,0.11,0.32,-0.01,0.08,0.08,0.45,-0.28,0.17,0.11,-0.17,-0.1,0.04,0.35,-0.17,0.27,-0.02,0.31,0.03,0.07,0.04,0.19,0.22,0.27,-0.08,0,0.45,0,-0.17,-0.04,0.27,0.08,0.12,0.06,0.32,-0.12,0.2,0.13,0.18,-0.05,-0.44,-0.41,-0.06,-0.01,0.09,-0.07,0.52,0.09,-0.23,0.07,0.43,0.38,-0.24,-0.08,0.31,0.62,-0.57,-0.09,0.64,0.83,-0.78,0.03,0.11,1.13,-0.55,0.63,-0.64,0.59,-0.38,-0.2,0.19,0.57,-0.61,0,0.22,0.54,-0.45,-0.18,0.18,0.21,0.02,0.02,0.04,0.21,-0.08,0.3,0.07,0.16,0.2,0.31,0.31,-0.3,0.14,-0.14,-0.09,0.22,-0.08,0.07,-0.03,0.2,-0.05
"31","21","State and local","A829RZ2",NA,2.12,3.77,2.6,-0.25,5.07,3,4.22,6.59,9.52,6.6,3.16,4.31,1.5,0.14,0.09,-1.51,3.21,0.8,-0.2,0.42,2.75,-3.09,2.88,2.63,-0.18,3.04,2.83,4.3,0.53,3.74,0.65,5.92,1.9,-0.24,0.88,1.56,1.91,0.73,1.64,4.04,1.3,2.18,3.88,4.25,2.38,3.56,3.14,1.49,0.52,0.18,-0.82,2.85,4.23,2.67,2,5.66,-1.14,1.52,4.94,-1.2,1.25,2.24,1.84,3.18,1.58,5,2.42,2.59,4.07,1.95,1.91,1.74,4.84,5.62,2.81,2.38,1.49,2.25,4.88,2.47,1.01,0.73,3.16,3.23,3.53,2.64,1.59,1.55,1.61,0.41,-0.4,1.83,1.12,4.64,1.07,0.97,1.45,0.55,2.78,0.76,-0.46,1.78,3.05,0.97,0.38,2.36,2.85,3.17,3.02,-0.26,0.12,6.84,-1.73,2.97,2.96,2.5,-4.01,-1.65,-0.76,2.23,1.36,-0.27,0.37,0.05,7.05,2.64,2.2,-3.74,2.17,0.81,2.59,1.07,-3.06,-3.16,-0.98,1.77,-4.32,-0.73,1.75,-0.75,0.68,0.01,1.53,0.77,-0.54,1.74,-0.13,2.54,2.86,3.74,2.46,2.55,4.53,4.24,2.46,5.36,2.73,2.13,0.58,-0.13,0.13,0.38,2.7,2.62,2.66,0.74,2.52,1.1,2.26,2.05,2.98,3.66,0.45,1.5,2.54,0.28,0.88,1.33,1.7,3.06,-0.28,0.2,0,0.98,1.97,1.21,1.07,0.72,2.61,2.86,0.85,1.96,1.92,0.16,1.27,-0.6,3.66,2.24,3.91,2.35,0.94,0.97,0.9,1.38,4.7,4.88,2.48,3.51,1.85,2.25,3.35,2.07,0.05,0.84,1.63,2.67,4.84,-1.56,5.56,2.36,0.64,1.24,1.33,-1.43,-0.51,1.33,-0.38,-0.64,0.46,-0.69,-0.06,-0.61,0.51,-0.06,1.03,0.3,1.82,1.02,0.93,2.26,1.52,1.24,0.99,-0.16,1.56,0.87
"32","22","  Consumption expenditures","A991RZ2",NA,2.17,2.37,0.73,-1.96,0.63,0.31,1.84,4.04,3.22,3.07,2.45,3.37,0.19,-0.51,-0.22,-0.69,0.25,0.72,0.54,-0.91,3.27,-2.34,1.29,1.7,-0.24,1.74,-0.06,1.23,0.57,1.93,0.78,3.28,0.71,0.93,1,-0.05,1.68,1.37,1.54,0.53,1.49,2.16,1.92,2.21,2.41,1.79,1.28,0.57,0.86,1.35,1.46,1.8,2.66,0.87,1.78,2.66,1.84,-0.19,1.17,0.22,1.49,1.2,1.35,1.06,1.7,2.4,1.7,2.28,1.94,1.73,2.22,1.67,2.68,2.51,2.06,1.87,1.74,1.96,2.31,0.22,1.38,2.31,1.87,2.52,1.6,2.33,2.01,2.24,2.04,2.07,2.41,2.26,1.75,2.54,2.21,1.87,1.5,1.88,1.98,1.17,1.6,1.7,1.29,0.8,1.55,2.54,2.05,2.17,1.93,1.82,2.15,3.61,2.02,1.56,0.01,0.22,0.32,1.1,1.09,0.88,0.45,1.37,0.98,1.14,0.14,1.36,1.47,0.42,-1.16,-0.79,1.25,0.08,-0.39,-0.55,-0.67,-0.72,0.11,1.22,0.74,0.76,0.76,-0.05,0.47,1.64,-0.26,0.05,0.08,0.7,1.53,2.02,1.78,1.91,2.51,3.64,2.81,3.55,2.26,1.63,1.76,-1.34,0.3,-0.18,2.07,2.58,1.18,1.05,1.34,1.26,1.33,1.59,1.6,1.8,1.13,1.43,0.91,0.89,0.85,0.72,0.92,1.48,1.11,1.52,0.64,1.24,0.42,1.06,0.79,1.74,1.58,1.27,0.71,1.66,0.95,0.8,1.04,-0.12,2.33,0.73,1.28,1.12,1.6,1.91,1.98,1.76,2.22,2.19,2.01,2.57,1.81,1.62,1.49,0.51,0.93,0.55,1.18,1.4,1.42,2.18,2.18,1.68,1.3,0.92,0.81,-0.98,-0.38,-0.2,0.38,-0.22,0.08,0.23,0.58,-0.68,0.1,0.32,0.5,1.22,0.87,1.28,1.23,1.03,0.87,0.79,0.8,0.73,0.61,0.58
"33","23","  Gross investment","A799RZ2",NA,-0.05,1.4,1.87,1.72,4.44,2.69,2.38,2.54,6.3,3.53,0.72,0.94,1.31,0.65,0.31,-0.82,2.97,0.08,-0.74,1.33,-0.52,-0.75,1.59,0.92,0.06,1.3,2.88,3.07,-0.03,1.81,-0.13,2.64,1.2,-1.17,-0.12,1.6,0.24,-0.64,0.1,3.5,-0.19,0.02,1.96,2.04,-0.03,1.77,1.86,0.92,-0.34,-1.17,-2.28,1.06,1.57,1.8,0.22,3.01,-2.99,1.71,3.78,-1.42,-0.24,1.04,0.49,2.12,-0.12,2.59,0.72,0.31,2.13,0.23,-0.31,0.07,2.16,3.11,0.75,0.51,-0.24,0.29,2.57,2.26,-0.37,-1.57,1.29,0.71,1.93,0.31,-0.42,-0.69,-0.43,-1.66,-2.82,-0.43,-0.63,2.11,-1.14,-0.9,-0.06,-1.34,0.79,-0.41,-2.06,0.09,1.77,0.17,-1.17,-0.18,0.79,1,1.09,-2.08,-2.04,3.22,-3.75,1.42,2.96,2.28,-4.32,-2.75,-1.85,1.36,0.91,-1.64,-0.61,-1.09,6.9,1.27,0.73,-4.16,3.33,1.6,1.35,0.99,-2.67,-2.61,-0.31,2.49,-4.43,-1.95,1.02,-1.5,-0.08,0.05,1.06,-0.87,-0.28,1.69,-0.21,1.84,1.32,1.71,0.67,0.64,2.02,0.6,-0.35,1.81,0.47,0.51,-1.18,1.21,-0.17,0.56,0.63,0.04,1.48,-0.3,1.19,-0.16,0.93,0.46,1.38,1.87,-0.67,0.07,1.63,-0.61,0.03,0.61,0.78,1.58,-1.39,-1.32,-0.64,-0.26,1.55,0.15,0.28,-1.02,1.03,1.59,0.14,0.29,0.97,-0.64,0.23,-0.48,1.34,1.52,2.63,1.23,-0.66,-0.94,-1.08,-0.38,2.49,2.69,0.47,0.93,0.04,0.64,1.86,1.56,-0.87,0.28,0.45,1.27,3.42,-3.74,3.38,0.68,-0.66,0.32,0.51,-0.45,-0.13,1.53,-0.76,-0.42,0.38,-0.92,-0.64,0.06,0.41,-0.37,0.52,-0.92,0.95,-0.26,-0.3,1.23,0.65,0.44,0.19,-0.89,0.95,0.29
"34","24","    Structures","A842RZ2",NA,-0.17,1.26,1.77,0.63,4.68,2.91,2.41,2.81,5.74,3.17,0.49,1.16,1.39,0.81,0.55,-1.29,2.98,0.03,-0.7,1.14,-0.56,-0.78,1.56,0.82,0.03,1.27,2.88,2.8,0,1.76,-0.18,2.8,1.1,-1.1,0.02,1.22,0.09,-0.76,0.05,2.98,-0.37,-0.1,1.86,2.29,-0.08,1.74,1.79,0.81,-0.4,-1.22,-2.36,0.79,1.47,1.74,0.15,3.06,-3.07,1.68,3.76,-1.6,-0.29,1,0.44,1.78,-0.24,2.46,0.61,0.1,2,0.11,-0.45,0.13,2.02,2.97,0.63,0.42,-0.41,0.15,2.45,2.31,-0.45,-1.58,1.3,0.66,1.87,0.17,-0.52,-0.77,-0.54,-1.74,-2.84,-0.54,-0.6,2,-1.07,-0.88,-0.09,-1.42,0.66,-0.62,-2.19,-0.07,1.65,0.01,-1.31,-0.35,0.54,0.81,0.98,-2.06,-1.93,3.26,-3.74,1.42,2.99,2.34,-4.32,-2.74,-1.84,1.46,0.93,-1.65,-0.64,-1.19,6.78,1.13,0.58,-4.29,3.19,1.47,1.21,0.86,-2.75,-2.64,-0.31,2.57,-4.4,-1.97,0.94,-1.63,-0.19,-0.06,0.93,-1.13,-0.51,1.4,-0.48,1.54,1.02,1.4,0.36,0.35,1.75,0.39,-0.56,1.6,0.3,0.44,-1.24,1.16,-0.28,0.46,0.53,-0.05,1.26,-0.59,0.84,-0.62,0.47,0.08,1.04,1.65,-0.76,0.05,1.59,-0.44,0.06,0.61,0.68,1.44,-1.56,-1.46,-0.74,-0.22,1.51,-0.05,0.12,-1.4,0.79,1.36,-0.09,0.11,0.75,-0.74,0.09,-0.45,1.28,1.41,2.47,0.84,-0.98,-1.34,-1.4,-0.83,2.11,2.4,0.13,0.59,-0.33,0.41,1.76,1.42,-1.14,0.16,0.24,1.22,3.18,-3.88,3.23,0.75,-0.62,0.26,0.58,-0.5,-0.14,1.34,-0.87,-0.39,0.45,-0.96,-0.68,0,0.22,-0.52,0.32,-1.1,0.82,-0.37,-0.38,1.12,0.54,0.37,0.09,-0.99,0.9,0.35
"35","25","    Equipment and software","B881RZ2",NA,0.12,0.14,0.1,1.08,-0.24,-0.22,-0.04,-0.27,0.57,0.36,0.22,-0.22,-0.08,-0.16,-0.24,0.47,-0.02,0.05,-0.04,0.19,0.04,0.03,0.02,0.1,0.03,0.03,0.01,0.27,-0.03,0.06,0.05,-0.16,0.09,-0.07,-0.14,0.38,0.14,0.12,0.05,0.52,0.18,0.12,0.1,-0.25,0.05,0.04,0.06,0.11,0.06,0.05,0.09,0.27,0.1,0.06,0.08,-0.05,0.08,0.04,0.02,0.18,0.04,0.04,0.05,0.35,0.12,0.14,0.11,0.21,0.13,0.12,0.14,-0.05,0.14,0.14,0.12,0.09,0.17,0.14,0.12,-0.05,0.08,0.01,-0.01,0.05,0.05,0.13,0.1,0.08,0.1,0.09,0.02,0.12,-0.03,0.1,-0.07,-0.02,0.03,0.09,0.13,0.21,0.13,0.16,0.12,0.16,0.14,0.17,0.26,0.2,0.1,-0.03,-0.1,-0.03,-0.01,-0.01,-0.03,-0.06,0,-0.02,-0.01,-0.1,-0.02,0.01,0.04,0.1,0.12,0.14,0.15,0.13,0.14,0.13,0.14,0.13,0.08,0.03,0,-0.08,-0.03,0.02,0.08,0.13,0.1,0.11,0.13,0.27,0.24,0.28,0.27,0.3,0.3,0.31,0.32,0.3,0.27,0.21,0.21,0.21,0.16,0.07,0.07,0.05,0.11,0.1,0.1,0.09,0.22,0.28,0.34,0.45,0.46,0.38,0.34,0.22,0.09,0.02,0.04,-0.17,-0.03,0,0.1,0.15,0.18,0.14,0.1,-0.04,0.04,0.2,0.16,0.38,0.24,0.22,0.23,0.18,0.22,0.1,0.14,-0.03,0.06,0.11,0.16,0.39,0.32,0.4,0.32,0.45,0.37,0.29,0.34,0.34,0.37,0.23,0.11,0.15,0.27,0.12,0.21,0.05,0.24,0.14,0.16,-0.07,-0.04,0.06,-0.07,0.06,0.01,0.19,0.11,-0.03,-0.08,0.04,0.04,0.06,0.19,0.14,0.2,0.18,0.13,0.12,0.08,0.11,0.1,0.07,0.1,0.1,0.05,-0.05
"36",NA,NA,NA,NA,NA,NA,NA,NA,NA,NA,NA,NA,NA,NA,NA,NA,NA,NA,NA,NA,NA,NA,NA,NA,NA,NA,NA,NA,NA,NA,NA,NA,NA,NA,NA,NA,NA,NA,NA,NA,NA,NA,NA,NA,NA,NA,NA,NA,NA,NA,NA,NA,NA,NA,NA,NA,NA,NA,NA,NA,NA,NA,NA,NA,NA,NA,NA,NA,NA,NA,NA,NA,NA,NA,NA,NA,NA,NA,NA,NA,NA,NA,NA,NA,NA,NA,NA,NA,NA,NA,NA,NA,NA,NA,NA,NA,NA,NA,NA,NA,NA,NA,NA,NA,NA,NA,NA,NA,NA,NA,NA,NA,NA,NA,NA,NA,NA,NA,NA,NA,NA,NA,NA,NA,NA,NA,NA,NA,NA,NA,NA,NA,NA,NA,NA,NA,NA,NA,NA,NA,NA,NA,NA,NA,NA,NA,NA,NA,NA,NA,NA,NA,NA,NA,NA,NA,NA,NA,NA,NA,NA,NA,NA,NA,NA,NA,NA,NA,NA,NA,NA,NA,NA,NA,NA,NA,NA,NA,NA,NA,NA,NA,NA,NA,NA,NA,NA,NA,NA,NA,NA,NA,NA,NA,NA,NA,NA,NA,NA,NA,NA,NA,NA,NA,NA,NA,NA,NA,NA,NA,NA,NA,NA,NA,NA,NA,NA,NA,NA,NA,NA,NA,NA,NA,NA,NA,NA,NA,NA,NA,NA,NA,NA,NA,NA,NA,NA,NA,NA,NA,NA,NA,NA,NA,NA,NA,NA,NA,NA,NA
"37","1. Government consumption expenditures are services (such as education and national defense) produced by government that",NA,NA,NA,NA,NA,NA,NA,NA,NA,NA,NA,NA,NA,NA,NA,NA,NA,NA,NA,NA,NA,NA,NA,NA,NA,NA,NA,NA,NA,NA,NA,NA,NA,NA,NA,NA,NA,NA,NA,NA,NA,NA,NA,NA,NA,NA,NA,NA,NA,NA,NA,NA,NA,NA,NA,NA,NA,NA,NA,NA,NA,NA,NA,NA,NA,NA,NA,NA,NA,NA,NA,NA,NA,NA,NA,NA,NA,NA,NA,NA,NA,NA,NA,NA,NA,NA,NA,NA,NA,NA,NA,NA,NA,NA,NA,NA,NA,NA,NA,NA,NA,NA,NA,NA,NA,NA,NA,NA,NA,NA,NA,NA,NA,NA,NA,NA,NA,NA,NA,NA,NA,NA,NA,NA,NA,NA,NA,NA,NA,NA,NA,NA,NA,NA,NA,NA,NA,NA,NA,NA,NA,NA,NA,NA,NA,NA,NA,NA,NA,NA,NA,NA,NA,NA,NA,NA,NA,NA,NA,NA,NA,NA,NA,NA,NA,NA,NA,NA,NA,NA,NA,NA,NA,NA,NA,NA,NA,NA,NA,NA,NA,NA,NA,NA,NA,NA,NA,NA,NA,NA,NA,NA,NA,NA,NA,NA,NA,NA,NA,NA,NA,NA,NA,NA,NA,NA,NA,NA,NA,NA,NA,NA,NA,NA,NA,NA,NA,NA,NA,NA,NA,NA,NA,NA,NA,NA,NA,NA,NA,NA,NA,NA,NA,NA,NA,NA,NA,NA,NA,NA,NA,NA,NA,NA,NA,NA,NA,NA,NA
"38","are valued at their cost of production.  Excludes government sales to other sectors and government own-account investment",NA,NA,NA,NA,NA,NA,NA,NA,NA,NA,NA,NA,NA,NA,NA,NA,NA,NA,NA,NA,NA,NA,NA,NA,NA,NA,NA,NA,NA,NA,NA,NA,NA,NA,NA,NA,NA,NA,NA,NA,NA,NA,NA,NA,NA,NA,NA,NA,NA,NA,NA,NA,NA,NA,NA,NA,NA,NA,NA,NA,NA,NA,NA,NA,NA,NA,NA,NA,NA,NA,NA,NA,NA,NA,NA,NA,NA,NA,NA,NA,NA,NA,NA,NA,NA,NA,NA,NA,NA,NA,NA,NA,NA,NA,NA,NA,NA,NA,NA,NA,NA,NA,NA,NA,NA,NA,NA,NA,NA,NA,NA,NA,NA,NA,NA,NA,NA,NA,NA,NA,NA,NA,NA,NA,NA,NA,NA,NA,NA,NA,NA,NA,NA,NA,NA,NA,NA,NA,NA,NA,NA,NA,NA,NA,NA,NA,NA,NA,NA,NA,NA,NA,NA,NA,NA,NA,NA,NA,NA,NA,NA,NA,NA,NA,NA,NA,NA,NA,NA,NA,NA,NA,NA,NA,NA,NA,NA,NA,NA,NA,NA,NA,NA,NA,NA,NA,NA,NA,NA,NA,NA,NA,NA,NA,NA,NA,NA,NA,NA,NA,NA,NA,NA,NA,NA,NA,NA,NA,NA,NA,NA,NA,NA,NA,NA,NA,NA,NA,NA,NA,NA,NA,NA,NA,NA,NA,NA,NA,NA,NA,NA,NA,NA,NA,NA,NA,NA,NA,NA,NA,NA,NA,NA,NA,NA,NA,NA,NA,NA
"39","(construction and software).",NA,NA,NA,NA,NA,NA,NA,NA,NA,NA,NA,NA,NA,NA,NA,NA,NA,NA,NA,NA,NA,NA,NA,NA,NA,NA,NA,NA,NA,NA,NA,NA,NA,NA,NA,NA,NA,NA,NA,NA,NA,NA,NA,NA,NA,NA,NA,NA,NA,NA,NA,NA,NA,NA,NA,NA,NA,NA,NA,NA,NA,NA,NA,NA,NA,NA,NA,NA,NA,NA,NA,NA,NA,NA,NA,NA,NA,NA,NA,NA,NA,NA,NA,NA,NA,NA,NA,NA,NA,NA,NA,NA,NA,NA,NA,NA,NA,NA,NA,NA,NA,NA,NA,NA,NA,NA,NA,NA,NA,NA,NA,NA,NA,NA,NA,NA,NA,NA,NA,NA,NA,NA,NA,NA,NA,NA,NA,NA,NA,NA,NA,NA,NA,NA,NA,NA,NA,NA,NA,NA,NA,NA,NA,NA,NA,NA,NA,NA,NA,NA,NA,NA,NA,NA,NA,NA,NA,NA,NA,NA,NA,NA,NA,NA,NA,NA,NA,NA,NA,NA,NA,NA,NA,NA,NA,NA,NA,NA,NA,NA,NA,NA,NA,NA,NA,NA,NA,NA,NA,NA,NA,NA,NA,NA,NA,NA,NA,NA,NA,NA,NA,NA,NA,NA,NA,NA,NA,NA,NA,NA,NA,NA,NA,NA,NA,NA,NA,NA,NA,NA,NA,NA,NA,NA,NA,NA,NA,NA,NA,NA,NA,NA,NA,NA,NA,NA,NA,NA,NA,NA,NA,NA,NA,NA,NA,NA,NA,NA,NA
"40","2. Gross government investment consists of general government and government enterprise expenditures for fixed assets; inventory",NA,NA,NA,NA,NA,NA,NA,NA,NA,NA,NA,NA,NA,NA,NA,NA,NA,NA,NA,NA,NA,NA,NA,NA,NA,NA,NA,NA,NA,NA,NA,NA,NA,NA,NA,NA,NA,NA,NA,NA,NA,NA,NA,NA,NA,NA,NA,NA,NA,NA,NA,NA,NA,NA,NA,NA,NA,NA,NA,NA,NA,NA,NA,NA,NA,NA,NA,NA,NA,NA,NA,NA,NA,NA,NA,NA,NA,NA,NA,NA,NA,NA,NA,NA,NA,NA,NA,NA,NA,NA,NA,NA,NA,NA,NA,NA,NA,NA,NA,NA,NA,NA,NA,NA,NA,NA,NA,NA,NA,NA,NA,NA,NA,NA,NA,NA,NA,NA,NA,NA,NA,NA,NA,NA,NA,NA,NA,NA,NA,NA,NA,NA,NA,NA,NA,NA,NA,NA,NA,NA,NA,NA,NA,NA,NA,NA,NA,NA,NA,NA,NA,NA,NA,NA,NA,NA,NA,NA,NA,NA,NA,NA,NA,NA,NA,NA,NA,NA,NA,NA,NA,NA,NA,NA,NA,NA,NA,NA,NA,NA,NA,NA,NA,NA,NA,NA,NA,NA,NA,NA,NA,NA,NA,NA,NA,NA,NA,NA,NA,NA,NA,NA,NA,NA,NA,NA,NA,NA,NA,NA,NA,NA,NA,NA,NA,NA,NA,NA,NA,NA,NA,NA,NA,NA,NA,NA,NA,NA,NA,NA,NA,NA,NA,NA,NA,NA,NA,NA,NA,NA,NA,NA,NA,NA,NA,NA,NA,NA,NA
"41","investment is included in government consumption expenditures.",NA,NA,NA,NA,NA,NA,NA,NA,NA,NA,NA,NA,NA,NA,NA,NA,NA,NA,NA,NA,NA,NA,NA,NA,NA,NA,NA,NA,NA,NA,NA,NA,NA,NA,NA,NA,NA,NA,NA,NA,NA,NA,NA,NA,NA,NA,NA,NA,NA,NA,NA,NA,NA,NA,NA,NA,NA,NA,NA,NA,NA,NA,NA,NA,NA,NA,NA,NA,NA,NA,NA,NA,NA,NA,NA,NA,NA,NA,NA,NA,NA,NA,NA,NA,NA,NA,NA,NA,NA,NA,NA,NA,NA,NA,NA,NA,NA,NA,NA,NA,NA,NA,NA,NA,NA,NA,NA,NA,NA,NA,NA,NA,NA,NA,NA,NA,NA,NA,NA,NA,NA,NA,NA,NA,NA,NA,NA,NA,NA,NA,NA,NA,NA,NA,NA,NA,NA,NA,NA,NA,NA,NA,NA,NA,NA,NA,NA,NA,NA,NA,NA,NA,NA,NA,NA,NA,NA,NA,NA,NA,NA,NA,NA,NA,NA,NA,NA,NA,NA,NA,NA,NA,NA,NA,NA,NA,NA,NA,NA,NA,NA,NA,NA,NA,NA,NA,NA,NA,NA,NA,NA,NA,NA,NA,NA,NA,NA,NA,NA,NA,NA,NA,NA,NA,NA,NA,NA,NA,NA,NA,NA,NA,NA,NA,NA,NA,NA,NA,NA,NA,NA,NA,NA,NA,NA,NA,NA,NA,NA,NA,NA,NA,NA,NA,NA,NA,NA,NA,NA,NA,NA,NA,NA,NA,NA,NA,NA,NA,NA
