"","Table 5#4#5A# Private Fixed Investment in Structures by Type    ","F2","F3","F4","F5","F6","F7","F8","F9","F10","F11","F12","F13","F14","F15","F16","F17","F18","F19","F20","F21","F22","F23","F24","F25","F26","F27","F28","F29","F30","F31","F32","F33","F34","F35","F36","F37","F38","F39","F40","F41","F42","F43","F44","F45","F46","F47","F48","F49","F50","F51","F52","F53","F54","F55","F56","F57","F58","F59","F60","F61","F62","F63","F64","F65","F66","F67","F68","F69","F70","F71","F72"
"1","[Billions of dollars]                                                                                                                                                                                                                                     ",NA,NA,NA,NA,NA,NA,NA,NA,NA,NA,NA,NA,NA,NA,NA,NA,NA,NA,NA,NA,NA,NA,NA,NA,NA,NA,NA,NA,NA,NA,NA,NA,NA,NA,NA,NA,NA,NA,NA,NA,NA,NA,NA,NA,NA,NA,NA,NA,NA,NA,NA,NA,NA,NA,NA,NA,NA,NA,NA,NA,NA,NA,NA,NA,NA,NA,NA,NA,NA,NA,NA
"2","Annual data from 1929 To 1997",NA,NA,NA,NA,NA,NA,NA,NA,NA,NA,NA,NA,NA,NA,NA,NA,NA,NA,NA,NA,NA,NA,NA,NA,NA,NA,NA,NA,NA,NA,NA,NA,NA,NA,NA,NA,NA,NA,NA,NA,NA,NA,NA,NA,NA,NA,NA,NA,NA,NA,NA,NA,NA,NA,NA,NA,NA,NA,NA,NA,NA,NA,NA,NA,NA,NA,NA,NA,NA,NA,NA
"3","Bureau of Economic Analysis",NA,NA,NA,NA,NA,NA,NA,NA,NA,NA,NA,NA,NA,NA,NA,NA,NA,NA,NA,NA,NA,NA,NA,NA,NA,NA,NA,NA,NA,NA,NA,NA,NA,NA,NA,NA,NA,NA,NA,NA,NA,NA,NA,NA,NA,NA,NA,NA,NA,NA,NA,NA,NA,NA,NA,NA,NA,NA,NA,NA,NA,NA,NA,NA,NA,NA,NA,NA,NA,NA,NA
"4","Data published December 16, 2003 ",NA,NA,NA,NA,NA,NA,NA,NA,NA,NA,NA,NA,NA,NA,NA,NA,NA,NA,NA,NA,NA,NA,NA,NA,NA,NA,NA,NA,NA,NA,NA,NA,NA,NA,NA,NA,NA,NA,NA,NA,NA,NA,NA,NA,NA,NA,NA,NA,NA,NA,NA,NA,NA,NA,NA,NA,NA,NA,NA,NA,NA,NA,NA,NA,NA,NA,NA,NA,NA,NA,NA
"5","File created 4/26/2007 8:58:47 AM",NA,NA,NA,NA,NA,NA,NA,NA,NA,NA,NA,NA,NA,NA,NA,NA,NA,NA,NA,NA,NA,NA,NA,NA,NA,NA,NA,NA,NA,NA,NA,NA,NA,NA,NA,NA,NA,NA,NA,NA,NA,NA,NA,NA,NA,NA,NA,NA,NA,NA,NA,NA,NA,NA,NA,NA,NA,NA,NA,NA,NA,NA,NA,NA,NA,NA,NA,NA,NA,NA,NA
"6",NA,NA,NA,NA,NA,NA,NA,NA,NA,NA,NA,NA,NA,NA,NA,NA,NA,NA,NA,NA,NA,NA,NA,NA,NA,NA,NA,NA,NA,NA,NA,NA,NA,NA,NA,NA,NA,NA,NA,NA,NA,NA,NA,NA,NA,NA,NA,NA,NA,NA,NA,NA,NA,NA,NA,NA,NA,NA,NA,NA,NA,NA,NA,NA,NA,NA,NA,NA,NA,NA,NA,NA
"7","Line",NA,NA,1929,1930,1931,1932,1933,1934,1935,1936,1937,1938,1939,1940,1941,1942,1943,1944,1945,1946,1947,1948,1949,1950,1951,1952,1953,1954,1955,1956,1957,1958,1959,1960,1961,1962,1963,1964,1965,1966,1967,1968,1969,1970,1971,1972,1973,1974,1975,1976,1977,1978,1979,1980,1981,1982,1983,1984,1985,1986,1987,1988,1989,1990,1991,1992,1993,1994,1995,1996,1997
"8","1","    Private fixed investment in structures","A349RC1",9.4,6.7,4.3,2.1,1.7,2.1,2.7,3.5,4.7,4.2,5.2,6,7.2,4.4,3.2,3.7,5,15,19.9,24.8,23.5,30.1,30,30.4,32.6,34.6,39.7,41.3,40.7,39.5,45.7,45.3,45.6,49.2,52.7,57.4,61.9,62.9,63.2,71.4,79.3,80.5,97.2,115.3,128.6,125.3,122.2,146.3,182.5,222.4,255.5,256,286.3,279.6,303,353.3,377.6,391.1,402.1,416,427.1,420.9,383,403,437,482.4,503.8,552.4,593.2
"9","2","Nonresidential","B009RC1",5.5,4.4,2.6,1.4,1.1,1.2,1.4,1.9,2.7,2.1,2.2,2.6,3.3,2.2,1.8,2.4,3.3,7.4,8.1,9.5,9.2,10,12,12.2,13.6,13.9,15.2,18.2,19,17.6,18.1,19.6,19.7,20.8,21.2,23.7,28.3,31.3,31.5,33.6,37.7,40.3,42.7,47.2,55,61.2,61.4,65.9,74.6,93.6,117.7,136.2,167.3,177.6,154.3,177.4,194.5,176.5,174.2,182.8,193.7,202.9,183.6,172.6,177.2,186.8,207.3,224.6,250.3
"10","3","  Commercial and health care","W001RC1",1.2,1,0.5,0.3,0.1,0.2,0.2,0.3,0.4,0.3,0.3,0.4,0.5,0.2,0,0.1,0.2,1.2,1.1,1.5,1.4,1.8,1.9,1.6,2.1,2.6,3.4,4.2,4.1,4.2,4.6,4.8,5.5,6.2,6.1,6.8,8.2,8.3,8.2,9.4,11.7,12.5,14.9,17.6,19.8,20.6,17.7,18.1,20.3,25.3,33.5,41,48.3,55.8,55.8,70.6,84.1,80.9,80.8,86.3,88.3,87.5,68.9,64.5,69.4,75.4,83.1,91.5,104.3
"11","4","    Commercial, including office","C308RC1",1.1,0.9,0.5,0.2,0.1,0.2,0.2,0.3,0.4,0.3,0.3,0.3,0.4,0.2,0,0.1,0.2,1.2,1,1.4,1.2,1.4,1.5,1.2,1.8,2.2,3.1,3.9,3.6,3.6,4,4.2,4.7,5.2,5.1,5.5,6.8,6.8,6.9,7.8,9.5,9.9,11.8,14.1,16.3,17,13.9,14,16.2,21.1,28.9,35.6,41.6,46.6,45.5,60.4,74.9,71.7,70.9,74.7,76.5,74.5,56.7,51.7,55.4,61.7,70.5,78.4,89.2
"12","5","      Office, including medical buildings \1\","B346RC1",NA,NA,NA,NA,NA,NA,NA,NA,NA,NA,NA,NA,NA,NA,NA,NA,NA,NA,NA,NA,NA,NA,NA,NA,NA,NA,NA,NA,NA,NA,NA,NA,NA,NA,NA,NA,NA,NA,NA,NA,NA,NA,NA,5.7,6.5,6.8,5.7,5.6,6.3,8.1,11.8,16.7,22.1,29.3,26.9,33.6,41.1,37.5,34.7,36.6,36.9,35.1,28.1,23.6,24.3,25.8,29.8,32.4,39.9
"13","6","      Commercial \2\","B347RC1",NA,NA,NA,NA,NA,NA,NA,NA,NA,NA,NA,NA,NA,NA,NA,NA,NA,NA,NA,NA,NA,NA,NA,NA,NA,NA,NA,NA,NA,NA,NA,NA,NA,NA,NA,NA,NA,NA,NA,NA,NA,NA,NA,8.4,9.7,10.2,8.2,8.4,10,13,17.1,18.8,19.6,17.3,18.6,26.8,33.8,34.2,36.2,38.1,39.6,39.4,28.6,28.1,31.1,35.9,40.7,45.9,49.3
"14","7","    Hospitals and special care","C311RC1",0.1,0.1,0.1,0,0,0,0,0,0,0,0,0,0,0,0,0,0,0.1,0.1,0.1,0.2,0.3,0.4,0.4,0.3,0.3,0.3,0.3,0.5,0.6,0.6,0.6,0.8,1,1,1.3,1.4,1.4,1.3,1.6,2.2,2.6,3.1,3.5,3.6,3.7,3.8,4.1,4.1,4.3,4.6,5.4,6.6,9.2,10.4,10.2,9.3,9.1,9.9,11.6,11.8,13,12.2,12.8,13.9,13.7,12.5,13.1,15.1
"15","8","  Manufacturing","C307RC1",0.9,0.5,0.2,0.1,0.2,0.2,0.2,0.3,0.5,0.2,0.3,0.4,0.8,0.3,0.2,0.2,0.6,1.7,1.7,1.4,1,1.1,2.1,2.3,2.2,2,2.3,3.2,3.6,2.4,2.1,2.9,2.8,2.8,2.9,3.6,5.1,6.6,6,6,6.8,7,6.3,5.9,7.9,10,10.6,10.1,11.1,16.2,22,20.5,25.4,26.1,19.5,20.9,24.1,21,21.2,23.2,28.8,33.6,31.4,29,23.6,28.9,35.5,38.2,37.6
"16","9","  Power and communication","W003RC1",1.1,1,0.7,0.3,0.2,0.2,0.2,0.4,0.5,0.5,0.5,0.6,0.7,0.6,0.4,0.5,0.6,1,1.8,2.4,2.7,2.8,3,3.1,3.6,3.3,3.3,4.1,4.5,4.4,4.3,4.4,4.1,4.1,4.4,4.8,5.4,6.3,7.1,8.3,8.7,10.2,11,12.1,13.8,15.1,15.7,18.2,19.3,21.4,24.6,27.3,30,29.6,25.8,26.5,26.5,28.3,25.4,25,27.5,26.3,31.6,33.9,33.2,31.2,33.1,29.2,28.8
"17","10","    Power","W028RC1",0.7,0.7,0.5,0.2,0.1,0.2,0.2,0.3,0.4,0.4,0.5,0.5,0.5,0.4,0.3,0.4,0.4,0.7,1.3,1.7,2.1,2.3,2.5,2.5,3,2.7,2.5,3,3.5,3.5,3.4,3.3,3.1,3.1,3.2,3.4,3.9,4.7,5.5,6.6,6.5,7.3,8,8.8,9.9,10.8,11.9,14.2,14.8,15.8,17.7,19.6,21.8,21.1,18.2,18.5,18.3,19.3,16.2,15.5,17.9,16.5,22.6,24.9,23.6,21,22,17.4,16.4
"18","11","      Electric","C571RC1",0.4,0.4,0.2,0.1,0.1,0.1,0.1,0.1,0.2,0.3,0.3,0.3,0.3,0.3,0.1,0.2,0.2,0.4,0.8,1,1.3,1.2,1.3,1.5,1.8,1.7,1.5,1.8,2.2,2.3,2,2,1.9,1.9,2,2.2,2.5,3,3.7,4.3,4.5,5.3,6,6.7,7.6,8.1,8.3,9.8,11.7,13,14.3,15.3,17,17.1,15.3,15.5,14.6,15.8,12.7,11.4,13.1,11.3,16.3,17.1,16.3,14.9,14.3,11.3,11.3
"19","12","      Other power","W029RC1",0.4,0.3,0.3,0.1,0.1,0.1,0.1,0.2,0.2,0.1,0.2,0.2,0.2,0.2,0.2,0.2,0.2,0.3,0.6,0.7,0.8,1.1,1.2,1,1.2,1,1,1.2,1.3,1.2,1.4,1.3,1.3,1.2,1.2,1.3,1.4,1.7,1.8,2.3,2,1.9,2,2.1,2.3,2.7,3.5,4.5,3,2.8,3.4,4.2,4.8,4.1,2.9,3,3.7,3.5,3.6,4,4.7,5.2,6.3,7.8,7.3,6.2,7.7,6.2,5
"20","13","    Communication","C314RC1",0.4,0.3,0.2,0.1,0,0,0.1,0.1,0.1,0.1,0.1,0.1,0.2,0.2,0.1,0.1,0.1,0.3,0.5,0.7,0.5,0.4,0.5,0.6,0.6,0.7,0.8,1.1,1.1,0.9,1,1.1,1,1,1.1,1.3,1.5,1.6,1.6,1.7,2.2,2.9,3,3.3,3.9,4.2,3.8,3.9,4.5,5.6,6.9,7.7,8.2,8.5,7.6,8,8.3,9,9.2,9.6,9.6,9.8,9,9,9.6,10.1,11.1,11.8,12.4
"21","14","  Mining exploration, shafts, and wells","E318RC1",0.4,0.3,0.2,0.2,0.2,0.2,0.3,0.3,0.5,0.4,0.4,0.4,0.5,0.3,0.4,0.6,0.7,0.8,0.9,1.2,1.2,1.4,1.7,2,2.1,2.3,2.5,2.7,2.6,2.4,2.5,2.3,2.3,2.5,2.3,2.4,2.4,2.5,2.4,2.6,2.8,2.8,2.7,3.1,3.5,5.2,7.4,8.6,11.5,15.4,19,27.4,42.5,44.8,30,31.3,27.9,15.7,13.1,15.7,14.9,17.9,18.5,14.2,16.6,16.4,15,16.8,22.4
"22","15","    Petroleum and natural gas","C319RC1",NA,NA,NA,NA,NA,NA,NA,NA,NA,NA,NA,NA,NA,NA,NA,NA,NA,0.7,0.8,1.2,1.2,1.4,1.6,1.9,2.1,2.2,2.4,2.6,2.5,2.3,2.4,2.2,2.2,2.3,2.1,2.3,2.3,2.3,2.3,2.3,2.5,2.5,2.3,2.7,3,4.5,6.5,7.5,10.1,14.1,17.7,25.6,40,42.7,28.5,29.6,26.3,14.6,12.3,14.9,13.9,16.8,17.2,12.9,15.3,14.6,13.8,15.3,21
"23","16","    Mining","C320RC1",NA,NA,NA,NA,NA,NA,NA,NA,NA,NA,NA,NA,NA,NA,NA,NA,NA,0,0.1,0.1,0.1,0.1,0.1,0.1,0.1,0.1,0.1,0.1,0.1,0.1,0.1,0.1,0.1,0.1,0.2,0.2,0.2,0.2,0.2,0.2,0.3,0.3,0.3,0.4,0.5,0.7,0.9,1.1,1.4,1.3,1.4,1.8,2.5,2.1,1.5,1.7,1.7,1.1,0.8,0.9,1,1.1,1.3,1.3,1.3,1.8,1.3,1.5,1.4
"24","17","  Other structures","W004RC1",1.8,1.6,1,0.5,0.4,0.5,0.5,0.6,0.8,0.7,0.7,0.7,0.9,0.8,0.8,1,1.2,2.7,2.6,2.9,2.9,2.9,3.2,3.3,3.5,3.6,3.7,4,4.1,4.2,4.7,5.2,5,5.2,5.6,6.2,7.2,7.8,7.8,7.3,7.8,7.8,7.9,8.6,9.9,10.3,10.1,11,12.5,15.2,18.5,20,21.2,21.3,23.3,28.1,31.8,30.7,33.7,32.5,34.3,37.6,33.2,31,34.5,34.9,40.6,49,57.3
"25","18","    Religious","C309RC1",0.1,0.1,0.1,0,0,0,0,0,0,0.1,0,0.1,0.1,0,0,0,0,0.1,0.1,0.3,0.4,0.4,0.5,0.4,0.5,0.6,0.7,0.8,0.9,0.9,0.9,1,1,1,1,1,1.2,1.1,1.1,1.1,1,0.9,0.8,0.9,0.8,0.9,0.9,1,1.1,1.4,1.7,1.9,2,1.9,2.3,2.7,3.1,3.5,3.7,3.9,4.3,4.1,3.8,3.4,3.8,3.8,4.2,4.4,5.6
"26","19","    Educational","C310RC1",0.1,0.1,0.1,0.1,0,0,0,0,0,0,0,0.1,0.1,0,0,0,0,0.1,0.2,0.3,0.3,0.3,0.3,0.4,0.4,0.5,0.5,0.6,0.5,0.6,0.5,0.6,0.6,0.7,0.7,0.8,0.8,1,1,1.1,1.1,0.9,1,1.1,1,0.7,0.7,0.7,0.7,0.9,1.1,1.6,1.7,1.9,2.1,2.3,2.7,3.2,4.7,3.8,4.3,4.8,4.9,5.1,5.3,5.5,6.2,7.6,9.8
"27","20","    Other buildings \3\","C312RC1",0.4,0.3,0.2,0.1,0.1,0.1,0.1,0.1,0.1,0.2,0.2,0.2,0.2,0.1,0,0.1,0.1,0.3,0.3,0.4,0.5,0.5,0.6,0.5,0.6,0.7,0.6,0.8,0.8,1.1,1.3,1.6,1.6,1.6,1.9,2.4,2.8,2.8,2.7,1.8,2.1,2.1,2.2,2.9,3.4,2.7,2.1,2.1,2.2,2.9,4.4,5.7,6.9,7.5,9.1,11.7,12.9,13.3,13.7,14.5,14.3,16.1,12.4,8.7,11,12,15.1,21.4,25.5
"28","21","    Railroads","C573RC1",0.9,0.8,0.5,0.3,0.2,0.3,0.3,0.3,0.4,0.3,0.3,0.4,0.4,0.5,0.6,0.8,0.8,0.7,0.8,0.9,0.8,0.8,0.9,1,1,0.8,0.8,0.9,0.9,0.7,0.6,0.6,0.5,0.5,0.6,0.6,0.7,0.8,0.7,0.9,1,0.9,1,1,1.2,1.4,1.4,1.9,2.2,2.7,2.9,2.9,3.1,2.9,3,3.5,4,2.9,2.5,2.4,2.7,2.6,2.4,2.9,3.1,3.3,3.5,4.4,4.9
"29","22","    Farm","C316RC1",0.1,0.1,0,0,0,0,0.1,0.1,0.1,0.1,0.1,0.1,0.1,0.1,0.1,0.1,0.1,0.7,0.8,0.8,0.7,0.7,0.8,0.9,0.8,0.7,0.7,0.8,0.8,0.8,1.1,1.2,1.2,1.3,1.3,1.3,1.4,1.5,1.7,1.6,1.7,1.9,1.9,1.8,2.5,3.2,3.7,4,4.4,5.2,5.8,5.2,4.7,3.8,3.3,3.3,2.3,2.1,2.6,2.4,2.5,2.8,2.8,2.4,3.4,3.2,3,3.7,3.8
"30","23","    Other \4\","C317RC1",0.1,0.1,0.1,0,0,0,0,0,0,0,0,0,0,0,0,0,0,0.1,0.1,0.1,0.1,0.1,0.1,0.1,0.1,0.1,0.2,0.1,0.2,0.2,0.2,0.3,0.3,0.3,0.3,0.3,0.4,0.5,0.5,0.6,0.7,0.9,1,0.9,1,1.1,1.2,1.3,1.5,1.8,2.3,2.4,2.7,3,3.5,4.5,6.5,5.4,6.3,5,5.9,7,7,8.5,7.8,6.9,8.1,6.7,5.7
"31","24","    Brokers' commissions on sale of structures","C321RC1",0.1,0.1,0,0,0,0,0,0,0,0,0,0,0,0,0,0,0,0.1,0.1,0.1,0.1,0.1,0.1,0.1,0.1,0.1,0.1,0.1,0.1,0.2,0.2,0.2,0.2,0.2,0.2,0.2,0.3,0.3,0.3,0.3,0.3,0.2,0.2,0.2,0.3,0.4,0.4,0.4,0.6,0.6,0.6,0.6,0.6,0.6,0.6,0.8,1,1.1,1.1,1.3,1.4,1.5,1.3,1.3,1.3,1.4,1.6,1.8,2
"32","25","    Net purchases of used structures","E322RC1",0,0,0,0,0,0,0,0,0,0,0,-0.1,0,0,0,0,0.1,0.6,0.4,0.2,0.1,0,0,0,0,-0.1,0.1,-0.2,-0.1,-0.1,-0.2,-0.3,-0.4,-0.5,-0.5,-0.5,-0.3,-0.2,-0.1,-0.1,-0.1,-0.1,-0.2,-0.2,-0.2,-0.3,-0.3,-0.3,-0.3,-0.2,-0.3,-0.4,-0.5,-0.4,-0.6,-0.7,-0.7,-0.8,-0.9,-0.8,-1.1,-1.4,-1.4,-1.4,-1.3,-1.2,-1.3,-1.1,-0.1
"33","26","Residential","A012RC1",3.9,2.3,1.7,0.7,0.6,0.9,1.2,1.6,2,2.1,3,3.4,4,2.1,1.4,1.3,1.7,7.6,11.8,15.3,14.3,20.2,18.1,18.2,19,20.7,24.6,23.1,21.7,21.9,27.5,25.8,25.9,28.4,31.5,33.6,33.5,31.6,31.6,37.9,41.6,40.2,54.5,68.1,73.6,64.1,60.8,80.4,107.9,128.9,137.8,119.8,118.9,102,148.6,175.9,183.1,214.6,227.9,233.2,233.4,218,199.4,230.4,259.9,295.6,296.5,327.8,342.8
"34","27","  Permanent site","A943RC1",3.2,1.7,1.4,0.5,0.3,0.4,0.8,1.3,1.6,1.7,2.4,2.7,3.2,1.6,0.8,0.7,0.8,5.2,8.3,11.2,10.7,16.1,13.8,13.4,13.9,15.4,18.6,16.5,15.1,15.4,19.7,17.5,17.4,19.9,22.4,24.1,23.8,21.8,21.5,26.7,29.2,27.1,38.7,50.1,54.6,43.4,36.3,50.8,72.2,85.6,89.3,69.6,69.4,57,95,114.6,115.9,135.2,142.7,142.4,143.2,132.1,114.6,135.1,150.9,176.4,171.4,191.1,198.1
"35","28","    Single-family structures","A944RC1",NA,NA,NA,NA,NA,NA,NA,NA,NA,NA,NA,NA,NA,NA,NA,NA,NA,NA,NA,NA,NA,NA,NA,NA,NA,NA,NA,NA,NA,13.1,16.7,14.9,14.1,15.1,16,17.6,17.8,16.6,16.8,19.5,19.7,17.5,25.8,32.8,35.2,29.7,29.6,43.9,62.2,72.8,72.3,52.9,52,41.5,72.5,86.4,87.4,104.1,117.2,120.1,120.9,112.9,99.4,122,140.1,162.3,153.5,170.8,175.2
"36","29","    Multifamily structures","C292RC1",NA,NA,NA,NA,NA,NA,NA,NA,NA,NA,NA,NA,NA,NA,NA,NA,NA,NA,NA,NA,NA,NA,NA,NA,NA,NA,NA,NA,NA,2.3,3,2.6,3.3,4.8,6.4,6.4,6,5.2,4.7,7.2,9.5,9.5,12.9,17.2,19.4,13.7,6.7,6.9,10,12.8,17,16.7,17.5,15.5,22.4,28.2,28.5,31,25.5,22.3,22.3,19.3,15.1,13.1,10.8,14.1,17.9,20.3,22.9
"37","30","  Other structures","A863RC1",0.7,0.6,0.4,0.2,0.3,0.5,0.5,0.4,0.4,0.4,0.6,0.7,0.7,0.6,0.5,0.6,0.8,2.4,3.5,4.2,3.7,4,4.3,4.9,5.1,5.3,6,6.6,6.6,6.4,7.9,8.3,8.5,8.5,9.1,9.5,9.7,9.8,10.1,11.1,12.4,13.2,15.8,18,19,20.7,24.5,29.6,35.7,43.3,48.6,50.2,49.5,45,53.7,61.3,67.2,79.4,85.2,90.9,90.1,85.8,84.8,95.3,109,119.2,125.1,136.7,144.8
"38","31","    Manufactured homes","A945RC1",NA,NA,NA,NA,NA,NA,NA,NA,NA,NA,NA,NA,NA,NA,NA,NA,NA,0.1,0.2,0.2,0.1,0.1,0.1,0.2,0.2,0.2,0.4,0.5,0.6,0.5,0.6,0.5,0.5,0.6,0.6,0.9,1,1.1,1.2,1.7,2.3,2.3,3.2,3.9,4.4,3.3,2.5,3.2,4.2,4.7,5.1,4.6,4.9,4.8,6.3,6.3,6.1,5.3,5.3,5.2,5.1,4.9,4.4,5.5,7.3,9.6,11.6,13.2,13.9
"39","32","    Dormitories","C295RC1",0.1,0.1,0,0,0,0,0,0,0,0,0,0,0,0,0,0,0,0.1,0,0.1,0.1,0.1,0.1,0.1,0.1,0.1,0.1,0.2,0.2,0.2,0.2,0.2,0.3,0.5,0.4,0.6,0.6,0.6,0.5,0.4,0.3,0.2,0.2,0.1,0.1,0.1,0.2,0.1,0.1,0.1,0.1,0.1,0.2,0.3,0.3,0.4,0.4,0.4,0.6,0.6,0.7,0.8,0.3,0.3,0.5,0.3,0.5,0.6,0.8
"40","33","    Improvements","A946RC1",0.5,0.4,0.2,0.1,0.2,0.3,0.3,0.4,0.4,0.4,0.4,0.5,0.5,0.3,0.2,0.3,0.5,1.8,2.7,3.4,3.1,3.4,3.5,3.9,4.1,4.2,4.7,5.1,5.4,5.3,6.1,6.5,6.7,6.2,6.5,6.6,6.6,7,7.4,7.6,8.2,9,10.1,10.9,10.8,13.2,16.4,19,21.8,26.6,30.2,34.1,34.6,31.6,34.3,40,43.8,54,58.1,60.8,61,57.9,56.9,63.8,74,78.9,81.3,87,91
"41","34","    Brokers' commissions on sale of structures","A758RC1",0.2,0.2,0.1,0.1,0.1,0.2,0.1,0.1,0.1,0.1,0.1,0.2,0.2,0.2,0.2,0.3,0.3,0.5,0.5,0.5,0.5,0.6,0.7,0.8,0.8,0.9,1,1,0.9,1.1,1.4,1.2,1.3,1.5,1.7,1.8,1.9,1.8,1.8,2.1,2.3,2.5,3.5,4.2,4.7,4.9,5.8,7.6,10.2,12.5,13.7,12,10.5,9.1,13.5,15.4,18.2,22.1,23.5,25.2,24.7,23.9,24.8,27.1,29.2,31.7,33,37.5,41.5
"42","35","    Net purchases of used structures","A759RC1",0,0,0,0,0,0,0,-0.2,-0.2,-0.2,0,0.1,0,0,0.1,0.1,0,0,0,0,-0.1,-0.1,-0.1,-0.1,-0.1,-0.1,-0.2,-0.2,-0.4,-0.7,-0.3,-0.3,-0.4,-0.3,-0.2,-0.3,-0.4,-0.6,-0.8,-0.8,-0.8,-0.9,-1.1,-1.1,-1.1,-0.9,-0.4,-0.4,-0.5,-0.7,-0.5,-0.7,-0.8,-0.8,-0.7,-1,-1.3,-2.3,-2.3,-1,-1.3,-1.6,-1.5,-1.5,-2,-1.3,-1.2,-1.7,-2.4
"43",NA,"Addenda:"," ",NA,NA,NA,NA,NA,NA,NA,NA,NA,NA,NA,NA,NA,NA,NA,NA,NA,NA,NA,NA,NA,NA,NA,NA,NA,NA,NA,NA,NA,NA,NA,NA,NA,NA,NA,NA,NA,NA,NA,NA,NA,NA,NA,NA,NA,NA,NA,NA,NA,NA,NA,NA,NA,NA,NA,NA,NA,NA,NA,NA,NA,NA,NA,NA,NA,NA,NA,NA,NA
"44","36","  Private fixed investment in new structures \5\","W040RC1",9.2,6.6,4.3,2.1,1.6,1.9,2.5,3.6,4.7,4.2,5.1,5.8,7,4.1,2.8,3.4,4.6,13.8,18.9,24.1,23,29.5,29.4,29.7,31.9,33.7,38.6,40.5,40.1,39.1,44.7,44.5,44.8,48.3,51.5,56.1,60.4,61.8,62,69.9,77.6,78.8,94.8,112.2,124.9,121.2,116.6,139,172.6,210.2,242.1,244.4,276.4,271.1,290.1,338.6,360.4,371.1,380.6,391.3,403.3,398.4,359.7,377.5,409.9,451.7,471.7,515.8,552.1
"45","37","    Nonresidential structures","A771RC1",5.5,4.4,2.6,1.4,1.1,1.2,1.4,1.9,2.7,2.1,2.2,2.6,3.2,2.2,1.8,2.4,3.2,6.6,7.7,9.3,9,9.9,11.9,12.2,13.5,13.8,14.9,18.2,18.9,17.6,18.2,19.7,19.9,21,21.5,24,28.4,31.3,31.3,33.4,37.5,40.2,42.7,47.2,54.9,61.1,61.2,65.8,74.3,93.2,117.4,136,167.2,177.4,154.3,177.2,194.2,176.3,173.9,182.3,193.3,202.8,183.7,172.7,177.1,186.6,206.9,223.9,248.5
"46","38","    Residential structures","A756RC1",3.7,2.1,1.6,0.7,0.5,0.7,1.1,1.7,2,2.1,2.8,3.2,3.8,1.9,1.1,1,1.4,7.1,11.2,14.8,13.9,19.7,17.5,17.6,18.3,19.9,23.7,22.3,21.2,21.5,26.5,24.8,25,27.3,30,32.1,32.1,30.5,30.6,36.5,40.1,38.6,52.1,65,70,60.1,55.4,73.1,98.2,117,124.7,108.5,109.2,93.7,135.8,161.4,166.2,194.9,206.7,209,210,195.6,176.1,204.8,232.8,265.2,264.8,291.9,303.7
"47",NA,NA,NA,NA,NA,NA,NA,NA,NA,NA,NA,NA,NA,NA,NA,NA,NA,NA,NA,NA,NA,NA,NA,NA,NA,NA,NA,NA,NA,NA,NA,NA,NA,NA,NA,NA,NA,NA,NA,NA,NA,NA,NA,NA,NA,NA,NA,NA,NA,NA,NA,NA,NA,NA,NA,NA,NA,NA,NA,NA,NA,NA,NA,NA,NA,NA,NA,NA,NA,NA,NA,NA
"48","1. Consists of office buildings, except those constructed at manufacturing sites and those constructed by power utilities for ",NA,NA,NA,NA,NA,NA,NA,NA,NA,NA,NA,NA,NA,NA,NA,NA,NA,NA,NA,NA,NA,NA,NA,NA,NA,NA,NA,NA,NA,NA,NA,NA,NA,NA,NA,NA,NA,NA,NA,NA,NA,NA,NA,NA,NA,NA,NA,NA,NA,NA,NA,NA,NA,NA,NA,NA,NA,NA,NA,NA,NA,NA,NA,NA,NA,NA,NA,NA,NA,NA,NA
"49","their own use.",NA,NA,NA,NA,NA,NA,NA,NA,NA,NA,NA,NA,NA,NA,NA,NA,NA,NA,NA,NA,NA,NA,NA,NA,NA,NA,NA,NA,NA,NA,NA,NA,NA,NA,NA,NA,NA,NA,NA,NA,NA,NA,NA,NA,NA,NA,NA,NA,NA,NA,NA,NA,NA,NA,NA,NA,NA,NA,NA,NA,NA,NA,NA,NA,NA,NA,NA,NA,NA,NA,NA
"50","Also includes medical buildings; in table 5.4.5B, these buildings are included in health care.",NA,NA,NA,NA,NA,NA,NA,NA,NA,NA,NA,NA,NA,NA,NA,NA,NA,NA,NA,NA,NA,NA,NA,NA,NA,NA,NA,NA,NA,NA,NA,NA,NA,NA,NA,NA,NA,NA,NA,NA,NA,NA,NA,NA,NA,NA,NA,NA,NA,NA,NA,NA,NA,NA,NA,NA,NA,NA,NA,NA,NA,NA,NA,NA,NA,NA,NA,NA,NA,NA,NA
"51","2. Consists of stores, restaurants, garages, service stations, warehouses, beauty and trade schools, mobile structures, and other",NA,NA,NA,NA,NA,NA,NA,NA,NA,NA,NA,NA,NA,NA,NA,NA,NA,NA,NA,NA,NA,NA,NA,NA,NA,NA,NA,NA,NA,NA,NA,NA,NA,NA,NA,NA,NA,NA,NA,NA,NA,NA,NA,NA,NA,NA,NA,NA,NA,NA,NA,NA,NA,NA,NA,NA,NA,NA,NA,NA,NA,NA,NA,NA,NA,NA,NA,NA,NA,NA,NA
"52","buildings used for commercial purposes.  Also includes financial buidings of two stories or less.  In table 5.4.5B, financial ",NA,NA,NA,NA,NA,NA,NA,NA,NA,NA,NA,NA,NA,NA,NA,NA,NA,NA,NA,NA,NA,NA,NA,NA,NA,NA,NA,NA,NA,NA,NA,NA,NA,NA,NA,NA,NA,NA,NA,NA,NA,NA,NA,NA,NA,NA,NA,NA,NA,NA,NA,NA,NA,NA,NA,NA,NA,NA,NA,NA,NA,NA,NA,NA,NA,NA,NA,NA,NA,NA,NA
"53","buildings",NA,NA,NA,NA,NA,NA,NA,NA,NA,NA,NA,NA,NA,NA,NA,NA,NA,NA,NA,NA,NA,NA,NA,NA,NA,NA,NA,NA,NA,NA,NA,NA,NA,NA,NA,NA,NA,NA,NA,NA,NA,NA,NA,NA,NA,NA,NA,NA,NA,NA,NA,NA,NA,NA,NA,NA,NA,NA,NA,NA,NA,NA,NA,NA,NA,NA,NA,NA,NA,NA,NA
"54","of two stories or less are included in office; bus or truck garages are included in transportation; and beauty and trade schools ",NA,NA,NA,NA,NA,NA,NA,NA,NA,NA,NA,NA,NA,NA,NA,NA,NA,NA,NA,NA,NA,NA,NA,NA,NA,NA,NA,NA,NA,NA,NA,NA,NA,NA,NA,NA,NA,NA,NA,NA,NA,NA,NA,NA,NA,NA,NA,NA,NA,NA,NA,NA,NA,NA,NA,NA,NA,NA,NA,NA,NA,NA,NA,NA,NA,NA,NA,NA,NA,NA,NA
"55","are",NA,NA,NA,NA,NA,NA,NA,NA,NA,NA,NA,NA,NA,NA,NA,NA,NA,NA,NA,NA,NA,NA,NA,NA,NA,NA,NA,NA,NA,NA,NA,NA,NA,NA,NA,NA,NA,NA,NA,NA,NA,NA,NA,NA,NA,NA,NA,NA,NA,NA,NA,NA,NA,NA,NA,NA,NA,NA,NA,NA,NA,NA,NA,NA,NA,NA,NA,NA,NA,NA,NA
"56","included in educational and vocational structures.",NA,NA,NA,NA,NA,NA,NA,NA,NA,NA,NA,NA,NA,NA,NA,NA,NA,NA,NA,NA,NA,NA,NA,NA,NA,NA,NA,NA,NA,NA,NA,NA,NA,NA,NA,NA,NA,NA,NA,NA,NA,NA,NA,NA,NA,NA,NA,NA,NA,NA,NA,NA,NA,NA,NA,NA,NA,NA,NA,NA,NA,NA,NA,NA,NA,NA,NA,NA,NA,NA,NA
"57","3. Consists of hotels and motels, buildings used primarily for social and recreational activities, and buildings not elsewhere",NA,NA,NA,NA,NA,NA,NA,NA,NA,NA,NA,NA,NA,NA,NA,NA,NA,NA,NA,NA,NA,NA,NA,NA,NA,NA,NA,NA,NA,NA,NA,NA,NA,NA,NA,NA,NA,NA,NA,NA,NA,NA,NA,NA,NA,NA,NA,NA,NA,NA,NA,NA,NA,NA,NA,NA,NA,NA,NA,NA,NA,NA,NA,NA,NA,NA,NA,NA,NA,NA,NA
"58","classified, such as passenger terminals, greenhouses, and animal hospitals.",NA,NA,NA,NA,NA,NA,NA,NA,NA,NA,NA,NA,NA,NA,NA,NA,NA,NA,NA,NA,NA,NA,NA,NA,NA,NA,NA,NA,NA,NA,NA,NA,NA,NA,NA,NA,NA,NA,NA,NA,NA,NA,NA,NA,NA,NA,NA,NA,NA,NA,NA,NA,NA,NA,NA,NA,NA,NA,NA,NA,NA,NA,NA,NA,NA,NA,NA,NA,NA,NA,NA
"59","4. Consists primarily of streets, dams and reservoirs, sewer and water facilities, parks, and airfields.",NA,NA,NA,NA,NA,NA,NA,NA,NA,NA,NA,NA,NA,NA,NA,NA,NA,NA,NA,NA,NA,NA,NA,NA,NA,NA,NA,NA,NA,NA,NA,NA,NA,NA,NA,NA,NA,NA,NA,NA,NA,NA,NA,NA,NA,NA,NA,NA,NA,NA,NA,NA,NA,NA,NA,NA,NA,NA,NA,NA,NA,NA,NA,NA,NA,NA,NA,NA,NA,NA,NA
"60","5. Excludes net purchases of used structures and brokers' commissions on the sale of structures.",NA,NA,NA,NA,NA,NA,NA,NA,NA,NA,NA,NA,NA,NA,NA,NA,NA,NA,NA,NA,NA,NA,NA,NA,NA,NA,NA,NA,NA,NA,NA,NA,NA,NA,NA,NA,NA,NA,NA,NA,NA,NA,NA,NA,NA,NA,NA,NA,NA,NA,NA,NA,NA,NA,NA,NA,NA,NA,NA,NA,NA,NA,NA,NA,NA,NA,NA,NA,NA,NA,NA
