"","Table 2#3#3# Real Personal Consumption Expenditures by Major Typ","F2","F3","F4","F5","F6","F7","F8","F9","F10","F11","F12","F13","F14","F15","F16","F17","F18","F19","F20","F21","F22","F23","F24","F25","F26","F27","F28","F29","F30","F31","F32","F33","F34","F35","F36","F37","F38","F39","F40","F41","F42","F43","F44","F45","F46","F47","F48","F49","F50","F51","F52","F53","F54","F55","F56","F57","F58","F59","F60","F61","F62","F63","F64","F65","F66","F67","F68","F69","F70","F71","F72","F73","F74","F75","F76","F77","F78","F79","F80","F81","F82","F83","F84","F85","F86","F87","F88","F89","F90","F91","F92","F93","F94","F95","F96","F97","F98","F99","F100","F101","F102","F103","F104","F105","F106","F107","F108","F109","F110","F111","F112","F113","F114","F115","F116","F117","F118","F119","F120","F121","F122","F123","F124","F125","F126","F127","F128","F129","F130","F131","F132","F133","F134","F135","F136","F137","F138","F139","F140","F141","F142","F143","F144","F145","F146","F147","F148","F149","F150","F151","F152","F153","F154","F155","F156","F157","F158","F159","F160","F161","F162","F163","F164","F165","F166","F167","F168","F169","F170","F171","F172","F173","F174","F175","F176","F177","F178","F179","F180","F181","F182","F183","F184","F185","F186"
"1","[Index numbers, 2009=100]; Seasonally adjusted                                                                                 ",NA,NA,NA,NA,NA,NA,NA,NA,NA,NA,NA,NA,NA,NA,NA,NA,NA,NA,NA,NA,NA,NA,NA,NA,NA,NA,NA,NA,NA,NA,NA,NA,NA,NA,NA,NA,NA,NA,NA,NA,NA,NA,NA,NA,NA,NA,NA,NA,NA,NA,NA,NA,NA,NA,NA,NA,NA,NA,NA,NA,NA,NA,NA,NA,NA,NA,NA,NA,NA,NA,NA,NA,NA,NA,NA,NA,NA,NA,NA,NA,NA,NA,NA,NA,NA,NA,NA,NA,NA,NA,NA,NA,NA,NA,NA,NA,NA,NA,NA,NA,NA,NA,NA,NA,NA,NA,NA,NA,NA,NA,NA,NA,NA,NA,NA,NA,NA,NA,NA,NA,NA,NA,NA,NA,NA,NA,NA,NA,NA,NA,NA,NA,NA,NA,NA,NA,NA,NA,NA,NA,NA,NA,NA,NA,NA,NA,NA,NA,NA,NA,NA,NA,NA,NA,NA,NA,NA,NA,NA,NA,NA,NA,NA,NA,NA,NA,NA,NA,NA,NA,NA,NA,NA,NA,NA,NA,NA,NA,NA,NA,NA,NA,NA,NA,NA
"2","Quarterly data from 1969 To 2014",NA,NA,NA,NA,NA,NA,NA,NA,NA,NA,NA,NA,NA,NA,NA,NA,NA,NA,NA,NA,NA,NA,NA,NA,NA,NA,NA,NA,NA,NA,NA,NA,NA,NA,NA,NA,NA,NA,NA,NA,NA,NA,NA,NA,NA,NA,NA,NA,NA,NA,NA,NA,NA,NA,NA,NA,NA,NA,NA,NA,NA,NA,NA,NA,NA,NA,NA,NA,NA,NA,NA,NA,NA,NA,NA,NA,NA,NA,NA,NA,NA,NA,NA,NA,NA,NA,NA,NA,NA,NA,NA,NA,NA,NA,NA,NA,NA,NA,NA,NA,NA,NA,NA,NA,NA,NA,NA,NA,NA,NA,NA,NA,NA,NA,NA,NA,NA,NA,NA,NA,NA,NA,NA,NA,NA,NA,NA,NA,NA,NA,NA,NA,NA,NA,NA,NA,NA,NA,NA,NA,NA,NA,NA,NA,NA,NA,NA,NA,NA,NA,NA,NA,NA,NA,NA,NA,NA,NA,NA,NA,NA,NA,NA,NA,NA,NA,NA,NA,NA,NA,NA,NA,NA,NA,NA,NA,NA,NA,NA,NA,NA,NA,NA,NA,NA
"3","Bureau of Economic Analysis",NA,NA,NA,NA,NA,NA,NA,NA,NA,NA,NA,NA,NA,NA,NA,NA,NA,NA,NA,NA,NA,NA,NA,NA,NA,NA,NA,NA,NA,NA,NA,NA,NA,NA,NA,NA,NA,NA,NA,NA,NA,NA,NA,NA,NA,NA,NA,NA,NA,NA,NA,NA,NA,NA,NA,NA,NA,NA,NA,NA,NA,NA,NA,NA,NA,NA,NA,NA,NA,NA,NA,NA,NA,NA,NA,NA,NA,NA,NA,NA,NA,NA,NA,NA,NA,NA,NA,NA,NA,NA,NA,NA,NA,NA,NA,NA,NA,NA,NA,NA,NA,NA,NA,NA,NA,NA,NA,NA,NA,NA,NA,NA,NA,NA,NA,NA,NA,NA,NA,NA,NA,NA,NA,NA,NA,NA,NA,NA,NA,NA,NA,NA,NA,NA,NA,NA,NA,NA,NA,NA,NA,NA,NA,NA,NA,NA,NA,NA,NA,NA,NA,NA,NA,NA,NA,NA,NA,NA,NA,NA,NA,NA,NA,NA,NA,NA,NA,NA,NA,NA,NA,NA,NA,NA,NA,NA,NA,NA,NA,NA,NA,NA,NA,NA,NA
"4","Data published December 23, 2014 ",NA,NA,NA,NA,NA,NA,NA,NA,NA,NA,NA,NA,NA,NA,NA,NA,NA,NA,NA,NA,NA,NA,NA,NA,NA,NA,NA,NA,NA,NA,NA,NA,NA,NA,NA,NA,NA,NA,NA,NA,NA,NA,NA,NA,NA,NA,NA,NA,NA,NA,NA,NA,NA,NA,NA,NA,NA,NA,NA,NA,NA,NA,NA,NA,NA,NA,NA,NA,NA,NA,NA,NA,NA,NA,NA,NA,NA,NA,NA,NA,NA,NA,NA,NA,NA,NA,NA,NA,NA,NA,NA,NA,NA,NA,NA,NA,NA,NA,NA,NA,NA,NA,NA,NA,NA,NA,NA,NA,NA,NA,NA,NA,NA,NA,NA,NA,NA,NA,NA,NA,NA,NA,NA,NA,NA,NA,NA,NA,NA,NA,NA,NA,NA,NA,NA,NA,NA,NA,NA,NA,NA,NA,NA,NA,NA,NA,NA,NA,NA,NA,NA,NA,NA,NA,NA,NA,NA,NA,NA,NA,NA,NA,NA,NA,NA,NA,NA,NA,NA,NA,NA,NA,NA,NA,NA,NA,NA,NA,NA,NA,NA,NA,NA,NA,NA
"5","File created 12/22/2014 11:59:44 AM",NA,NA,NA,NA,NA,NA,NA,NA,NA,NA,NA,NA,NA,NA,NA,NA,NA,NA,NA,NA,NA,NA,NA,NA,NA,NA,NA,NA,NA,NA,NA,NA,NA,NA,NA,NA,NA,NA,NA,NA,NA,NA,NA,NA,NA,NA,NA,NA,NA,NA,NA,NA,NA,NA,NA,NA,NA,NA,NA,NA,NA,NA,NA,NA,NA,NA,NA,NA,NA,NA,NA,NA,NA,NA,NA,NA,NA,NA,NA,NA,NA,NA,NA,NA,NA,NA,NA,NA,NA,NA,NA,NA,NA,NA,NA,NA,NA,NA,NA,NA,NA,NA,NA,NA,NA,NA,NA,NA,NA,NA,NA,NA,NA,NA,NA,NA,NA,NA,NA,NA,NA,NA,NA,NA,NA,NA,NA,NA,NA,NA,NA,NA,NA,NA,NA,NA,NA,NA,NA,NA,NA,NA,NA,NA,NA,NA,NA,NA,NA,NA,NA,NA,NA,NA,NA,NA,NA,NA,NA,NA,NA,NA,NA,NA,NA,NA,NA,NA,NA,NA,NA,NA,NA,NA,NA,NA,NA,NA,NA,NA,NA,NA,NA,NA,NA
"6",NA,NA,NA,NA,NA,NA,NA,NA,NA,NA,NA,NA,NA,NA,NA,NA,NA,NA,NA,NA,NA,NA,NA,NA,NA,NA,NA,NA,NA,NA,NA,NA,NA,NA,NA,NA,NA,NA,NA,NA,NA,NA,NA,NA,NA,NA,NA,NA,NA,NA,NA,NA,NA,NA,NA,NA,NA,NA,NA,NA,NA,NA,NA,NA,NA,NA,NA,NA,NA,NA,NA,NA,NA,NA,NA,NA,NA,NA,NA,NA,NA,NA,NA,NA,NA,NA,NA,NA,NA,NA,NA,NA,NA,NA,NA,NA,NA,NA,NA,NA,NA,NA,NA,NA,NA,NA,NA,NA,NA,NA,NA,NA,NA,NA,NA,NA,NA,NA,NA,NA,NA,NA,NA,NA,NA,NA,NA,NA,NA,NA,NA,NA,NA,NA,NA,NA,NA,NA,NA,NA,NA,NA,NA,NA,NA,NA,NA,NA,NA,NA,NA,NA,NA,NA,NA,NA,NA,NA,NA,NA,NA,NA,NA,NA,NA,NA,NA,NA,NA,NA,NA,NA,NA,NA,NA,NA,NA,NA,NA,NA,NA,NA,NA,NA,NA,NA
"7","Line",NA,NA,1969,1969,1969,1969,1970,1970,1970,1970,1971,1971,1971,1971,1972,1972,1972,1972,1973,1973,1973,1973,1974,1974,1974,1974,1975,1975,1975,1975,1976,1976,1976,1976,1977,1977,1977,1977,1978,1978,1978,1978,1979,1979,1979,1979,1980,1980,1980,1980,1981,1981,1981,1981,1982,1982,1982,1982,1983,1983,1983,1983,1984,1984,1984,1984,1985,1985,1985,1985,1986,1986,1986,1986,1987,1987,1987,1987,1988,1988,1988,1988,1989,1989,1989,1989,1990,1990,1990,1990,1991,1991,1991,1991,1992,1992,1992,1992,1993,1993,1993,1993,1994,1994,1994,1994,1995,1995,1995,1995,1996,1996,1996,1996,1997,1997,1997,1997,1998,1998,1998,1998,1999,1999,1999,1999,2000,2000,2000,2000,2001,2001,2001,2001,2002,2002,2002,2002,2003,2003,2003,2003,2004,2004,2004,2004,2005,2005,2005,2005,2006,2006,2006,2006,2007,2007,2007,2007,2008,2008,2008,2008,2009,2009,2009,2009,2010,2010,2010,2010,2011,2011,2011,2011,2012,2012,2012,2012,2013,2013,2013,2013,2014,2014,2014
"8",NA,NA,NA,1,2,3,4,1,2,3,4,1,2,3,4,1,2,3,4,1,2,3,4,1,2,3,4,1,2,3,4,1,2,3,4,1,2,3,4,1,2,3,4,1,2,3,4,1,2,3,4,1,2,3,4,1,2,3,4,1,2,3,4,1,2,3,4,1,2,3,4,1,2,3,4,1,2,3,4,1,2,3,4,1,2,3,4,1,2,3,4,1,2,3,4,1,2,3,4,1,2,3,4,1,2,3,4,1,2,3,4,1,2,3,4,1,2,3,4,1,2,3,4,1,2,3,4,1,2,3,4,1,2,3,4,1,2,3,4,1,2,3,4,1,2,3,4,1,2,3,4,1,2,3,4,1,2,3,4,1,2,3,4,1,2,3,4,1,2,3,4,1,2,3,4,1,2,3,4,1,2,3,4,1,2,3
"9","1","    Personal consumption expenditures (PCE)","DPCERA3",28.539,28.722,28.861,29.092,29.271,29.406,29.665,29.584,30.15,30.427,30.67,31.179,31.591,32.194,32.691,33.458,34.069,34.055,34.176,34.076,33.779,33.897,34.037,33.538,33.819,34.384,34.875,35.244,35.949,36.28,36.664,37.143,37.568,37.775,38.135,38.71,38.934,39.765,39.931,40.251,40.455,40.431,40.829,40.938,40.876,39.956,40.387,40.922,41.137,41.13,41.296,40.986,41.257,41.41,41.73,42.491,42.904,43.754,44.521,45.223,45.607,46.257,46.613,47.229,48.032,48.483,49.414,49.541,49.961,50.519,51.434,51.763,51.771,52.489,53.098,53.209,54.155,54.553,55.019,55.649,55.905,56.169,56.727,56.977,57.466,57.646,57.879,57.441,57.243,57.724,58.004,57.988,59.077,59.482,60.126,60.842,61.073,61.621,62.301,62.853,63.573,64.067,64.563,65.258,65.431,66.017,66.623,67.09,67.713,68.448,68.861,69.402,70.134,70.452,71.658,72.509,73.257,74.551,75.531,76.641,77.371,78.517,79.408,80.574,81.8,82.586,83.389,84.131,84.487,84.704,85.013,86.312,86.571,87.013,87.621,88.092,88.479,89.464,90.783,91.488,92.378,92.978,93.866,94.83,95.554,96.593,97.342,97.709,98.804,99.33,99.91,100.929,101.459,101.804,102.256,102.385,102.173,102.346,101.606,100.383,100.039,99.588,100.192,100.181,100.718,101.538,102.195,103.241,103.759,103.968,104.42,104.771,105.49,105.821,106.331,106.841,107.786,108.261,108.798,109.795,110.128,110.822,111.705
"10","2","Goods","DGDSRA3",28.89,28.911,28.962,29.066,29.113,29.196,29.375,29.058,29.991,30.237,30.432,30.967,31.256,32.083,32.641,33.598,34.401,34.069,34.081,33.743,33.192,33.088,33.195,31.847,32.078,32.763,33.572,33.801,34.79,35.209,35.52,35.95,36.341,36.608,36.903,37.69,37.478,38.554,38.586,39.021,38.991,38.663,39.305,39.138,38.94,37.336,37.72,38.148,38.697,38.388,38.775,38.082,38.464,38.454,38.659,39.439,39.644,40.813,41.719,42.701,43.279,44.244,44.272,44.964,45.658,46.075,47.303,47.021,47.735,48.583,50.089,50.057,49.033,49.973,50.724,50.271,51.457,51.724,51.714,52.534,52.607,52.904,53.665,53.488,54.205,53.624,53.499,52.655,52.203,52.495,52.811,52.226,53.409,53.681,54.268,54.987,55.2,56.084,56.663,57.385,58.358,58.877,59.423,60.56,60.259,60.665,61.4,61.979,62.476,63.694,64.148,64.925,65.8,65.751,67.469,68.391,68.906,70.695,71.753,73.93,74.836,76.595,77.499,78.829,80.011,80.432,81.27,81.975,82.166,82.386,82.975,85.965,85.748,86.091,87.177,87.424,87.909,89.801,92.341,93.183,94.196,94.716,95.86,96.903,98.064,99.356,99.908,100.01,101.994,102.17,103.003,104.6,105.16,105.561,106.062,106.143,104.699,105.063,103.068,99.595,99.698,99.013,100.764,100.524,101.517,102.801,103.773,105.691,106.454,106.247,106.473,107.506,108.74,109.083,109.956,110.751,112.356,112.716,113.684,114.711,115.004,116.67,118.011
"11","3","  Durable goods","DDURRA3",15.071,15.03,14.987,14.93,14.701,14.871,14.925,13.934,15.428,15.779,16.2,16.891,17.278,17.712,18.168,19.13,20.348,20.108,19.929,19.463,19.007,19.109,19.22,17.391,17.762,18.107,19.238,19.798,20.788,20.882,21.119,21.452,22.238,22.763,23.098,23.583,22.958,24.67,24.337,24.53,24.239,23.691,24.352,23.725,23.351,20.833,21.757,22.42,23.056,22.159,22.833,21.193,21.872,21.952,22.13,23.14,23.372,25.076,26.04,27.324,28.355,29.013,29.022,29.964,31.005,31.374,33.382,32.233,32.891,34.053,36.957,36.371,34.214,35.617,37.089,36.087,37.795,37.808,37.315,38.282,38.112,38.62,39.494,38.294,39.911,38.591,38.2,37.148,36.125,36.307,36.865,36.263,37.686,37.949,38.758,39.528,39.912,41.208,41.667,42.67,43.686,44.156,44.621,46.189,45.232,45.692,46.981,47.796,48.315,49.853,50.208,51.187,52.572,52.405,54.739,56.137,56.59,59.449,61.138,64.749,64.889,67.992,69.622,70.456,74.388,73.013,74.253,74.767,75.997,75.931,76.802,83.202,82.18,82.987,85.42,84.24,84.498,88.376,92.317,93.5,95.051,95.979,97.853,99.237,100.287,103.132,104.301,101.517,105.671,105.554,107.012,108.432,109.647,111.231,112.467,112.913,109.691,109.35,105.999,98.381,98.563,97.972,102.662,100.804,102.135,105.177,106.884,110.172,111.576,110.838,112.244,115.459,118.438,119.1,121.41,124.077,126.62,128.014,129.565,131.387,132.412,136.847,139.892
"12","4","    Motor vehicles and parts","DMOTRA3",33.981,33.326,33.715,33.129,30.927,31.888,31.574,25.712,33.705,34.8,36.301,38.596,38.848,39.935,40.667,43.884,47.338,45.909,44.327,41.462,38.536,38.315,39.434,33.156,34.537,34.587,38.984,40.533,44.434,44.487,44.773,45.124,49.149,49.244,49.482,49.877,47.851,54.242,52.386,52.187,51.2,46.874,49.1,47.162,47.2,37.83,41.901,42.47,46.63,42.095,45.303,39.197,43.657,43.118,43.628,47.426,46.276,52.771,54.662,58.265,60.842,61.811,60.864,63.21,67.077,67.986,75.834,67.719,68.734,72.44,82.422,75.368,66.056,71.356,77.142,72.339,78.145,76.453,73.435,75.485,75.429,75.635,79.078,72.768,79.172,75.155,73.943,69.812,64.773,64.362,67.474,65.937,69.58,70.392,71.361,72.78,71.84,75.172,74.913,78.006,80.377,79.025,78.491,80.782,77.19,77.129,79.034,80.374,81.206,82.472,82.29,82.971,86.671,83.723,89.194,91.587,88.922,95.782,97.086,106.1,101.137,108.335,108.66,105.449,114.403,106.182,108.083,108.394,111.408,109.547,110.85,127.596,118.52,119.178,126.697,119.193,119.033,124.205,128.236,126.321,126.92,126.782,128.457,129.41,126.537,130.699,131.403,115.996,120.506,120.457,122.537,122.382,123.156,124.965,124.045,123.375,117.303,112.024,106.406,94.238,97.016,97.441,107.917,97.626,96.577,100.837,102.741,107.853,108.094,102.25,102.559,108.186,110.817,110.925,113.372,116.408,118,117.958,118.429,120.02,121.637,127.06,130.492
"13","5","    Furnishings and durable household equipment","DFDHRA3",21.703,21.924,21.511,21.468,21.453,21.536,21.581,21.921,22.032,22.289,22.685,23.356,24.17,24.494,25.235,25.845,27.245,27.518,27.64,27.946,28.305,28.245,27.591,25.768,25.489,25.751,26.246,26.693,27.161,27.283,27.698,28.429,29.295,29.896,30.315,31.109,30.569,32.009,31.981,32.403,32.279,32.791,33.74,33.355,32.572,31.137,31.182,32.194,31.947,31.532,31.087,30.083,29.449,29.543,29.755,30.373,31.068,31.623,32.837,33.782,34.542,35.552,35.799,36.383,36.546,36.887,37.845,38.622,39.517,40.045,41.138,41.488,41.795,42.043,42.561,42.654,43.091,43.575,43.754,44.805,45.593,46.279,46.079,46.211,46.834,45.539,44.899,44.372,44.379,44.82,44.209,43.987,45.061,45.333,46.214,46.833,47.487,48.06,48.631,48.689,49.089,50.233,51.223,52.608,52.232,52.697,53.469,54.097,53.66,55.59,55.619,56.834,57.025,57.246,58.521,59.297,60.864,61.82,63.246,65.298,67.2,68.791,71.063,73.3,75.142,76.587,77.603,78.059,79.226,79.937,80.707,83.15,85.791,86.526,86.406,87.883,87.581,91.438,95.189,97.111,99.002,100.61,102.878,104.085,105.502,107.208,109.191,111.706,114.737,113.361,113.902,113.648,115.15,114.453,114.883,114.672,111.854,113.211,109.372,103.808,100.357,98.593,99.699,101.35,103.956,106.994,107.523,109.674,110.82,112.413,113.618,116.015,118.18,116.98,117.728,119.334,121.834,123.536,126.416,127.75,127.997,131.92,133.867
"14","6","    Recreational goods and vehicles","DREQRA3",2.51,2.543,2.534,2.581,2.709,2.686,2.73,2.752,2.728,2.79,2.815,2.917,3.073,3.187,3.313,3.476,3.649,3.577,3.625,3.568,3.563,3.665,3.722,3.532,3.631,3.858,3.955,4.069,4.155,4.167,4.225,4.332,4.32,4.471,4.56,4.66,4.685,4.793,4.789,4.949,4.996,5.127,5.095,5.003,4.861,4.697,4.829,5.044,4.918,4.974,5.106,4.954,4.893,4.988,5.032,5.14,5.387,5.648,5.928,6.249,6.57,6.717,6.84,7.107,7.355,7.461,7.563,7.887,8.112,8.378,8.995,9.546,9.488,9.772,10.017,9.958,10.342,10.665,10.807,11.146,10.808,11.183,11.394,11.429,11.541,11.478,11.453,11.426,11.574,11.824,12.104,11.936,12.273,12.275,12.728,13.156,13.807,14.368,14.755,15.26,15.758,16.582,17.085,18.12,18.198,18.753,19.882,20.4,20.908,22.063,22.703,23.51,24.256,25.269,26.315,27.217,28.521,29.883,31.756,33.18,34.669,36.321,38.095,39.836,42.307,42.85,43.901,44.815,45.481,46.712,47.696,49.992,51.72,52.459,53.13,54.231,55.133,57.919,61.763,64.29,66.1,67.889,69.974,71.67,74.964,77.751,79.038,81.158,85.977,86.776,88.676,92.503,94.17,96.62,100.312,102.572,101.441,104.718,102.96,97.42,98.291,97.026,100.653,104.03,106.682,109.893,112.244,114.671,117.801,120.137,123.034,126.443,130.944,133.288,136.682,140.057,144.169,147.627,150.675,152.769,154.15,159.025,164.919
"15","7","    Other durable goods","DODGRA3",17.151,17.127,16.909,16.987,17.461,17.454,18.15,18.419,18.217,18.561,18.918,19.06,19.048,19.492,19.812,20.48,21.577,22.126,22.568,23.274,23.403,23.911,23.718,22.929,23.729,24.229,25.415,26.038,26.786,27.285,27.675,27.719,25.899,28.52,29.818,31.46,29.816,30.492,30.943,30.78,29.435,30.228,30.831,29.949,29.051,26.562,26.563,27.987,27.911,28.145,28.308,27.447,27.315,28.179,28.098,28.415,29.397,30.036,30.893,31.743,32.504,33.766,34.234,35.444,35.545,35.781,36.924,37.883,38.662,39.348,40.401,44.406,42.181,42.347,41.836,42.307,43.21,43.483,43.524,44.115,43.442,43.917,44.135,45.053,45.385,44.052,44.197,43.824,43.411,43.462,41.897,40.975,42.533,42.765,43.735,44.151,44.435,45.051,46.341,46.085,46.757,47.035,47.684,48.773,48.096,48.554,48.737,49.303,50.276,51.87,52.218,53.262,53.499,53.489,54.791,56.24,57.461,59.456,60.607,61.912,64.506,65.373,67.335,70.795,71.156,73.431,73.851,73.384,72.385,70.647,70.168,72.353,74.204,75.468,76.017,77.472,77.588,81.279,85.057,87.688,89.821,89.34,90.156,91.736,94.543,96.317,96.713,100.164,103.581,103.149,103.652,105.429,105.997,108.812,110.397,110.253,107.85,107.316,105.969,99.911,99.208,99.741,100.465,100.586,102.549,102.728,104.579,107.091,108.27,109.854,111.426,110.325,112.809,114.694,117.211,119.424,121.636,122.622,122.463,124.969,125.222,127.39,126.977
"16","8","  Nondurable goods","DNDGRA3",40.633,40.723,40.875,41.149,41.502,41.476,41.774,42.261,42.434,42.531,42.444,42.733,42.874,44.033,44.64,45.483,45.757,45.37,45.583,45.403,44.794,44.497,44.593,43.797,43.881,44.853,45.292,45.181,46.097,46.805,47.164,47.66,47.629,47.625,47.861,48.889,49.098,49.476,49.86,50.503,50.726,50.628,51.221,51.491,51.466,50.769,50.645,50.843,51.292,51.52,51.634,51.832,51.928,51.838,52.059,52.594,52.764,53.385,54.197,54.858,54.997,56.199,56.242,56.675,57.021,57.466,57.938,58.455,59.196,59.723,59.847,60.334,60.413,60.874,60.924,60.998,61.656,62.146,62.575,63.227,63.513,63.61,64.248,64.976,64.891,64.963,65.068,64.415,64.445,64.824,64.933,64.375,65.333,65.608,65.999,66.66,66.727,67.258,67.923,68.396,69.311,69.86,70.462,71.21,71.465,71.817,72.072,72.443,72.912,73.849,74.375,74.977,75.433,75.475,76.689,77.228,77.783,78.725,79.291,80.365,81.844,82.605,82.987,84.677,83.935,85.606,86.17,86.999,86.48,86.883,87.286,88.025,88.351,88.395,88.612,89.767,90.384,91.043,92.729,93.371,94.077,94.368,95.099,95.956,97.191,97.613,97.829,99.498,100.32,100.652,101.156,102.845,103.055,102.851,102.991,102.91,102.346,103.063,101.703,100.158,100.231,99.506,99.879,100.384,101.218,101.699,102.338,103.647,104.135,104.159,103.89,104.01,104.519,104.728,105.012,105.051,106.278,106.223,106.955,107.664,107.669,108.252,108.932
"17","9","    Food and beverages purchased for off-premises consumption","DFXARA3",58.698,58.447,58.397,59.045,59.835,59.897,60.361,61.052,61.349,61.15,60.59,60.926,60.363,62.431,62.738,63.351,62.345,61.006,61.027,60.172,59.9,59.392,60.714,59.61,59.686,61.366,61.821,61.065,62.632,64.043,64.353,64.873,65.044,64.633,64.488,65.52,65.164,64.102,64.308,64.978,64.894,65.017,65.723,66.516,67.217,66.73,65.787,65.115,65.328,66.056,65.901,66.665,66.549,66.854,67.266,68.403,68.152,68.585,69.458,69.675,69.208,70.48,70.742,70.99,71.259,72.032,72.821,73.613,74.311,74.002,73.385,73.942,73.503,73.401,73.424,73.423,74.536,75.459,75.6,75.916,76.223,75.763,76.297,76.99,77.089,78.288,78.337,77.883,77.702,78.036,78.201,77.268,77.542,77.295,77.312,77.847,77.758,77.836,78.268,78.664,79.396,80.315,80.447,81.078,80.927,80.531,80.541,80.892,81.259,81.641,81.487,81.747,82.323,81.893,82.379,82.38,82.363,83.107,83.729,84.355,85.377,86.259,87.037,88.423,87.59,88.932,89.098,90.009,89.733,90.374,90.108,90.31,90.004,90.192,90.565,91.352,92.073,91.944,93.347,93.179,94.097,94.177,94.917,95.929,97.406,97.773,98.621,99.787,100.218,101.188,101.409,102.829,103.012,102.489,102.575,103.001,102.509,102.952,101.595,99.13,98.895,99.64,100.252,101.213,102.1,101.378,101.802,103.298,103.58,103.527,103.109,102.868,103.588,104.024,104.331,104.518,105.221,104.496,105.055,105.724,105.453,105.091,105.074
"18","10","    Clothing and footwear","DCLORA3",21.544,21.626,21.745,21.633,21.379,21.313,21.255,21.605,21.749,22.284,22.405,22.713,22.9,23.481,24.214,24.902,25.587,25.505,25.551,25.725,25.816,25.505,25.073,24.018,24.841,25.687,26.122,26.295,26.621,26.68,27.044,27.342,27.39,27.921,28.368,29.778,30.091,31.211,31.683,32.426,32.423,32.626,33.738,33.931,33.724,33.563,34.428,35.117,36.051,36.234,36.674,36.584,36.97,36.337,36.99,37.666,37.966,39.225,39.706,41.197,41.842,43.273,42.631,43.434,43.801,44.419,45.006,45.588,46.767,48.305,48.548,48.596,49.397,49.607,50.366,49.974,50.66,50.361,51.508,52.677,52.844,53.542,54.736,54.95,54.493,53.661,53.541,52.884,53.462,54.237,54.076,52.954,55.126,56.007,57.145,57.855,57.646,58.737,59.332,60.049,61.46,61.336,62.26,63.917,63.701,64.376,65.53,65.593,66.043,67.673,68.81,69.245,69.275,68.657,70.939,71.838,73.372,74.605,74.062,75.783,78.522,79.199,79.726,79.932,81.234,82.993,83.9,84.609,83.251,83.795,83.696,85.14,86.101,86.126,85.619,88.293,87.991,90.347,92.334,92.55,94.877,93.761,94.724,96.623,97.935,99.997,99.729,102.693,103.305,102.584,103.656,104.742,105.412,105.349,106.178,105.772,104.932,108.031,105.789,101.884,100.652,98.769,99.815,100.764,103.054,104.745,104.993,108.305,109.247,110.293,108.599,109.44,111.058,109.14,110.593,109.948,111.299,111.812,110.729,111.403,110.363,111.872,112.216
"19","11","    Gasoline and other energy goods","DGOERA3",69.642,70.535,70.771,72.274,73.456,72.774,73.892,73.918,75.333,76.526,76.192,76.254,77.902,78.555,80,83.274,85.116,84.521,84.89,83.578,74.416,76.89,78.414,80.865,79.331,80.057,79.413,79.004,81.424,82.972,84.105,86.321,84.705,84.592,85.561,85.971,86.695,87.373,86.364,85.892,88.181,84.048,82.771,81.328,79.216,76.593,75.4,75.382,75.89,75.679,75.555,75.493,76.354,76.506,75.237,75.014,76.692,76.372,77.975,78.745,78.182,79.416,79.949,80.608,80.676,81.077,81.347,81.213,82.9,84.752,86.036,87.12,85.854,88.171,86.023,87.273,88.12,89.38,89.339,90.368,90.51,90.014,89.843,92.55,89.826,89.385,90.188,87.008,86.896,88.428,89.492,88.698,90.131,92.157,92.406,92.94,92.74,93.748,95.388,94.973,96.205,95.636,95.968,95.068,97.409,98.198,97.1,97.311,98.628,99.259,99.289,99.011,99.662,101.05,101.494,101.976,102.54,103.796,104.475,104.695,105.268,107.472,105.998,106.318,102.279,104.025,104.251,103.415,103.679,102.154,103.831,103.907,103.319,104.182,104.578,104.714,103.636,103.33,104.527,105.742,105.374,105.544,104.873,105.005,106.925,104.31,102.752,104.989,104.131,103.359,104.078,106.611,106.022,104.625,103.853,102.847,101.991,100.443,96.964,99.061,102.588,100.085,99.226,98.101,98.181,99.312,99.891,99.41,98.473,95.983,95.85,95.418,94,95.486,95.216,93.747,95.076,95.042,95.93,95.913,96.436,95.641,95.866
"20","12","    Other nondurable goods","DONGRA3",29.249,29.481,29.811,29.861,30.262,30.342,30.662,31.081,30.869,30.473,30.668,30.857,31.294,32.045,32.466,33.014,33.696,34.083,34.647,35.118,35.547,34.831,33.785,32.903,32.546,32.799,33.442,33.823,34.166,34.518,34.671,34.842,34.921,34.802,34.998,35.642,36.195,37.254,38.058,38.788,39.002,39.517,40.057,40.427,40.579,39.923,40.229,41.059,41.325,41.236,41.469,41.418,41.186,41.045,41.269,41.356,41.315,41.942,42.689,43.099,43.686,44.643,44.837,45.099,45.6,45.6,45.733,46.121,46.26,46.467,46.936,47.527,47.881,48.618,48.708,48.902,49.043,49.494,49.768,50.255,50.624,50.96,51.498,52.127,52.763,52.517,52.645,52.501,52.378,52.227,52.222,52.443,53.093,53.038,53.308,54.059,54.494,54.947,55.623,56.194,56.869,57.727,58.594,59.258,59.673,60.396,60.643,61.234,61.602,62.69,63.591,64.795,65.325,65.851,67.281,68.116,68.642,69.518,70.59,71.854,73.206,73.6,73.932,76.903,76.011,77.877,78.698,79.937,79.401,80.023,80.927,81.964,82.756,82.507,82.862,83.869,85.213,86.06,87.96,89.367,89.466,90.602,91.643,92.141,92.887,93.676,94.179,95.547,97.499,98.143,98.593,100.446,100.812,101.343,101.641,101.6,101.174,102.349,102.473,100.955,100.59,99.414,99.725,100.271,100.842,101.75,102.758,103.889,105.029,105.982,106.301,106.782,107.662,107.803,107.906,108.835,110.452,110.815,112.314,113.431,113.839,115.664,117.367
"21","13","Services","DSERRA3",27.558,27.897,28.119,28.469,28.774,28.957,29.286,29.434,29.637,29.936,30.218,30.693,31.21,31.591,32.019,32.592,33.01,33.292,33.514,33.641,33.592,33.922,34.09,34.433,34.753,35.187,35.358,35.856,36.275,36.516,36.963,37.476,37.923,38.07,38.483,38.851,39.468,40.059,40.345,40.554,40.967,41.223,41.387,41.747,41.809,41.544,42.009,42.631,42.535,42.804,42.765,42.804,42.974,43.264,43.677,44.408,44.985,45.554,46.196,46.661,46.883,47.274,47.888,48.437,49.316,49.787,50.476,50.914,51.103,51.438,51.908,52.5,53.271,53.82,54.317,54.844,55.605,56.093,56.9,57.386,57.773,58.01,58.416,58.972,59.295,60.019,60.505,60.362,60.347,60.956,61.209,61.592,62.608,63.101,63.78,64.489,64.731,65.047,65.791,66.226,66.776,67.25,67.71,68.11,68.595,69.298,69.818,70.211,70.913,71.334,71.719,72.108,72.749,73.298,74.182,74.987,75.875,76.867,77.799,78.271,78.896,79.679,80.562,81.634,82.887,83.888,84.669,85.431,85.877,86.09,86.24,86.588,87.116,87.616,87.962,88.552,88.883,89.378,90.048,90.682,91.509,92.152,92.909,93.832,94.329,95.236,96.088,96.592,97.231,97.936,98.386,99.112,99.628,99.945,100.374,100.527,100.932,101.007,100.895,100.779,100.21,99.864,99.912,100.013,100.332,100.93,101.436,102.062,102.459,102.869,103.431,103.448,103.915,104.241,104.576,104.948,105.576,106.106,106.439,107.421,107.774,108.014,108.685
"22","14","  Household consumption expenditures (for services)","DHCERA3",29.207,29.572,29.802,30.165,30.482,30.668,31.001,31.175,31.384,31.69,31.974,32.453,33.03,33.435,33.915,34.478,34.962,35.257,35.542,35.674,35.62,35.984,36.182,36.551,36.917,37.382,37.552,38.069,38.493,38.754,39.242,39.798,40.292,40.453,40.893,41.244,41.92,42.555,42.873,43.073,43.481,43.764,44.005,44.358,44.403,44.106,44.547,45.188,45.076,45.379,45.275,45.238,45.355,45.617,46.013,46.748,47.306,47.902,48.529,48.947,49.152,49.509,50.11,50.624,51.593,52.067,52.789,53.258,53.374,53.626,54.099,54.712,55.517,56.082,56.573,57.11,57.83,58.281,59.067,59.528,59.922,60.078,60.412,60.914,61.206,61.834,62.2,61.988,61.932,62.547,62.738,63.068,64.001,64.402,65.022,65.683,65.949,66.274,66.999,67.429,67.949,68.389,68.813,69.209,69.706,70.422,70.957,71.324,71.983,72.397,72.786,73.266,74.084,74.684,75.619,76.433,77.286,78.247,79.127,79.523,80.158,80.957,81.864,82.953,84.171,85.209,85.91,86.613,87.063,87.212,87.306,87.594,88.081,88.499,88.71,89.235,89.579,90.043,90.73,91.389,92.195,92.883,93.688,94.658,95.303,96.162,97.033,97.368,97.886,98.486,98.887,99.674,100.198,100.581,100.967,100.935,101.243,101.157,100.905,100.624,100.171,99.907,99.953,99.968,100.297,100.882,101.475,102.168,102.618,103.033,103.516,103.603,104.043,104.237,104.56,104.789,105.506,106.044,106.322,107.232,107.605,107.811,108.417
"23","15","    Housing and utilities","DHUTRA3",32.818,33.142,33.668,34.074,34.277,34.483,34.883,35.19,35.576,35.977,36.344,36.916,37.345,37.881,38.286,39.043,39.191,39.678,40.26,40.56,40.852,41.627,42.155,42.603,42.598,43.157,43.419,43.42,43.725,44.004,44.515,45.236,45.332,45.104,45.837,46.148,47.045,47.57,47.956,48.531,49.17,49.327,49.435,49.956,50.533,50.94,51.41,51.834,51.313,52.098,52.045,52.3,52.561,52.211,52.202,52.38,52.422,53.001,53.871,54.456,54.396,55.128,55.407,55.991,56.977,56.722,57.57,58.366,58.097,58.527,59.009,59.498,59.599,60.154,60.669,61.166,61.838,62.087,62.746,63.148,63.508,63.577,63.97,65.008,64.295,65.192,65.651,65.76,65.798,66.743,66.971,67.042,67.173,67.806,68.147,68.838,69.153,69.291,70.218,70.689,71.382,72.062,72.337,72.712,73.138,74.126,74.94,75.069,75.851,75.999,75.825,76.468,76.678,77.324,77.792,78.859,79.02,80.011,80.637,80.558,81.404,82.195,83.052,83.06,83.494,84.642,85.415,86.807,87.258,87.168,87.523,87.449,87.438,87.806,87.955,88.493,88.679,88.943,89.065,89.716,90.289,90.94,91.459,92.63,93.613,94.751,95.807,96.131,95.895,96.999,97.606,97.208,97.688,97.827,98.11,97.823,98.598,98.896,98.604,99.459,99.631,99.838,100.023,100.508,100.859,100.826,101.356,101.906,101.984,102.308,102.997,102.707,102.303,103.251,103.759,103.312,104.583,104.57,104.18,104.682,106.113,105.239,104.78
"24","16","    Health care","DHLCRA3",26.284,26.616,26.778,27.068,27.551,27.7,28.231,28.993,29.283,29.835,30.47,30.978,31.457,31.993,32.44,32.934,33.845,34.452,34.78,35.01,35.324,35.665,35.788,36.057,36.986,37.559,37.385,38.26,38.627,39.014,39.375,39.749,40.171,41.071,41.5,41.626,42.37,43.033,43.112,43.385,43.631,44.249,44.703,45.105,45.176,44.836,45.92,46.868,47.327,48.169,48.287,47.831,47.531,47.856,48.091,48.6,48.945,49.486,49.602,49.782,50.089,50.093,50.308,50.529,50.938,51.329,52.105,52.783,53.047,53.102,53.468,54.005,54.641,55.302,56.063,56.499,57.161,57.601,58.159,58.331,58.473,58.279,58.293,58.853,59.59,60.31,60.865,61.006,60.955,61.313,61.744,62.391,62.917,63.428,63.78,63.717,63.815,63.715,63.782,63.816,63.932,64.139,64.357,64.698,65.113,65.414,65.807,66.118,66.147,66.798,67.046,67.886,68.252,68.62,69.332,69.99,70.864,71.201,71.528,71.574,71.728,72.013,72.597,73.284,73.712,74.685,75.193,75.986,77.082,77.956,79.105,80.369,81.964,83.156,83.808,84.265,84.777,85.21,85.856,86.431,87.023,88.042,89.287,90.148,90.563,91.146,92.269,92.364,92.907,93.39,93.891,94.708,95.214,95.631,96.499,96.89,97.929,98.118,98.322,98.612,99.302,100.072,100.462,100.164,99.917,100.831,101.825,102.789,103.236,103.737,103.674,104.828,106.456,106.768,107.699,107.993,108.093,109.044,109.746,110.894,110.509,111.585,112.855
"25","17","    Transportation services","DTRSRA3",34.639,35.168,35.699,36.329,36.326,36.473,37.004,36.992,37.309,37.993,38.533,39.172,39.874,40.224,40.655,41.042,41.157,41.153,41.126,41.05,41.526,41.491,41.308,41.081,41.096,41.504,42.245,42.787,43.499,43.848,43.986,44.676,46.071,46.816,47.746,47.81,47.698,48.517,48.562,48.212,49.456,49.984,49.811,49.565,48.232,46.31,46.459,46.031,45.888,44.802,44.974,44.406,43.73,43.627,43.971,44.825,45.989,46.449,47.783,49.206,50.801,52.257,53.476,55.101,56.862,58.319,58.962,59.671,60.407,60.53,61.429,61.619,62.305,63.334,63.993,64.361,65.509,66.625,67.733,68.797,68.625,68.66,68.792,68.626,68.786,68.967,68.688,67.975,65.744,65.372,64.955,65.311,66.527,67.622,70.199,70.256,70.608,71.76,73.034,74.748,76.625,78.461,80.327,82.241,83.341,84.274,86.066,87.921,90.111,91.524,93.054,94.908,97.593,98.785,100.317,100.781,101.77,103.09,104.316,105.698,107.192,108.516,110.687,111.949,113.442,114.697,115.466,115.888,116.046,115.541,113.382,111.417,111.608,110.565,110.387,110.416,111.034,110.655,111.777,112.45,113.577,114.536,114.526,115.116,115.261,115.633,115.961,115.289,115.033,115.715,115.661,116.877,117.47,117.481,117.001,116.138,114.644,112.708,110.311,105.952,102.363,100.476,99.053,98.108,98.239,98.784,99.429,99.979,100.167,101.312,102.171,102.472,102.623,103.088,103.885,104.061,105.408,106.014,106.282,107.018,107.506,108.487,109.192
"26","18","    Recreation services","DRCARA3",16.905,17.199,17.011,17.194,17.591,17.622,17.741,17.783,17.879,18.121,18.279,18.876,18.851,19.07,19.358,19.764,20.438,20.854,20.973,21.337,21.59,22.01,22.55,23.106,23.256,23.135,23.512,23.959,24.211,24.663,25.483,25.975,25.862,26.343,26.961,27.511,27.646,27.71,28.209,28.288,28.856,29.169,29.504,29.77,30.028,29.802,30.228,31.205,31.686,32.756,33.547,33.565,33.999,34.241,34.638,35.054,35.976,37.119,37.999,38.619,39.114,39.527,40.182,40.836,41.665,42.489,43.114,43.937,44.171,44.354,44.798,45.802,46.095,46.419,46.937,47.812,49.218,50.746,52.061,53.024,53.852,54.345,54.779,54.864,55.917,56.881,57.088,57.399,56.351,56.077,56.261,56.969,58.973,59.627,60.355,61.627,62.503,63.41,64.832,65.006,65.646,66.74,67.974,68.469,70.114,71.944,73.037,74.184,74.381,75.167,76.322,76.485,77.238,77.783,78.08,78.853,79.775,79.804,80.76,81.452,82.15,83.45,85.248,86.201,86.125,86.861,86.989,86.787,87.481,86.578,86.096,86.039,86.583,86.718,86.953,87.938,87.888,89.268,90.72,92.073,93.504,94.473,95.158,95.361,96.392,96.934,96.945,97.681,98.987,99.563,100.289,102.679,103.409,103.86,104.939,104.892,104.562,104.39,103.106,101.741,100.786,99.822,99.367,100.025,100.814,100.278,101.699,102.481,102.124,103.659,104.293,104.382,104.964,105.2,105.424,105.805,107.381,107.342,108.295,108.551,108.041,107.549,107.727
"27","19","    Food services and accommodations","DFSARA3",38.701,39.541,39.261,39.487,40.358,40.805,40.864,40.402,39.983,40.272,40.666,41.334,42.668,43.296,44.091,44.59,45.91,45.486,46.027,45.934,45.219,45.462,45.326,45.671,46.106,47.194,47.151,48.78,49.587,49.893,50.687,50.479,52.587,51.787,50.927,50.708,51.921,53.376,54.547,54.896,55.571,54.741,54.943,56.144,55.631,54.912,55.042,55.914,56.471,56.303,55.637,55.298,55.246,56.105,56.68,57.156,57.672,57.809,58.567,58.541,59.481,59.189,60.186,60.17,60.32,60.915,60.579,60.398,61.506,62.127,62.366,63.213,64.41,65.195,65.465,67.167,67.213,68.748,70.455,71.419,71.121,70.956,71.592,71.843,73.466,74.069,74.588,73.554,72.962,74.372,74.244,74.284,76.164,74.545,75.035,77.655,76.924,77.405,78.103,77.697,77.669,78.64,79.24,79.335,78.766,78.886,78.982,78.814,78.814,79.196,79.292,79.991,80.764,80.724,81.577,81.008,81.919,82.937,83.253,84.419,84.13,84.637,84.976,86.976,88.396,89.173,89.482,89.185,89.841,88.954,88.459,88.317,89.617,90.287,90.45,90.59,91.243,92.949,94.521,95.479,96.516,96.654,97.536,98.548,99.112,100.543,101.243,102.279,103.789,103.217,103.819,105.388,104.91,105.15,105.254,106.179,104.774,105.348,104.321,102.731,100.911,99.921,99.648,99.52,100.458,101.227,101.83,102.663,103.629,103.818,104.345,104.817,105.925,106.279,106.913,108.07,108.877,108.593,108.649,110.548,110.197,111.622,112.968
"28","20","    Financial services and insurance","DIFSRA3",17.316,17.532,17.634,17.96,17.903,18.108,18.384,18.65,18.958,18.933,18.906,18.919,19.589,19.754,20.256,20.521,20.929,21.106,21.234,21.455,20.968,21.278,21.953,22.571,23.457,23.683,23.77,24.157,24.541,24.816,25.197,25.695,26.039,26.313,26.787,27.358,27.535,28.186,28.096,28.086,28.005,29.081,29.246,29,29.271,28.576,29.135,29.812,29.308,29.041,28.603,28.901,29.43,30.24,31.534,33.715,35.141,35.558,36.216,35.964,35.359,35.667,36.465,36.73,38.772,39.621,40.581,40.862,41.031,41.47,41.949,42.828,44.111,44.196,44.244,44.122,44.768,44.874,45.308,45.574,46.913,47.481,47.849,48.015,48.299,48.413,48.766,49.183,51.329,52.744,53.186,53.871,55.813,56.031,56.677,57.479,59.121,59.988,60.846,61.935,62.442,61.821,61.496,61.832,62.739,63.864,64.509,64.836,66.008,66.251,66.08,66.691,67.961,68.693,70.659,71.546,72.872,75.271,76.998,78.282,80.148,82.178,83.986,86.765,91.132,91.314,91.915,92.413,91.023,90.076,88.806,89.491,89.045,89.007,89.522,89.433,88.632,89.039,89.709,90.405,91.778,92.059,93.058,95.163,96.203,97.813,98.826,98.885,99.938,99.924,99.779,100.976,102.283,103.375,103.901,103.561,103.247,102.693,102.769,101.566,100.673,100.01,100.034,99.283,100.349,102.391,102.289,103.301,104.037,103.841,104.684,103.127,101.403,99.746,97.754,98.201,99.465,101.127,101.653,103.075,103.789,104.489,106.286
"29","21","    Other services","DOTSRA3",34.302,34.592,34.85,35.313,35.788,35.859,36.097,35.792,35.862,35.955,35.899,36.405,37.008,37.211,37.725,38.447,38.682,38.878,38.697,38.391,37.841,37.668,36.997,37.175,37.25,37.521,37.825,38.31,38.768,38.671,39.115,40.107,40.454,40.697,41.165,42.032,42.876,43.266,43.589,43.316,43.399,43.337,43.8,44.047,43.569,43.237,43.021,43.777,43.473,43.271,43.03,42.965,43.188,43.803,44.199,45.142,45.768,46.837,47.124,48.118,48.441,48.562,49.65,50.623,51.453,52.589,53.508,53.395,53.064,52.802,53.433,53.964,56.055,56.806,57.403,57.974,59.008,58.781,59.581,60.041,60.423,61.038,61.558,61.775,62.292,62.766,62.821,61.163,60.279,60.003,59.898,59.899,61.055,62.03,63.058,63.41,62.904,63.215,64.122,64.772,65.542,65.808,66.696,66.922,67.345,67.719,67.432,67.952,69.142,69.355,71.235,70.068,71.987,73.055,74.497,76.096,77.804,78.679,80.54,80.719,80.918,81.317,81.641,83.56,85.282,87.281,88.8,89.244,90.041,91.796,92.022,92.134,91.984,91.922,91.324,92.727,94.004,94.031,94.943,95.228,95.887,96.571,97.256,97.392,97.426,97.426,97.972,98.704,99.551,100.614,100.737,102.303,102.819,103.218,102.974,102.603,103.129,102.304,102.682,102.391,101.035,99.501,99.549,99.915,100.126,100.561,100.748,100.888,101.955,102.344,102.887,102.831,104.23,103.981,104.434,105.075,104.684,105.438,105.994,106.538,106.613,106.292,106.546
"30","22","  Final consumption expenditures of nonprofit institutions serving households (NPISHs) \1\","DNPIRA3",5.154,5.183,5.259,5.364,5.453,5.529,5.679,5.613,5.682,5.795,5.938,6.157,6.094,6.155,6.093,6.442,6.295,6.371,6.145,6.182,6.185,6.172,6.1,6.141,6.061,6.114,6.205,6.354,6.531,6.55,6.562,6.593,6.573,6.575,6.635,6.908,6.911,6.977,6.951,7.102,7.337,7.32,7.005,7.218,7.337,7.375,7.728,7.941,7.98,7.933,8.267,8.725,9.128,9.462,9.807,10.205,10.679,10.829,11.331,11.967,12.241,12.751,13.255,13.912,13.753,14.052,14.239,14.257,15.031,16.019,16.326,16.551,16.784,17.024,17.453,17.745,18.713,19.45,20.267,20.905,21.127,22.229,23.392,24.495,25.143,27.001,29.031,29.887,30.475,30.963,32.12,33.299,35.577,37.584,39.248,40.797,40.643,40.79,41.898,42.439,43.525,44.651,45.821,46.297,46.55,47.002,47.219,48.128,49.715,50.266,50.572,49.13,46.199,45.738,45.613,46.253,47.825,49.426,51.342,53.231,53.647,54.099,54.529,55.246,57.132,57.43,59.656,61.483,61.85,63.207,64.348,65.754,67.009,68.981,71.79,73.605,73.711,74.817,75.166,75.3,76.53,76.26,76.033,75.971,73.421,75.319,75.763,79.747,82.927,85.838,87.353,86.77,87.126,86.024,87.363,91.508,94.032,97.636,100.637,104.189,101.055,98.862,98.99,101.092,101.167,102.064,100.505,99.549,98.672,98.968,101.428,99.722,100.84,104.392,105.006,108.942,107.345,107.686,109.377,112.129,111.989,113.069,115.309
"31","23","    Gross output of nonprofit institutions \2\","DNPERA3",22.655,22.975,23.198,23.565,23.909,23.996,24.463,24.736,25.173,25.784,26.307,26.756,27.105,27.395,27.506,27.95,28.186,28.515,28.038,28.369,28.359,28.731,28.646,28.842,29.209,29.666,29.574,30.52,31.07,31.125,31.458,31.712,32.044,32.528,32.488,33.113,33.637,34.403,34.498,34.77,35.053,35.38,35.111,35.642,35.823,35.693,36.722,37.2,37.342,37.758,37.99,38.358,38.689,39.35,39.691,40.254,40.607,40.876,41.013,41.485,41.806,42.204,42.559,43.122,43.235,43.517,44.137,44.689,45.393,46.066,46.227,46.565,47.055,47.645,48.305,48.696,49.545,50.166,51.007,51.326,51.526,51.998,52.555,53.288,54.013,55.166,56.278,56.464,56.555,57.112,57.774,58.668,59.546,60.364,61.14,61.493,61.734,61.899,62.414,62.506,62.78,63.245,63.757,64.113,63.94,64.159,64.378,64.808,65.062,65.781,66.165,66.841,66.355,66.505,67.072,67.719,68.973,69.646,70.583,71.298,71.765,72.146,72.686,73.451,74.078,74.786,75.617,76.576,77.426,78.248,79.316,80.462,81.861,83.232,84.321,84.754,84.87,85.105,85.396,85.651,86.297,86.925,87.936,88.798,88.342,89.151,90.155,90.993,91.996,92.866,93.614,94.119,94.797,94.837,95.356,96.226,97.28,97.935,98.768,99.543,99.666,99.876,100.206,100.252,99.999,101.067,101.678,102.275,101.928,102.183,102.051,102.971,104.555,104.847,106.143,106.328,105.919,106.867,107.38,109.239,108.098,109.331,110.703
"32","24","    Less: Receipts from sales of goods and services by nonprofit institutions \3\","DNPSRA3",35.306,35.92,36.2,36.717,37.225,37.214,37.83,38.584,39.344,40.364,41.117,41.513,42.428,42.891,43.287,43.345,44.227,44.736,44.297,44.912,44.881,45.719,45.727,46.042,47.044,47.891,47.454,49.1,49.824,49.896,50.577,51.038,51.799,52.825,52.59,53.235,54.346,55.814,56.078,56.282,56.302,57.036,57.247,57.845,57.937,57.566,58.883,59.382,59.585,60.56,60.287,60.059,59.915,60.596,60.626,61.016,60.888,61.16,60.613,60.532,60.73,60.736,60.688,60.835,61.271,61.403,62.297,63.281,63.57,63.568,63.49,63.836,64.449,65.228,65.922,66.289,66.738,67.049,67.675,67.595,67.726,67.521,67.442,67.744,68.414,68.871,69.192,68.911,68.688,69.259,69.571,70.236,70.259,70.393,70.68,70.431,70.877,71.06,71.296,71.179,71.071,71.228,71.437,71.739,71.38,71.498,71.718,71.94,71.619,72.409,72.825,74.414,74.989,75.408,76.28,76.934,78.046,78.294,78.772,78.939,79.42,79.763,80.348,81.127,81.157,82.052,82.21,82.745,83.816,84.365,85.381,86.385,87.831,88.899,89.177,88.981,89.112,88.973,89.244,89.555,89.962,90.957,92.468,93.697,94.075,94.444,95.67,95.261,95.412,95.49,95.944,96.866,97.667,98.14,98.344,97.983,98.485,98.046,98.082,97.852,99.16,100.226,100.634,99.981,99.615,100.739,102.071,103.183,103.012,103.252,102.266,104.043,105.776,105.012,106.525,105.519,105.487,106.63,106.765,108.34,106.879,108.162,109.255
"33",NA,"Addenda:"," ",NA,NA,NA,NA,NA,NA,NA,NA,NA,NA,NA,NA,NA,NA,NA,NA,NA,NA,NA,NA,NA,NA,NA,NA,NA,NA,NA,NA,NA,NA,NA,NA,NA,NA,NA,NA,NA,NA,NA,NA,NA,NA,NA,NA,NA,NA,NA,NA,NA,NA,NA,NA,NA,NA,NA,NA,NA,NA,NA,NA,NA,NA,NA,NA,NA,NA,NA,NA,NA,NA,NA,NA,NA,NA,NA,NA,NA,NA,NA,NA,NA,NA,NA,NA,NA,NA,NA,NA,NA,NA,NA,NA,NA,NA,NA,NA,NA,NA,NA,NA,NA,NA,NA,NA,NA,NA,NA,NA,NA,NA,NA,NA,NA,NA,NA,NA,NA,NA,NA,NA,NA,NA,NA,NA,NA,NA,NA,NA,NA,NA,NA,NA,NA,NA,NA,NA,NA,NA,NA,NA,NA,NA,NA,NA,NA,NA,NA,NA,NA,NA,NA,NA,NA,NA,NA,NA,NA,NA,NA,NA,NA,NA,NA,NA,NA,NA,NA,NA,NA,NA,NA,NA,NA,NA,NA,NA,NA,NA,NA,NA,NA,NA,NA
"34","25","  PCE excluding food and energy \4\","DPCCRA3",24.395,24.615,24.744,24.903,25.004,25.159,25.368,25.228,25.787,26.078,26.406,26.925,27.394,27.843,28.332,29.018,29.787,29.891,29.993,30.008,29.938,30.018,29.993,29.457,29.821,30.224,30.752,31.297,31.878,32.084,32.422,32.782,33.299,33.644,33.964,34.519,34.746,35.782,35.984,36.279,36.417,36.516,36.992,37.059,36.964,36.024,36.632,37.299,37.635,37.472,37.715,37.262,37.513,37.71,38.114,38.902,39.372,40.24,40.935,41.691,42.266,42.797,43.221,43.884,44.665,45.235,46.171,46.201,46.656,47.246,48.297,48.572,48.666,49.362,50.102,50.207,51.089,51.446,51.924,52.593,52.831,53.219,53.79,53.837,54.645,54.651,54.862,54.502,54.325,54.686,55.003,55.134,56.338,56.715,57.437,58.133,58.392,59.008,59.613,60.21,60.928,61.381,61.986,62.774,62.949,63.538,64.166,64.7,65.253,66.062,66.628,67.162,67.967,68.305,69.619,70.466,71.365,72.642,73.661,74.966,75.636,76.761,77.665,78.952,80.511,81.137,81.999,82.65,83.126,83.493,83.818,85.289,85.601,85.984,86.613,87.001,87.423,88.553,89.944,90.68,91.595,92.261,93.276,94.223,94.868,96.059,96.839,97.15,98.573,98.981,99.535,100.611,101.132,101.616,102.143,102.421,102.173,102.42,101.985,100.563,100.076,99.55,100.232,100.142,100.633,101.637,102.274,103.325,104.02,104.412,104.901,105.46,106.43,106.544,107.063,107.866,108.624,109.305,109.972,111.002,111.114,112.228,113.391
"35","26","  Energy goods and services \5\","DNRGRA3",60.49,60.55,61.421,62.6,63.474,63.141,64.224,63.997,65.194,66.106,65.638,66.013,66.981,68.136,69.066,72.318,72.099,72.161,73.17,71.951,65.658,68.352,69.729,71.59,70.288,72.139,71.792,70.598,72.277,73.105,74.767,77.996,76.765,75.091,77.513,77.533,79.007,79.233,78.425,78.505,80.867,77.768,76.033,75.718,74.959,73.465,73.302,73.762,71.98,73.336,72.781,73.093,74.429,73.636,72.444,72.294,72.834,74.159,76.185,76.79,75.133,77.049,76.345,76.786,78.976,76.688,77.831,78.72,77.973,79.419,80.166,81.317,80.22,83.065,81.807,82.275,84.349,84.641,85.447,85.732,86.324,85.103,85.404,89.572,83.392,85.608,86.678,84.563,83.854,87.317,86.948,85.324,85.315,87.671,87.691,89.196,89.364,89.181,92.14,91.873,92.613,93.211,91.71,90.249,90.996,93.447,94.657,93.65,96.491,96.079,93.884,95.114,94.378,95.691,95.627,98.265,96.765,99.638,100.277,97.017,98.619,100.827,101.598,99.243,96.598,100.011,100.657,103.049,101.857,98.009,98.982,98.313,98.402,100.816,101.336,103.037,101.955,101.751,101.226,102.853,103.14,103.29,101.901,103.113,104.155,103.391,103.456,103.623,100.341,102.126,103.563,103.104,104.292,103.591,103.359,100.83,101.436,100.23,96.286,99.394,101.241,100.137,99.368,99.253,100.083,100.164,101.469,101.788,99.959,97.91,98.92,97.148,94.386,97.6,98.249,95.106,98.972,98.079,96.747,97.7,101.961,98.067,96.155
"36","27","  Market-based PCE \6\","DPCMRA3",NA,NA,NA,NA,NA,NA,NA,NA,NA,NA,NA,NA,NA,NA,NA,NA,NA,NA,NA,NA,NA,NA,NA,NA,NA,NA,NA,NA,NA,NA,NA,NA,NA,NA,NA,NA,NA,NA,NA,NA,NA,NA,NA,NA,NA,NA,NA,NA,NA,NA,NA,NA,NA,NA,NA,NA,NA,NA,NA,NA,NA,NA,NA,NA,NA,NA,NA,NA,NA,NA,NA,NA,53.135,53.891,54.568,54.679,55.586,56.025,56.49,57.161,57.353,57.575,58.121,58.354,58.808,58.923,59.072,58.577,58.149,58.622,58.864,58.783,59.821,60.13,60.729,61.399,61.568,62.086,62.697,63.198,63.866,64.383,64.912,65.656,65.723,66.309,67.029,67.509,68.048,68.867,69.168,69.968,70.634,70.909,72.155,72.991,73.618,74.907,75.787,76.91,77.745,78.918,79.839,80.962,82.003,82.818,83.542,84.336,84.718,84.833,85.203,86.577,86.848,87.354,88.027,88.327,88.675,89.821,91.163,91.881,92.749,93.274,94.164,95.148,95.92,96.972,97.751,97.953,98.931,99.449,100.073,101.092,101.693,102.026,102.49,102.629,102.322,102.533,101.587,100.114,99.873,99.582,100.281,100.264,100.796,101.538,102.252,103.436,103.971,104.224,104.633,105.149,105.945,106.413,107,107.482,108.531,108.887,109.372,110.274,110.62,111.247,112.065
"37","28","  Market-based PCE excluding food and energy \6\","DPCXRA3",NA,NA,NA,NA,NA,NA,NA,NA,NA,NA,NA,NA,NA,NA,NA,NA,NA,NA,NA,NA,NA,NA,NA,NA,NA,NA,NA,NA,NA,NA,NA,NA,NA,NA,NA,NA,NA,NA,NA,NA,NA,NA,NA,NA,NA,NA,NA,NA,NA,NA,NA,NA,NA,NA,NA,NA,NA,NA,NA,NA,NA,NA,NA,NA,NA,NA,NA,NA,NA,NA,NA,NA,49.774,50.509,51.347,51.452,52.28,52.678,53.157,53.879,54.038,54.399,54.959,54.952,55.77,55.673,55.785,55.371,54.932,55.268,55.547,55.624,56.785,57.049,57.729,58.37,58.562,59.153,59.669,60.214,60.87,61.345,62.004,62.859,62.914,63.503,64.264,64.821,65.269,66.183,66.644,67.472,68.212,68.503,69.879,70.708,71.492,72.761,73.673,75.022,75.802,76.954,77.893,79.149,80.547,81.183,81.963,82.659,83.183,83.457,83.853,85.437,85.772,86.218,86.924,87.105,87.486,88.823,90.252,91.008,91.903,92.493,93.529,94.498,95.185,96.417,97.238,97.346,98.686,99.066,99.668,100.753,101.354,101.846,102.399,102.715,102.348,102.654,102.023,100.272,99.886,99.537,100.343,100.234,100.71,101.651,102.352,103.565,104.308,104.782,105.225,106.012,107.115,107.357,107.969,108.785,109.636,110.209,110.835,111.757,111.849,112.951,114.081
"38",NA,NA,NA,NA,NA,NA,NA,NA,NA,NA,NA,NA,NA,NA,NA,NA,NA,NA,NA,NA,NA,NA,NA,NA,NA,NA,NA,NA,NA,NA,NA,NA,NA,NA,NA,NA,NA,NA,NA,NA,NA,NA,NA,NA,NA,NA,NA,NA,NA,NA,NA,NA,NA,NA,NA,NA,NA,NA,NA,NA,NA,NA,NA,NA,NA,NA,NA,NA,NA,NA,NA,NA,NA,NA,NA,NA,NA,NA,NA,NA,NA,NA,NA,NA,NA,NA,NA,NA,NA,NA,NA,NA,NA,NA,NA,NA,NA,NA,NA,NA,NA,NA,NA,NA,NA,NA,NA,NA,NA,NA,NA,NA,NA,NA,NA,NA,NA,NA,NA,NA,NA,NA,NA,NA,NA,NA,NA,NA,NA,NA,NA,NA,NA,NA,NA,NA,NA,NA,NA,NA,NA,NA,NA,NA,NA,NA,NA,NA,NA,NA,NA,NA,NA,NA,NA,NA,NA,NA,NA,NA,NA,NA,NA,NA,NA,NA,NA,NA,NA,NA,NA,NA,NA,NA,NA,NA,NA,NA,NA,NA,NA,NA,NA,NA,NA,NA
"39","1. Net expenses of NPISHs, defined as their gross operating expenses less primary",NA,NA,NA,NA,NA,NA,NA,NA,NA,NA,NA,NA,NA,NA,NA,NA,NA,NA,NA,NA,NA,NA,NA,NA,NA,NA,NA,NA,NA,NA,NA,NA,NA,NA,NA,NA,NA,NA,NA,NA,NA,NA,NA,NA,NA,NA,NA,NA,NA,NA,NA,NA,NA,NA,NA,NA,NA,NA,NA,NA,NA,NA,NA,NA,NA,NA,NA,NA,NA,NA,NA,NA,NA,NA,NA,NA,NA,NA,NA,NA,NA,NA,NA,NA,NA,NA,NA,NA,NA,NA,NA,NA,NA,NA,NA,NA,NA,NA,NA,NA,NA,NA,NA,NA,NA,NA,NA,NA,NA,NA,NA,NA,NA,NA,NA,NA,NA,NA,NA,NA,NA,NA,NA,NA,NA,NA,NA,NA,NA,NA,NA,NA,NA,NA,NA,NA,NA,NA,NA,NA,NA,NA,NA,NA,NA,NA,NA,NA,NA,NA,NA,NA,NA,NA,NA,NA,NA,NA,NA,NA,NA,NA,NA,NA,NA,NA,NA,NA,NA,NA,NA,NA,NA,NA,NA,NA,NA,NA,NA,NA,NA,NA,NA,NA,NA
"40","sales to households.",NA,NA,NA,NA,NA,NA,NA,NA,NA,NA,NA,NA,NA,NA,NA,NA,NA,NA,NA,NA,NA,NA,NA,NA,NA,NA,NA,NA,NA,NA,NA,NA,NA,NA,NA,NA,NA,NA,NA,NA,NA,NA,NA,NA,NA,NA,NA,NA,NA,NA,NA,NA,NA,NA,NA,NA,NA,NA,NA,NA,NA,NA,NA,NA,NA,NA,NA,NA,NA,NA,NA,NA,NA,NA,NA,NA,NA,NA,NA,NA,NA,NA,NA,NA,NA,NA,NA,NA,NA,NA,NA,NA,NA,NA,NA,NA,NA,NA,NA,NA,NA,NA,NA,NA,NA,NA,NA,NA,NA,NA,NA,NA,NA,NA,NA,NA,NA,NA,NA,NA,NA,NA,NA,NA,NA,NA,NA,NA,NA,NA,NA,NA,NA,NA,NA,NA,NA,NA,NA,NA,NA,NA,NA,NA,NA,NA,NA,NA,NA,NA,NA,NA,NA,NA,NA,NA,NA,NA,NA,NA,NA,NA,NA,NA,NA,NA,NA,NA,NA,NA,NA,NA,NA,NA,NA,NA,NA,NA,NA,NA,NA,NA,NA,NA,NA
"41","2. Gross output is net of unrelated sales, secondary sales, and sales to business,",NA,NA,NA,NA,NA,NA,NA,NA,NA,NA,NA,NA,NA,NA,NA,NA,NA,NA,NA,NA,NA,NA,NA,NA,NA,NA,NA,NA,NA,NA,NA,NA,NA,NA,NA,NA,NA,NA,NA,NA,NA,NA,NA,NA,NA,NA,NA,NA,NA,NA,NA,NA,NA,NA,NA,NA,NA,NA,NA,NA,NA,NA,NA,NA,NA,NA,NA,NA,NA,NA,NA,NA,NA,NA,NA,NA,NA,NA,NA,NA,NA,NA,NA,NA,NA,NA,NA,NA,NA,NA,NA,NA,NA,NA,NA,NA,NA,NA,NA,NA,NA,NA,NA,NA,NA,NA,NA,NA,NA,NA,NA,NA,NA,NA,NA,NA,NA,NA,NA,NA,NA,NA,NA,NA,NA,NA,NA,NA,NA,NA,NA,NA,NA,NA,NA,NA,NA,NA,NA,NA,NA,NA,NA,NA,NA,NA,NA,NA,NA,NA,NA,NA,NA,NA,NA,NA,NA,NA,NA,NA,NA,NA,NA,NA,NA,NA,NA,NA,NA,NA,NA,NA,NA,NA,NA,NA,NA,NA,NA,NA,NA,NA,NA,NA,NA
"42","to government, and to the rest of the world; excludes own-account investment",NA,NA,NA,NA,NA,NA,NA,NA,NA,NA,NA,NA,NA,NA,NA,NA,NA,NA,NA,NA,NA,NA,NA,NA,NA,NA,NA,NA,NA,NA,NA,NA,NA,NA,NA,NA,NA,NA,NA,NA,NA,NA,NA,NA,NA,NA,NA,NA,NA,NA,NA,NA,NA,NA,NA,NA,NA,NA,NA,NA,NA,NA,NA,NA,NA,NA,NA,NA,NA,NA,NA,NA,NA,NA,NA,NA,NA,NA,NA,NA,NA,NA,NA,NA,NA,NA,NA,NA,NA,NA,NA,NA,NA,NA,NA,NA,NA,NA,NA,NA,NA,NA,NA,NA,NA,NA,NA,NA,NA,NA,NA,NA,NA,NA,NA,NA,NA,NA,NA,NA,NA,NA,NA,NA,NA,NA,NA,NA,NA,NA,NA,NA,NA,NA,NA,NA,NA,NA,NA,NA,NA,NA,NA,NA,NA,NA,NA,NA,NA,NA,NA,NA,NA,NA,NA,NA,NA,NA,NA,NA,NA,NA,NA,NA,NA,NA,NA,NA,NA,NA,NA,NA,NA,NA,NA,NA,NA,NA,NA,NA,NA,NA,NA,NA,NA
"43","(construction and software).",NA,NA,NA,NA,NA,NA,NA,NA,NA,NA,NA,NA,NA,NA,NA,NA,NA,NA,NA,NA,NA,NA,NA,NA,NA,NA,NA,NA,NA,NA,NA,NA,NA,NA,NA,NA,NA,NA,NA,NA,NA,NA,NA,NA,NA,NA,NA,NA,NA,NA,NA,NA,NA,NA,NA,NA,NA,NA,NA,NA,NA,NA,NA,NA,NA,NA,NA,NA,NA,NA,NA,NA,NA,NA,NA,NA,NA,NA,NA,NA,NA,NA,NA,NA,NA,NA,NA,NA,NA,NA,NA,NA,NA,NA,NA,NA,NA,NA,NA,NA,NA,NA,NA,NA,NA,NA,NA,NA,NA,NA,NA,NA,NA,NA,NA,NA,NA,NA,NA,NA,NA,NA,NA,NA,NA,NA,NA,NA,NA,NA,NA,NA,NA,NA,NA,NA,NA,NA,NA,NA,NA,NA,NA,NA,NA,NA,NA,NA,NA,NA,NA,NA,NA,NA,NA,NA,NA,NA,NA,NA,NA,NA,NA,NA,NA,NA,NA,NA,NA,NA,NA,NA,NA,NA,NA,NA,NA,NA,NA,NA,NA,NA,NA,NA,NA
"44","3. Excludes unrelated sales, secondary sales, and sales to business, to government,",NA,NA,NA,NA,NA,NA,NA,NA,NA,NA,NA,NA,NA,NA,NA,NA,NA,NA,NA,NA,NA,NA,NA,NA,NA,NA,NA,NA,NA,NA,NA,NA,NA,NA,NA,NA,NA,NA,NA,NA,NA,NA,NA,NA,NA,NA,NA,NA,NA,NA,NA,NA,NA,NA,NA,NA,NA,NA,NA,NA,NA,NA,NA,NA,NA,NA,NA,NA,NA,NA,NA,NA,NA,NA,NA,NA,NA,NA,NA,NA,NA,NA,NA,NA,NA,NA,NA,NA,NA,NA,NA,NA,NA,NA,NA,NA,NA,NA,NA,NA,NA,NA,NA,NA,NA,NA,NA,NA,NA,NA,NA,NA,NA,NA,NA,NA,NA,NA,NA,NA,NA,NA,NA,NA,NA,NA,NA,NA,NA,NA,NA,NA,NA,NA,NA,NA,NA,NA,NA,NA,NA,NA,NA,NA,NA,NA,NA,NA,NA,NA,NA,NA,NA,NA,NA,NA,NA,NA,NA,NA,NA,NA,NA,NA,NA,NA,NA,NA,NA,NA,NA,NA,NA,NA,NA,NA,NA,NA,NA,NA,NA,NA,NA,NA,NA
"45","and to the rest of the world; includes membership dues and fees.",NA,NA,NA,NA,NA,NA,NA,NA,NA,NA,NA,NA,NA,NA,NA,NA,NA,NA,NA,NA,NA,NA,NA,NA,NA,NA,NA,NA,NA,NA,NA,NA,NA,NA,NA,NA,NA,NA,NA,NA,NA,NA,NA,NA,NA,NA,NA,NA,NA,NA,NA,NA,NA,NA,NA,NA,NA,NA,NA,NA,NA,NA,NA,NA,NA,NA,NA,NA,NA,NA,NA,NA,NA,NA,NA,NA,NA,NA,NA,NA,NA,NA,NA,NA,NA,NA,NA,NA,NA,NA,NA,NA,NA,NA,NA,NA,NA,NA,NA,NA,NA,NA,NA,NA,NA,NA,NA,NA,NA,NA,NA,NA,NA,NA,NA,NA,NA,NA,NA,NA,NA,NA,NA,NA,NA,NA,NA,NA,NA,NA,NA,NA,NA,NA,NA,NA,NA,NA,NA,NA,NA,NA,NA,NA,NA,NA,NA,NA,NA,NA,NA,NA,NA,NA,NA,NA,NA,NA,NA,NA,NA,NA,NA,NA,NA,NA,NA,NA,NA,NA,NA,NA,NA,NA,NA,NA,NA,NA,NA,NA,NA,NA,NA,NA,NA
"46","4. Food consists of food and beverages purchased for off-premises consumption; food",NA,NA,NA,NA,NA,NA,NA,NA,NA,NA,NA,NA,NA,NA,NA,NA,NA,NA,NA,NA,NA,NA,NA,NA,NA,NA,NA,NA,NA,NA,NA,NA,NA,NA,NA,NA,NA,NA,NA,NA,NA,NA,NA,NA,NA,NA,NA,NA,NA,NA,NA,NA,NA,NA,NA,NA,NA,NA,NA,NA,NA,NA,NA,NA,NA,NA,NA,NA,NA,NA,NA,NA,NA,NA,NA,NA,NA,NA,NA,NA,NA,NA,NA,NA,NA,NA,NA,NA,NA,NA,NA,NA,NA,NA,NA,NA,NA,NA,NA,NA,NA,NA,NA,NA,NA,NA,NA,NA,NA,NA,NA,NA,NA,NA,NA,NA,NA,NA,NA,NA,NA,NA,NA,NA,NA,NA,NA,NA,NA,NA,NA,NA,NA,NA,NA,NA,NA,NA,NA,NA,NA,NA,NA,NA,NA,NA,NA,NA,NA,NA,NA,NA,NA,NA,NA,NA,NA,NA,NA,NA,NA,NA,NA,NA,NA,NA,NA,NA,NA,NA,NA,NA,NA,NA,NA,NA,NA,NA,NA,NA,NA,NA,NA,NA,NA
"47","services, which include purchased meals and beverages, are not classified as food.",NA,NA,NA,NA,NA,NA,NA,NA,NA,NA,NA,NA,NA,NA,NA,NA,NA,NA,NA,NA,NA,NA,NA,NA,NA,NA,NA,NA,NA,NA,NA,NA,NA,NA,NA,NA,NA,NA,NA,NA,NA,NA,NA,NA,NA,NA,NA,NA,NA,NA,NA,NA,NA,NA,NA,NA,NA,NA,NA,NA,NA,NA,NA,NA,NA,NA,NA,NA,NA,NA,NA,NA,NA,NA,NA,NA,NA,NA,NA,NA,NA,NA,NA,NA,NA,NA,NA,NA,NA,NA,NA,NA,NA,NA,NA,NA,NA,NA,NA,NA,NA,NA,NA,NA,NA,NA,NA,NA,NA,NA,NA,NA,NA,NA,NA,NA,NA,NA,NA,NA,NA,NA,NA,NA,NA,NA,NA,NA,NA,NA,NA,NA,NA,NA,NA,NA,NA,NA,NA,NA,NA,NA,NA,NA,NA,NA,NA,NA,NA,NA,NA,NA,NA,NA,NA,NA,NA,NA,NA,NA,NA,NA,NA,NA,NA,NA,NA,NA,NA,NA,NA,NA,NA,NA,NA,NA,NA,NA,NA,NA,NA,NA,NA,NA,NA
"48","5. Consists of gasoline and other energy goods and of electricity and gas services.",NA,NA,NA,NA,NA,NA,NA,NA,NA,NA,NA,NA,NA,NA,NA,NA,NA,NA,NA,NA,NA,NA,NA,NA,NA,NA,NA,NA,NA,NA,NA,NA,NA,NA,NA,NA,NA,NA,NA,NA,NA,NA,NA,NA,NA,NA,NA,NA,NA,NA,NA,NA,NA,NA,NA,NA,NA,NA,NA,NA,NA,NA,NA,NA,NA,NA,NA,NA,NA,NA,NA,NA,NA,NA,NA,NA,NA,NA,NA,NA,NA,NA,NA,NA,NA,NA,NA,NA,NA,NA,NA,NA,NA,NA,NA,NA,NA,NA,NA,NA,NA,NA,NA,NA,NA,NA,NA,NA,NA,NA,NA,NA,NA,NA,NA,NA,NA,NA,NA,NA,NA,NA,NA,NA,NA,NA,NA,NA,NA,NA,NA,NA,NA,NA,NA,NA,NA,NA,NA,NA,NA,NA,NA,NA,NA,NA,NA,NA,NA,NA,NA,NA,NA,NA,NA,NA,NA,NA,NA,NA,NA,NA,NA,NA,NA,NA,NA,NA,NA,NA,NA,NA,NA,NA,NA,NA,NA,NA,NA,NA,NA,NA,NA,NA,NA
"49","6. Market-based PCE is a supplemental measure that is based on household expenditures",NA,NA,NA,NA,NA,NA,NA,NA,NA,NA,NA,NA,NA,NA,NA,NA,NA,NA,NA,NA,NA,NA,NA,NA,NA,NA,NA,NA,NA,NA,NA,NA,NA,NA,NA,NA,NA,NA,NA,NA,NA,NA,NA,NA,NA,NA,NA,NA,NA,NA,NA,NA,NA,NA,NA,NA,NA,NA,NA,NA,NA,NA,NA,NA,NA,NA,NA,NA,NA,NA,NA,NA,NA,NA,NA,NA,NA,NA,NA,NA,NA,NA,NA,NA,NA,NA,NA,NA,NA,NA,NA,NA,NA,NA,NA,NA,NA,NA,NA,NA,NA,NA,NA,NA,NA,NA,NA,NA,NA,NA,NA,NA,NA,NA,NA,NA,NA,NA,NA,NA,NA,NA,NA,NA,NA,NA,NA,NA,NA,NA,NA,NA,NA,NA,NA,NA,NA,NA,NA,NA,NA,NA,NA,NA,NA,NA,NA,NA,NA,NA,NA,NA,NA,NA,NA,NA,NA,NA,NA,NA,NA,NA,NA,NA,NA,NA,NA,NA,NA,NA,NA,NA,NA,NA,NA,NA,NA,NA,NA,NA,NA,NA,NA,NA,NA
"50","for which there are observable price measures.  It excludes most imputed transactions",NA,NA,NA,NA,NA,NA,NA,NA,NA,NA,NA,NA,NA,NA,NA,NA,NA,NA,NA,NA,NA,NA,NA,NA,NA,NA,NA,NA,NA,NA,NA,NA,NA,NA,NA,NA,NA,NA,NA,NA,NA,NA,NA,NA,NA,NA,NA,NA,NA,NA,NA,NA,NA,NA,NA,NA,NA,NA,NA,NA,NA,NA,NA,NA,NA,NA,NA,NA,NA,NA,NA,NA,NA,NA,NA,NA,NA,NA,NA,NA,NA,NA,NA,NA,NA,NA,NA,NA,NA,NA,NA,NA,NA,NA,NA,NA,NA,NA,NA,NA,NA,NA,NA,NA,NA,NA,NA,NA,NA,NA,NA,NA,NA,NA,NA,NA,NA,NA,NA,NA,NA,NA,NA,NA,NA,NA,NA,NA,NA,NA,NA,NA,NA,NA,NA,NA,NA,NA,NA,NA,NA,NA,NA,NA,NA,NA,NA,NA,NA,NA,NA,NA,NA,NA,NA,NA,NA,NA,NA,NA,NA,NA,NA,NA,NA,NA,NA,NA,NA,NA,NA,NA,NA,NA,NA,NA,NA,NA,NA,NA,NA,NA,NA,NA,NA
"51","(for example, financial services furnished without payment) and the final consumption",NA,NA,NA,NA,NA,NA,NA,NA,NA,NA,NA,NA,NA,NA,NA,NA,NA,NA,NA,NA,NA,NA,NA,NA,NA,NA,NA,NA,NA,NA,NA,NA,NA,NA,NA,NA,NA,NA,NA,NA,NA,NA,NA,NA,NA,NA,NA,NA,NA,NA,NA,NA,NA,NA,NA,NA,NA,NA,NA,NA,NA,NA,NA,NA,NA,NA,NA,NA,NA,NA,NA,NA,NA,NA,NA,NA,NA,NA,NA,NA,NA,NA,NA,NA,NA,NA,NA,NA,NA,NA,NA,NA,NA,NA,NA,NA,NA,NA,NA,NA,NA,NA,NA,NA,NA,NA,NA,NA,NA,NA,NA,NA,NA,NA,NA,NA,NA,NA,NA,NA,NA,NA,NA,NA,NA,NA,NA,NA,NA,NA,NA,NA,NA,NA,NA,NA,NA,NA,NA,NA,NA,NA,NA,NA,NA,NA,NA,NA,NA,NA,NA,NA,NA,NA,NA,NA,NA,NA,NA,NA,NA,NA,NA,NA,NA,NA,NA,NA,NA,NA,NA,NA,NA,NA,NA,NA,NA,NA,NA,NA,NA,NA,NA,NA,NA
"52","expenditures of nonprofit institutions serving households.",NA,NA,NA,NA,NA,NA,NA,NA,NA,NA,NA,NA,NA,NA,NA,NA,NA,NA,NA,NA,NA,NA,NA,NA,NA,NA,NA,NA,NA,NA,NA,NA,NA,NA,NA,NA,NA,NA,NA,NA,NA,NA,NA,NA,NA,NA,NA,NA,NA,NA,NA,NA,NA,NA,NA,NA,NA,NA,NA,NA,NA,NA,NA,NA,NA,NA,NA,NA,NA,NA,NA,NA,NA,NA,NA,NA,NA,NA,NA,NA,NA,NA,NA,NA,NA,NA,NA,NA,NA,NA,NA,NA,NA,NA,NA,NA,NA,NA,NA,NA,NA,NA,NA,NA,NA,NA,NA,NA,NA,NA,NA,NA,NA,NA,NA,NA,NA,NA,NA,NA,NA,NA,NA,NA,NA,NA,NA,NA,NA,NA,NA,NA,NA,NA,NA,NA,NA,NA,NA,NA,NA,NA,NA,NA,NA,NA,NA,NA,NA,NA,NA,NA,NA,NA,NA,NA,NA,NA,NA,NA,NA,NA,NA,NA,NA,NA,NA,NA,NA,NA,NA,NA,NA,NA,NA,NA,NA,NA,NA,NA,NA,NA,NA,NA,NA
