"","Table 5#3#4# Price Indexes for Private Fixed Investment by Type ","F2","F3","F4","F5","F6","F7","F8","F9","F10","F11","F12","F13","F14","F15","F16","F17","F18","F19","F20","F21","F22","F23","F24","F25","F26","F27","F28","F29","F30","F31","F32","F33","F34","F35","F36","F37","F38","F39","F40","F41","F42","F43","F44","F45","F46","F47","F48","F49","F50","F51","F52","F53","F54","F55","F56","F57","F58","F59","F60","F61","F62","F63","F64","F65","F66","F67","F68","F69","F70","F71","F72","F73","F74","F75","F76","F77","F78","F79","F80","F81","F82","F83","F84","F85","F86","F87","F88","F89","F90","F91","F92","F93","F94","F95","F96","F97","F98","F99","F100","F101","F102","F103","F104","F105","F106","F107","F108","F109","F110","F111","F112","F113","F114","F115","F116","F117","F118","F119","F120","F121","F122","F123","F124","F125","F126","F127","F128","F129","F130","F131","F132","F133","F134","F135","F136","F137","F138","F139","F140","F141","F142","F143","F144","F145","F146","F147","F148","F149","F150","F151","F152","F153","F154","F155","F156","F157","F158","F159","F160","F161","F162","F163","F164","F165","F166","F167","F168","F169","F170","F171","F172"
"1","[Index numbers, 2005=100]; Seasonally adjusted                                                                                 ",NA,NA,NA,NA,NA,NA,NA,NA,NA,NA,NA,NA,NA,NA,NA,NA,NA,NA,NA,NA,NA,NA,NA,NA,NA,NA,NA,NA,NA,NA,NA,NA,NA,NA,NA,NA,NA,NA,NA,NA,NA,NA,NA,NA,NA,NA,NA,NA,NA,NA,NA,NA,NA,NA,NA,NA,NA,NA,NA,NA,NA,NA,NA,NA,NA,NA,NA,NA,NA,NA,NA,NA,NA,NA,NA,NA,NA,NA,NA,NA,NA,NA,NA,NA,NA,NA,NA,NA,NA,NA,NA,NA,NA,NA,NA,NA,NA,NA,NA,NA,NA,NA,NA,NA,NA,NA,NA,NA,NA,NA,NA,NA,NA,NA,NA,NA,NA,NA,NA,NA,NA,NA,NA,NA,NA,NA,NA,NA,NA,NA,NA,NA,NA,NA,NA,NA,NA,NA,NA,NA,NA,NA,NA,NA,NA,NA,NA,NA,NA,NA,NA,NA,NA,NA,NA,NA,NA,NA,NA,NA,NA,NA,NA,NA,NA,NA,NA,NA,NA,NA,NA
"2","Quarterly data from 1969 To 2011",NA,NA,NA,NA,NA,NA,NA,NA,NA,NA,NA,NA,NA,NA,NA,NA,NA,NA,NA,NA,NA,NA,NA,NA,NA,NA,NA,NA,NA,NA,NA,NA,NA,NA,NA,NA,NA,NA,NA,NA,NA,NA,NA,NA,NA,NA,NA,NA,NA,NA,NA,NA,NA,NA,NA,NA,NA,NA,NA,NA,NA,NA,NA,NA,NA,NA,NA,NA,NA,NA,NA,NA,NA,NA,NA,NA,NA,NA,NA,NA,NA,NA,NA,NA,NA,NA,NA,NA,NA,NA,NA,NA,NA,NA,NA,NA,NA,NA,NA,NA,NA,NA,NA,NA,NA,NA,NA,NA,NA,NA,NA,NA,NA,NA,NA,NA,NA,NA,NA,NA,NA,NA,NA,NA,NA,NA,NA,NA,NA,NA,NA,NA,NA,NA,NA,NA,NA,NA,NA,NA,NA,NA,NA,NA,NA,NA,NA,NA,NA,NA,NA,NA,NA,NA,NA,NA,NA,NA,NA,NA,NA,NA,NA,NA,NA,NA,NA,NA,NA,NA,NA
"3","Bureau of Economic Analysis",NA,NA,NA,NA,NA,NA,NA,NA,NA,NA,NA,NA,NA,NA,NA,NA,NA,NA,NA,NA,NA,NA,NA,NA,NA,NA,NA,NA,NA,NA,NA,NA,NA,NA,NA,NA,NA,NA,NA,NA,NA,NA,NA,NA,NA,NA,NA,NA,NA,NA,NA,NA,NA,NA,NA,NA,NA,NA,NA,NA,NA,NA,NA,NA,NA,NA,NA,NA,NA,NA,NA,NA,NA,NA,NA,NA,NA,NA,NA,NA,NA,NA,NA,NA,NA,NA,NA,NA,NA,NA,NA,NA,NA,NA,NA,NA,NA,NA,NA,NA,NA,NA,NA,NA,NA,NA,NA,NA,NA,NA,NA,NA,NA,NA,NA,NA,NA,NA,NA,NA,NA,NA,NA,NA,NA,NA,NA,NA,NA,NA,NA,NA,NA,NA,NA,NA,NA,NA,NA,NA,NA,NA,NA,NA,NA,NA,NA,NA,NA,NA,NA,NA,NA,NA,NA,NA,NA,NA,NA,NA,NA,NA,NA,NA,NA,NA,NA,NA,NA,NA,NA
"4","Data published June 24, 2011     ",NA,NA,NA,NA,NA,NA,NA,NA,NA,NA,NA,NA,NA,NA,NA,NA,NA,NA,NA,NA,NA,NA,NA,NA,NA,NA,NA,NA,NA,NA,NA,NA,NA,NA,NA,NA,NA,NA,NA,NA,NA,NA,NA,NA,NA,NA,NA,NA,NA,NA,NA,NA,NA,NA,NA,NA,NA,NA,NA,NA,NA,NA,NA,NA,NA,NA,NA,NA,NA,NA,NA,NA,NA,NA,NA,NA,NA,NA,NA,NA,NA,NA,NA,NA,NA,NA,NA,NA,NA,NA,NA,NA,NA,NA,NA,NA,NA,NA,NA,NA,NA,NA,NA,NA,NA,NA,NA,NA,NA,NA,NA,NA,NA,NA,NA,NA,NA,NA,NA,NA,NA,NA,NA,NA,NA,NA,NA,NA,NA,NA,NA,NA,NA,NA,NA,NA,NA,NA,NA,NA,NA,NA,NA,NA,NA,NA,NA,NA,NA,NA,NA,NA,NA,NA,NA,NA,NA,NA,NA,NA,NA,NA,NA,NA,NA,NA,NA,NA,NA,NA,NA
"5","File created 6/23/2011 9:59:16 AM",NA,NA,NA,NA,NA,NA,NA,NA,NA,NA,NA,NA,NA,NA,NA,NA,NA,NA,NA,NA,NA,NA,NA,NA,NA,NA,NA,NA,NA,NA,NA,NA,NA,NA,NA,NA,NA,NA,NA,NA,NA,NA,NA,NA,NA,NA,NA,NA,NA,NA,NA,NA,NA,NA,NA,NA,NA,NA,NA,NA,NA,NA,NA,NA,NA,NA,NA,NA,NA,NA,NA,NA,NA,NA,NA,NA,NA,NA,NA,NA,NA,NA,NA,NA,NA,NA,NA,NA,NA,NA,NA,NA,NA,NA,NA,NA,NA,NA,NA,NA,NA,NA,NA,NA,NA,NA,NA,NA,NA,NA,NA,NA,NA,NA,NA,NA,NA,NA,NA,NA,NA,NA,NA,NA,NA,NA,NA,NA,NA,NA,NA,NA,NA,NA,NA,NA,NA,NA,NA,NA,NA,NA,NA,NA,NA,NA,NA,NA,NA,NA,NA,NA,NA,NA,NA,NA,NA,NA,NA,NA,NA,NA,NA,NA,NA,NA,NA,NA,NA,NA,NA
"6",NA,NA,NA,NA,NA,NA,NA,NA,NA,NA,NA,NA,NA,NA,NA,NA,NA,NA,NA,NA,NA,NA,NA,NA,NA,NA,NA,NA,NA,NA,NA,NA,NA,NA,NA,NA,NA,NA,NA,NA,NA,NA,NA,NA,NA,NA,NA,NA,NA,NA,NA,NA,NA,NA,NA,NA,NA,NA,NA,NA,NA,NA,NA,NA,NA,NA,NA,NA,NA,NA,NA,NA,NA,NA,NA,NA,NA,NA,NA,NA,NA,NA,NA,NA,NA,NA,NA,NA,NA,NA,NA,NA,NA,NA,NA,NA,NA,NA,NA,NA,NA,NA,NA,NA,NA,NA,NA,NA,NA,NA,NA,NA,NA,NA,NA,NA,NA,NA,NA,NA,NA,NA,NA,NA,NA,NA,NA,NA,NA,NA,NA,NA,NA,NA,NA,NA,NA,NA,NA,NA,NA,NA,NA,NA,NA,NA,NA,NA,NA,NA,NA,NA,NA,NA,NA,NA,NA,NA,NA,NA,NA,NA,NA,NA,NA,NA,NA,NA,NA,NA,NA,NA
"7","Line",NA,NA,1969,1969,1969,1969,1970,1970,1970,1970,1971,1971,1971,1971,1972,1972,1972,1972,1973,1973,1973,1973,1974,1974,1974,1974,1975,1975,1975,1975,1976,1976,1976,1976,1977,1977,1977,1977,1978,1978,1978,1978,1979,1979,1979,1979,1980,1980,1980,1980,1981,1981,1981,1981,1982,1982,1982,1982,1983,1983,1983,1983,1984,1984,1984,1984,1985,1985,1985,1985,1986,1986,1986,1986,1987,1987,1987,1987,1988,1988,1988,1988,1989,1989,1989,1989,1990,1990,1990,1990,1991,1991,1991,1991,1992,1992,1992,1992,1993,1993,1993,1993,1994,1994,1994,1994,1995,1995,1995,1995,1996,1996,1996,1996,1997,1997,1997,1997,1998,1998,1998,1998,1999,1999,1999,1999,2000,2000,2000,2000,2001,2001,2001,2001,2002,2002,2002,2002,2003,2003,2003,2003,2004,2004,2004,2004,2005,2005,2005,2005,2006,2006,2006,2006,2007,2007,2007,2007,2008,2008,2008,2008,2009,2009,2009,2009,2010,2010,2010,2010,2011
"8",NA,NA,NA,1,2,3,4,1,2,3,4,1,2,3,4,1,2,3,4,1,2,3,4,1,2,3,4,1,2,3,4,1,2,3,4,1,2,3,4,1,2,3,4,1,2,3,4,1,2,3,4,1,2,3,4,1,2,3,4,1,2,3,4,1,2,3,4,1,2,3,4,1,2,3,4,1,2,3,4,1,2,3,4,1,2,3,4,1,2,3,4,1,2,3,4,1,2,3,4,1,2,3,4,1,2,3,4,1,2,3,4,1,2,3,4,1,2,3,4,1,2,3,4,1,2,3,4,1,2,3,4,1,2,3,4,1,2,3,4,1,2,3,4,1,2,3,4,1,2,3,4,1,2,3,4,1,2,3,4,1,2,3,4,1,2,3,4,1,2,3,4,1
"9","1","    Private fixed investment","B007RG3",29.306,29.623,29.874,30.265,30.489,31.178,31.08,31.443,31.994,32.456,32.845,33.147,33.556,33.772,34.108,34.599,34.943,35.555,36.302,36.751,37.442,38.525,40.045,41.677,43.161,44.19,44.712,45.383,45.831,46.62,47.27,48.008,49.062,50.003,51.144,52.253,53.252,54.371,55.417,56.525,57.718,59.209,60.659,61.88,63.31,64.775,66.174,67.613,69.431,70.997,72.191,73.588,74.591,75.452,75.859,75.968,75.61,75.301,75.193,75.292,75.367,75.702,75.94,76.149,76.377,76.485,76.807,77.305,77.661,78.253,78.933,79.469,79.723,79.824,79.969,80.628,81.349,81.848,82.225,83.023,83.436,83.942,84.289,84.729,85.199,85.473,86.013,86.546,87.178,87.168,87.134,86.846,86.689,86.725,86.85,87.06,87.517,87.768,87.97,88.096,88.591,88.871,89.215,89.415,89.779,90.074,90.194,90.194,89.903,89.63,89.893,89.841,89.696,89.587,89.608,89.466,88.999,88.745,88.671,88.611,88.74,88.729,88.606,88.727,89.282,89.58,89.988,90.151,90.121,90.443,90.837,90.813,90.743,90.748,90.752,91.453,92.084,91.915,92.189,93.016,93.957,95.088,96.113,97.006,98.146,99.237,100.605,102.012,103.195,104.089,104.713,105.677,106.237,106.287,106.221,106.279,106.267,106.617,107.365,107.961,107.14,105.575,104.294,104.03,103.661,103.487,103.523,103.835,104.152
"10","2","Nonresidential","B008RG3",37.944,38.295,38.696,39.174,39.586,40.272,40.499,41.037,41.616,42.119,42.495,42.755,43.235,43.553,43.828,44.077,44.436,45.055,45.729,46.199,47.01,48.493,50.555,52.874,54.947,56.38,57.098,57.898,58.569,59.287,60.067,60.952,62.238,63.198,64.323,65.46,66.396,67.518,68.613,69.783,71.297,72.88,74.433,75.816,77.491,79.283,80.966,82.653,85.016,87.119,88.687,90.504,91.706,92.687,93.115,93.172,92.477,91.904,91.564,91.429,91.348,91.634,91.705,91.798,92.005,92.11,92.41,92.836,92.999,93.633,94.279,94.722,94.726,94.581,94.476,95.227,96.076,96.546,96.925,97.882,98.278,98.636,99.078,99.567,100.02,100.312,101.008,101.791,102.684,102.516,102.248,101.918,101.793,101.493,101.421,101.246,101.528,101.562,101.523,101.547,101.87,102.085,102.188,101.971,102.067,102.352,102.387,102.18,101.583,100.978,100.961,100.695,100.289,99.948,99.672,99.193,98.388,97.768,97.306,96.885,96.731,96.334,95.859,95.768,95.988,96.095,96.421,96.371,95.864,95.893,95.85,95.547,95.524,95.307,95.148,95.472,95.412,95.127,95.247,95.632,95.927,96.603,97.111,97.696,98.78,99.572,100.248,101.401,102.279,103.112,103.878,104.868,105.393,105.586,105.499,105.541,105.686,106.248,107.431,108.571,107.726,106.162,104.768,104.144,103.639,103.636,103.689,103.913,104.259
"11","3","  Structures","B009RG3",14.174,14.408,14.607,14.885,15.034,15.504,15.547,15.805,16.132,16.499,16.865,17.161,17.497,17.714,17.946,18.294,18.566,18.963,19.49,19.966,20.504,21.399,22.397,23.341,24.025,24.461,24.68,24.971,25.124,25.576,25.951,26.311,27.145,27.634,28.259,28.854,29.474,30.297,31.041,31.887,32.776,33.781,34.827,35.567,36.182,36.917,37.704,38.883,40.552,41.961,43.149,44.609,45.576,46.028,46.155,45.95,45.162,44.708,44.613,44.546,44.598,45.047,45.338,45.606,45.953,46.059,46.299,46.566,46.76,47,47.21,47.455,47.467,47.668,47.925,48.392,49.151,49.64,50.127,50.663,51.095,51.697,52.099,52.501,52.942,53.312,53.753,54.08,54.562,54.654,54.64,54.109,54.108,54.323,54.584,54.994,55.392,55.869,56.326,56.824,57.267,57.618,58.325,59.147,59.853,60.243,60.899,61.406,61.466,61.697,62.486,62.916,63.525,64.106,64.827,65.605,66.531,67.246,67.796,68.346,68.829,69.276,69.763,70.369,71.213,71.866,72.626,73.485,74.521,75.648,76.854,77.323,78.054,78.912,79.628,80.572,81.545,81.599,82.214,83.339,85.083,87.025,89.449,92.209,95.042,97.673,101.447,105.838,108.823,111.791,113.962,117.111,118.548,119.067,120.038,121.466,122.516,123.978,126.424,128.922,127.071,123.006,119.654,119.017,119.291,119.887,120.755,121.933,123.339
"12","4","    Commercial and health care","W001RG3",15.051,15.321,15.532,15.833,15.932,16.488,16.382,16.702,17.173,17.603,18.029,18.386,18.787,18.983,19.281,19.793,20.068,20.486,21.052,21.409,21.816,22.542,23.478,24.402,25.009,25.319,25.391,25.558,25.613,26.131,26.463,26.718,27.145,27.659,28.317,28.917,29.608,30.342,30.988,31.778,32.45,33.579,34.631,35.495,36.47,37.308,38.263,39.341,40.144,40.884,41.562,42.24,42.934,43.542,44.025,44.351,44.638,44.887,45.182,45.611,46.128,46.557,47.109,47.495,47.856,48.122,48.454,48.869,49.249,49.748,50.244,50.797,51.217,51.67,52.051,52.531,53.173,53.557,53.963,54.463,54.933,55.587,55.955,56.353,56.928,57.305,57.73,57.941,58.128,58.286,58.487,58.273,58.204,58.466,58.782,59.292,59.901,60.336,60.931,61.54,62.047,62.493,63.308,64.235,65.027,65.383,65.723,66.052,66.369,66.673,67.36,67.732,68.243,68.689,69.469,70.211,71.146,71.89,72.796,73.691,74.467,75.226,75.88,76.531,77.629,78.313,78.954,79.623,80.298,80.906,81.923,82.62,82.852,83.367,83.671,84.634,85.813,85.626,85.782,86.761,88.391,90.238,92.384,94.604,96.526,98.634,101.3,103.54,105.545,107.267,109.213,111.96,113.363,113.737,114.884,116.752,117.072,117.63,119.069,122.554,123.347,121.36,117.356,116.716,116.128,115.56,115.674,116.061,116.403
"13","5","    Manufacturing","C307RG3",15.695,15.968,16.184,16.509,16.618,17.216,17.114,17.453,17.955,18.394,18.829,19.199,19.633,19.842,20.151,20.681,20.945,21.366,21.955,22.33,22.762,23.531,24.519,25.484,26.124,26.452,26.528,26.71,26.773,27.318,27.653,27.909,28.342,28.863,29.528,30.129,30.798,31.546,32.221,33.051,33.828,35.034,36.18,37.13,38.181,39.104,40.113,41.224,42.013,42.765,43.466,44.229,45.038,45.729,46.275,46.621,46.905,47.146,47.429,47.858,48.393,48.824,49.411,49.829,50.203,50.501,50.866,51.311,51.72,52.243,52.745,53.309,53.738,54.182,54.57,55.075,55.766,56.169,56.593,57.118,57.595,58.282,58.651,59.062,59.683,60.092,60.553,60.78,60.978,61.137,61.348,61.116,61.04,61.292,61.592,62.147,62.792,63.228,63.822,64.42,64.937,65.366,66.202,67.189,68.04,68.46,68.83,69.144,69.422,69.775,70.524,70.937,71.508,71.977,72.753,73.454,74.126,74.929,75.862,76.738,77.522,78.201,78.781,79.366,80.347,81.003,81.654,82.365,83.067,83.724,84.828,85.62,86.001,86.598,86.877,87.722,88.553,87.992,87.841,88.569,90.053,91.694,93.6,95.533,97.198,98.943,101.058,102.751,104.461,105.84,106.856,108.641,109.986,111.057,112.671,114.619,115.059,115.474,118.41,123.676,124.851,122.111,117.771,117.989,117.803,117.989,118.282,118.607,118.476
"14","6","    Power and communication","W003RG3",18.806,19.011,19.268,19.672,20.038,20.507,20.923,21.199,21.467,21.895,22.308,22.564,22.883,23.213,23.357,23.48,23.879,24.488,25.26,26.33,27.365,28.527,29.702,30.94,31.968,32.731,33.231,33.657,34.201,34.721,35.221,35.767,37.397,37.481,37.731,38.223,38.776,39.555,40.448,41.386,42.534,43.611,44.959,46.149,46.993,48.169,49.2,50.268,50.903,51.739,52.48,53.131,53.933,54.274,54.774,54.98,55.24,55.121,55.138,55.209,55.169,55.546,55.585,55.71,56.093,56.186,56.269,56.261,56.152,56.152,56.132,56.169,56.245,56.392,56.846,57.344,57.9,58.683,59.663,60.65,61.293,62.193,63.081,63.902,64.17,64.389,64.629,64.8,64.852,64.944,65.254,65.226,65.564,65.753,65.993,66.238,66.642,67.563,67.897,68.488,69.217,69.791,70.277,71.148,71.873,72.527,73.43,74.009,74.295,74.585,74.998,75.585,75.771,76.445,76.775,76.946,77.249,77.265,77.383,77.479,77.193,77.231,77.767,78.306,79.04,79.915,80.399,81.153,81.619,82.128,82.897,83.125,83.564,83.947,84.712,85.042,85.432,85.913,86.572,87.377,88.701,91.644,94.064,96.313,97.316,98.962,100.534,103.188,106.166,108.604,110.691,112.81,112.967,113.761,114.999,116.272,117.906,120.456,124.653,126.183,124.24,121.34,119.005,118.579,119.713,121.865,123.192,124.268,125.938
"15","7","    Mining exploration, shafts, and wells","E318RG3",6.866,6.979,7.09,7.137,7.244,7.475,7.538,7.486,7.411,7.599,7.788,7.906,8.029,8.207,8.357,8.418,8.529,8.655,8.821,9.074,9.458,10.611,11.52,12.163,12.791,13.201,13.492,13.948,13.944,14.206,14.661,15.116,15.824,16.68,17.531,18.209,18.728,19.765,20.562,21.445,22.494,23.114,23.82,23.874,23.349,23.506,23.758,24.902,28.136,30.751,32.877,35.65,36.909,37.081,36.369,34.94,31.603,29.658,28.724,27.643,26.813,27.185,26.956,26.954,27.214,26.904,26.995,26.988,26.824,26.412,25.646,24.734,22.82,21.95,21.551,21.922,23.3,24.031,24.558,24.976,25.137,25.295,25.512,25.619,25.58,26.008,26.605,27.46,29.179,28.949,27.918,25.798,25.691,25.749,25.883,26.118,25.812,25.908,26.075,26.215,26.198,26.065,26.556,26.927,27.248,27.38,29.211,30.508,29.099,28.933,30.521,31.073,32.399,33.415,34.245,35.646,37.989,39.374,38.846,38.326,38.041,37.322,36.962,37.523,37.433,37.737,39.416,41.202,44.27,47.996,50.284,49.952,53.31,56.623,59.273,60.952,61.992,62.54,64.854,66.917,69.571,71.515,75.344,80.911,88.518,93.837,102.668,114.978,121.043,127.854,131.484,137.216,139.168,139.604,139.892,140.849,143.486,146.816,150.744,152.26,143.165,131.328,127.83,126.324,127.72,129.287,131.34,134.059,137.228
"16","8","    Other structures \1\","W004RG3",15.764,16.08,16.296,16.62,16.741,17.255,17.269,17.657,18.077,18.449,18.841,19.224,19.635,19.851,20.114,20.594,20.907,21.318,21.878,22.307,22.918,23.906,25.114,26.205,26.79,27.209,27.371,27.561,27.725,28.17,28.396,28.66,29.721,30.022,30.581,31.052,31.618,32.295,32.945,33.666,34.455,35.519,36.659,37.582,38.746,39.617,40.546,41.69,42.651,43.64,44.404,45.193,45.973,46.687,47.25,47.639,48.067,48.337,48.597,48.848,49.215,49.739,50.237,50.625,50.928,51.193,51.441,51.811,52.154,52.527,52.943,53.451,53.9,54.409,54.843,55.392,55.977,56.344,56.716,57.171,57.598,58.256,58.649,59.112,59.718,60.104,60.552,60.782,61.029,61.325,61.553,61.405,61.394,61.667,61.942,62.375,62.924,63.523,64.015,64.522,65.056,65.477,66.231,67.1,67.857,68.339,68.793,69.194,69.627,69.941,70.581,70.999,71.488,72.005,72.712,73.458,73.831,74.402,75.128,75.871,76.601,77.313,77.97,78.664,79.702,80.474,81.21,82.106,83.037,83.801,84.85,85.532,85.53,85.857,86.07,86.966,88.13,88.079,88.304,89.245,90.744,92.319,94.115,95.836,97.231,98.859,100.997,102.913,104.668,106.44,107.8,109.901,111.889,112.432,113.384,114.349,114.75,115.349,116.166,117.358,117.22,114.929,112.41,111.674,111.291,110.679,110.646,111.053,111.435
"17","9","  Equipment and software","B010RG3",57.387,57.688,58.183,58.681,59.314,59.868,60.305,60.988,61.609,61.967,62.037,62.005,62.404,62.679,62.828,62.696,62.965,63.582,64.08,64.236,65.032,66.645,69.327,72.654,75.907,78.221,79.38,80.583,81.752,82.506,83.525,84.791,86.139,87.359,88.707,90.128,91.109,92.167,93.275,94.371,96.116,97.828,99.403,101.094,103.602,106.162,108.4,109.965,112.137,114.214,115.525,116.85,117.687,119.009,119.717,120.206,120.085,119.617,119.054,118.87,118.629,118.538,118.249,118.038,117.934,117.988,118.243,118.718,118.778,119.705,120.678,121.214,121.195,120.664,120.145,120.994,121.673,121.974,122.11,123.268,123.506,123.487,123.851,124.299,124.638,124.755,125.542,126.62,127.728,127.326,126.861,126.797,126.571,125.847,125.485,124.822,124.962,124.627,124.197,123.844,124.042,124.133,123.774,122.832,122.496,122.684,122.28,121.599,120.606,119.489,118.948,118.248,117.208,116.306,115.43,114.209,112.414,111.046,110.023,109.08,108.599,107.781,106.84,106.405,106.309,106.146,106.25,105.75,104.496,103.985,103.304,102.626,102.257,101.567,101.042,101.11,100.625,100.201,100.117,100.205,99.926,100.106,99.887,99.669,100.114,100.234,99.812,99.84,99.977,100.042,100.285,100.472,100.659,100.728,100.22,99.696,99.476,99.668,100.32,100.868,100.461,99.953,99.344,98.721,97.954,97.764,97.574,97.518,97.561
"18","10","    Information processing equipment and software","B679RG3",258.723,258.677,259.373,260.416,262.423,262.904,261.399,260.315,258.967,256.638,254.411,252.863,251.372,250.091,249.399,249.491,252.237,253.594,252.194,249.772,249.4,254.105,258.947,264.254,269.986,272.948,272.999,273.766,274.814,275.295,275.27,273.783,274.799,273.611,270.6,266.374,263.631,262.057,260.356,258.755,259.943,260.407,259.015,257.91,259.267,260.479,261.731,263.014,266.121,267.779,267.826,267.528,267.38,269.936,270.733,271.541,268.036,264.057,260.758,258.395,255.182,252.742,250.17,248.406,246.202,243.529,241.113,238.877,235.199,234.172,235.974,235.271,232.116,228.771,225.999,227.476,227.949,225.633,224.167,224.298,223.538,221.308,219.739,217.672,215.865,214.687,214.732,214.581,214.983,212.966,209.796,207.048,204.354,200.87,198.633,196.197,195.476,193.393,191.376,189.198,187.618,185.979,183.811,181.137,179.51,177.877,174.926,171.408,167.508,163.016,160.13,157.337,154.138,151.289,148.071,144.783,140.152,136.472,133.298,130.31,128.272,126.244,124.585,123.387,122.845,122.208,122.05,121.086,118.43,117.14,114.918,113.455,112.364,110.957,110.11,109.204,107.956,107.208,105.947,104.484,103.767,103.136,102.591,101.543,101.031,100.359,99.617,98.992,98.611,98.349,98.026,97.61,97.209,96.678,95.224,93.845,93.224,92.852,92.339,91.464,90.149,89.161,88.653,88.285,87.923,87.583,87.121,86.835,86.511
"19","11","      Computers and peripheral equipment","B935RG3",42262.8,41354.674,40227.01,39553.72,39380.108,38302.1,35708.689,33380.125,31439.921,28777.99,26564.717,24970.195,23535.558,22805.507,22050.823,21747.82,22450.904,22314.665,21072.496,19623.504,18507.814,17613.629,17004.15,16650.675,16693.948,16584.449,16007.899,15260.104,14449.075,13699.697,13085.038,12674.767,12780.354,12387.447,11470.855,10274.186,9095.239,8155.926,7473.712,7007.466,7016.77,6836.016,6449.255,5991.507,5694.385,5268.593,4897.181,4661.285,4649.738,4623.609,4496.997,4264.558,4149.792,4058.274,3975.453,3955.196,3655.894,3441.829,3241.873,3115.507,2914.164,2762.047,2642.999,2566.318,2453.333,2353.884,2272.556,2174.331,2024.94,1971.256,1995.042,1980.555,1817.699,1705.65,1630.376,1636.443,1620.735,1580.112,1558.867,1547.452,1533.145,1479.232,1460.559,1416.654,1355.733,1338.487,1335.551,1314.025,1278.836,1237.63,1164.257,1119.912,1095.828,1045.105,994.542,961.456,930.463,885.498,849.679,815.756,798.426,783.13,757.743,722.377,689.746,661.856,624.165,586.509,542.763,498.082,470.203,442.897,413.177,388.354,363.364,341.394,312.728,289.328,268.131,248.906,233.97,221.272,211.457,204.688,198.989,192.716,188.002,182.854,168.008,161.835,154.403,147.106,142.54,139.655,135.181,130.99,126.472,123.637,121.203,118.889,117.226,115.345,112.415,109.481,105.517,101.827,98.091,94.565,91.746,88.544,85.664,83.626,81.772,79.596,77.317,75.638,72.85,71.287,69.954,68.465,66.754,65.059,64.049,63.072,62.638,61.989,61.448,60.973,59.625
"20","12","      Software \2\","B985RG3",128.608,128.482,129.209,129.902,131.275,131.27,131.279,130.942,129.356,128.351,127.726,126.835,126.036,125.722,125.676,125.739,127.105,128.083,128.633,129.065,129.694,131.925,134.524,136.74,138.633,138.601,138.74,139.299,138.919,138.81,139.184,139.605,140.75,140.896,140.55,139.734,137.733,137.249,137.049,137.472,139.712,140.763,142.003,143.252,143.663,144.81,145.338,145.894,148.106,149.388,150.881,152.201,153.456,153.981,154.491,154.613,153.839,153.069,152.147,151.312,150.674,150.665,149.714,148.941,148.934,147.812,147.045,145.68,143.543,142.159,141.291,141.008,141.26,141.082,141.013,140.676,140.715,140.273,139.124,137.626,135.227,133.472,131.666,129.835,128.723,127.913,127.52,127.617,129.401,128.495,127.012,124.705,119.749,117.138,115.592,114.671,116.279,116.375,116.095,115.397,113.585,112.472,111.653,111.127,111.635,111.881,111.608,111.018,110.259,109.316,108.375,107.53,106.756,106.418,105.37,104.372,102.994,102.598,102.499,102.196,103.066,103.661,104.192,104.486,105.283,106.426,108,108.158,107.781,108.199,106.782,106.967,106.558,105.211,105.324,105.042,103.989,103.931,102.98,101.378,101.017,100.675,100.703,99.68,100.051,100.106,99.919,99.923,100.411,101.203,101.565,101.504,101.611,101.709,101.718,101.859,101.712,102.149,102.198,101.605,101.154,100.574,99.755,99.973,99.7,99.538,99.233,99.297,99.412
"21","13","      Other \3\","B937RG3",62.225,62.536,63.117,63.647,64.263,64.903,65.446,66.079,66.657,67.246,67.781,68.317,68.876,68.979,69.302,69.55,69.97,70.505,70.797,70.885,71.577,73.906,76.145,78.469,80.568,81.909,82.405,83.357,84.738,85.856,86.559,86.329,86.406,86.41,86.559,86.876,88.278,89.825,90.89,91.443,91.716,92.4,92.88,93.914,95.82,98.268,100.963,103.156,104.834,105.932,106.773,108.359,109.011,111.35,112.49,113.162,114.146,114.209,114.866,115.215,116.141,116.962,117.459,117.835,118.463,118.721,118.715,119.464,120.593,121.477,122.732,122.557,124.176,124.626,124.489,125.914,126.953,126.173,125.842,126.992,127.711,128.215,128.046,128.443,129.502,129.234,129.598,130.253,131.23,131.086,131.329,131.439,132.374,132.266,133.277,132.579,132.436,132.456,132.291,132.103,132.381,131.964,131.37,130.716,130.846,130.898,130.504,129.668,129.314,128.405,128.114,128.036,127.806,127.22,126.775,125.622,123.652,121.831,120.417,119.237,118.055,116.71,115.416,114.439,114.113,113.435,112.999,112.254,111.315,109.882,108.558,107.339,106.824,105.941,105.39,105.066,104.911,104.186,103.029,102.082,101.328,100.858,100.619,100.37,100.27,100.003,99.892,99.834,99.583,99.529,99.72,99.754,99.514,99.1,96.387,93.47,93.493,92.877,92.2,91.36,89.245,88.181,88.345,87.661,87.249,86.909,86.333,85.775,85.624
"22","14","    Industrial equipment","B680RG3",21.499,21.584,21.746,22.003,22.315,22.646,22.951,23.234,23.441,23.712,23.954,24.11,24.164,24.245,24.31,24.441,24.577,24.81,25.101,25.402,25.827,26.489,27.668,29.304,31.121,32.624,33.643,34.323,34.805,35.334,35.954,36.652,37.627,38.533,39.372,40.162,41.087,41.897,42.737,43.617,44.735,45.853,47.121,48.252,50.104,51.81,53.397,54.849,56.124,57.157,58.074,58.875,59.101,60.302,60.763,61.029,61.343,61.605,61.575,61.624,61.861,62.265,62.329,62.442,62.475,62.875,63.474,64.204,65.198,65.927,66.592,66.834,68.126,68.797,68.929,70.113,70.991,71.981,72.062,73.334,73.89,74.177,74.962,75.818,76.973,77.687,78.659,79.85,80.919,80.708,80.979,81.727,82.247,82.589,83.483,83.204,83.43,83.853,84.172,84.6,84.849,85.396,85.989,86.67,87.252,88.538,89.18,89.637,90.123,90.296,90.618,90.928,91.039,91.029,91.123,91.242,91.371,91.514,91.725,91.877,92.102,92.004,92.133,92.378,92.486,92.595,92.773,92.82,93.139,93.328,93.265,93.355,93.15,93.109,93.422,93.551,93.695,93.877,94.138,94.343,95.108,95.979,96.736,97.646,98.785,99.845,100.305,101.066,101.749,102.557,103.838,104.626,105.896,106.926,107.714,108.73,109.914,111.908,113.932,114.008,113.689,113.536,113.741,114.098,114.362,114.891,115.168,115.793,117.097
"23","15","    Transportation equipment","B681RG3",26.787,27,27.456,27.723,28.057,28.311,28.606,29.214,29.831,30.122,30.008,29.89,30.375,30.649,30.912,30.487,30.361,30.726,31.181,31.483,32.234,33.169,34.32,35.547,36.485,37.514,37.8,38.579,39.501,39.776,40.491,41.394,41.825,42.546,43.813,45.494,46.43,46.922,47.656,48.326,49.734,50.955,51.722,53.166,54.813,56.152,57.724,58.47,59.146,60.879,61.559,62.502,63.144,63.537,64.166,64.282,64.623,64.638,64.728,64.966,65.248,65.332,65.456,65.614,66.106,66.874,67.616,68.957,69.824,71.489,71.869,73.241,73.184,72.604,72.629,72.525,72.571,73.285,74.212,75.335,75.341,76.008,76.466,77.978,78.183,78.468,79.212,80.818,82.309,82.673,83.244,84.498,85.426,85.662,85.098,85.306,86.132,86.097,86.051,86.487,88.288,89.144,89.193,87.934,87.464,87.891,88.635,89.012,88.864,89.814,90.606,90.768,90.752,91.09,92.185,91.737,90.87,90.539,90.723,91.14,92.147,92.185,91.027,91.138,91.547,91.701,92.147,91.496,90.395,90.324,91.842,91.244,91.975,91.923,90.516,92.8,92.995,91.961,94.525,99.056,99.124,99.847,98.993,99.006,100.27,100.553,99.166,100.011,100.559,100.729,100.839,101.359,102.084,102.643,102.713,102.062,101.246,101.647,103.33,105.462,110.216,112.977,110.986,105.729,101.206,100.648,100.465,100.912,101.714
"24","16","    Other equipment \4\","B862RG3",21.887,22.075,22.19,22.358,22.54,22.782,23.005,23.38,23.768,24.007,24.16,24.182,24.514,24.771,24.773,24.778,24.926,25.224,25.455,25.342,25.578,26.235,27.952,30.128,32.151,33.219,33.821,34.409,35.026,35.483,35.997,36.941,37.776,38.539,39.415,40.335,40.822,41.838,42.72,43.588,44.226,45.162,46.542,47.691,49.072,51.155,52.532,53.283,55.158,56.636,57.951,59.393,60.662,61.187,61.561,62.042,62.49,62.717,62.695,63.044,63.419,63.868,64.193,64.227,64.561,64.906,65.52,65.906,66.183,67.053,67.752,68.13,68.626,68.966,69.005,69.356,70.065,70.72,71.172,72.146,72.782,73.426,74.408,75.145,76.09,76.337,77.101,77.974,78.78,79.134,79.631,80.042,80.518,80.867,81.405,81.702,81.96,82.511,82.785,82.919,83.247,83.948,84.295,84.225,84.665,85.412,85.88,86.677,87.318,87.595,88.179,88.735,88.922,89.044,88.995,89.273,89.717,90.044,90.61,91.135,91.437,91.594,91.595,91.569,91.702,92.033,92.284,92.536,93.036,93.29,93.49,93.973,94.079,93.918,94.311,94.603,94.798,95.122,95.26,95.254,94.791,95.973,96.337,97.085,98.662,99.914,100.575,100.849,101.444,101.614,102.604,103.617,103.942,104.356,104.783,105.463,105.682,105.814,108.261,113.17,113.575,113.226,112.223,112.063,110.841,110.947,111.558,111.511,111.421
"25","17","Residential","B011RG3",15.879,16.112,16.172,16.415,16.399,17.011,16.558,16.694,17.138,17.487,17.815,18.088,18.345,18.427,18.733,19.308,19.565,20.048,20.73,21.093,21.569,22.073,22.788,23.411,24.004,24.427,24.657,25.098,25.244,25.984,26.4,26.867,27.51,28.258,29.194,30.074,30.96,31.885,32.707,33.571,34.231,35.405,36.544,37.43,38.412,39.318,40.219,41.207,42.108,42.77,43.313,43.951,44.599,45.261,45.644,45.858,46.079,46.193,46.419,46.83,47.111,47.487,47.945,48.311,48.557,48.662,48.994,49.562,50.157,50.639,51.291,51.89,52.436,52.834,53.286,53.762,54.246,54.737,55.077,55.591,55.991,56.669,56.858,57.202,57.675,57.909,58.18,58.278,58.444,58.706,59.07,58.864,58.671,59.215,59.636,60.421,61.114,61.685,62.244,62.517,63.24,63.604,64.292,65.138,65.942,66.254,66.526,66.89,67.138,67.447,68.194,68.532,68.879,69.21,69.807,70.33,70.53,71.012,71.718,72.387,73.096,73.89,74.516,75.102,76.397,77.133,77.738,78.391,79.446,80.421,81.772,82.338,82.164,82.601,82.916,84.326,86.229,86.279,86.84,88.463,90.544,92.463,94.377,95.802,97.026,98.64,101.224,103.11,104.89,105.94,106.295,107.199,107.793,107.48,107.5,107.681,107.296,107.012,106.268,104.867,104.094,102.503,101.637,102.712,102.869,102.03,101.994,102.684,102.872
"26","18","  Structures","B012RG3",15.466,15.697,15.755,15.995,15.978,16.588,16.133,16.267,16.709,17.056,17.383,17.655,17.912,17.993,18.299,18.873,19.13,19.612,20.294,20.657,21.131,21.626,22.324,22.926,23.509,23.927,24.151,24.586,24.722,25.458,25.871,26.337,26.979,27.724,28.658,29.534,30.416,31.336,32.15,33.004,33.655,34.828,35.969,36.85,37.826,38.721,39.614,40.599,41.491,42.138,42.665,43.3,43.931,44.58,44.956,45.164,45.384,45.496,45.717,46.12,46.407,46.786,47.257,47.624,47.871,47.986,48.33,48.902,49.506,49.983,50.639,51.244,51.789,52.188,52.639,53.129,53.615,54.102,54.447,54.959,55.367,56.057,56.238,56.582,57.066,57.3,57.574,57.666,57.846,58.127,58.47,58.287,58.086,58.637,59.059,59.863,60.569,61.136,61.697,61.972,62.698,63.056,63.743,64.602,65.416,65.734,66.012,66.379,66.625,66.942,67.69,68.025,68.371,68.72,69.33,69.862,70.057,70.553,71.262,71.944,72.672,73.484,74.117,74.71,76.026,76.765,77.382,78.047,79.109,80.105,81.471,82.047,81.87,82.321,82.647,84.076,86.019,86.09,86.663,88.319,90.436,92.389,94.342,95.788,96.998,98.62,101.234,103.147,104.939,106.003,106.358,107.267,107.868,107.543,107.576,107.769,107.386,107.106,106.321,104.889,104.092,102.469,101.657,102.816,103.004,102.175,102.166,102.933,103.167
"27","19","    Permanent site","B943RG3",14.962,15.113,15.11,15.324,15.235,15.96,15.323,15.417,15.893,16.261,16.623,16.908,17.205,17.278,17.623,18.234,18.475,18.902,19.635,20.036,20.438,20.827,21.425,21.966,22.529,23.039,23.253,23.671,23.666,24.511,24.905,25.29,25.796,26.612,27.597,28.461,29.42,30.409,31.128,31.941,32.498,33.77,34.95,35.75,36.703,37.42,38.373,39.572,40.306,40.878,41.328,41.881,42.538,43.164,43.638,43.826,43.977,44.016,44.115,44.443,44.865,45.08,45.6,45.814,46.055,46.169,46.51,47.035,47.536,48.225,48.836,49.508,50.068,50.389,50.628,51.079,51.867,52.121,52.404,52.9,53.32,54.06,54.166,54.314,54.811,55.01,55.34,55.3,55.336,55.448,55.804,55.48,55.364,55.813,56.256,57.058,57.873,58.308,59.031,59.763,60.326,60.68,61.597,62.688,63.438,63.657,63.926,64.159,64.331,64.521,65.464,65.795,66.256,66.478,67.347,68.034,68.257,68.748,69.545,70.363,71.204,72.021,72.661,73.275,74.732,75.392,75.909,76.532,77.577,78.44,80.09,80.973,80.665,81.067,81.3,82.993,85.358,85.135,85.563,87.472,89.984,92.144,94.101,95.621,96.771,98.594,101.322,103.313,105.504,106.66,106.874,108.29,108.86,108.252,108.282,108.307,107.339,106.772,105.742,104.976,104.97,102.633,101.281,102.331,102.055,100.505,100.884,101.642,101.607
"28","20","      Single family","B944RG3",15.1,15.25,15.25,15.5,15.399,16.147,15.499,15.598,16.047,16.396,16.745,17.044,17.343,17.443,17.792,18.439,18.689,19.137,19.885,20.284,20.682,21.08,21.678,22.227,22.775,23.274,23.473,23.872,23.872,24.719,25.118,25.516,26.124,26.89,27.848,28.704,29.675,30.699,31.474,32.362,33.008,34.374,35.638,36.498,37.451,38.199,39.188,40.423,41.204,41.751,42.129,42.561,43.02,43.465,43.76,43.788,43.781,43.732,43.781,44.089,44.575,44.793,45.298,45.476,45.626,45.68,45.957,46.417,46.844,47.491,48.085,48.761,49.225,49.668,49.975,50.445,51.187,51.446,51.76,52.307,52.809,53.637,53.844,54.083,54.698,54.95,55.301,55.246,55.186,55.249,55.566,55.218,55.096,55.537,55.978,56.783,57.638,58.118,58.89,59.675,60.292,60.695,61.655,62.782,63.551,63.782,64.051,64.274,64.404,64.58,65.511,65.828,66.276,66.463,67.282,67.867,67.877,68.227,68.945,69.75,70.677,71.567,72.261,72.889,74.275,74.928,75.455,76.097,77.218,78.136,79.811,80.694,80.331,80.693,80.908,82.601,84.984,84.815,85.315,87.308,89.898,92.115,94.103,95.625,96.782,98.587,101.273,103.191,105.239,106.29,106.44,107.83,108.213,107.392,107.177,106.913,105.616,104.741,103.44,102.428,102.183,99.723,98.306,99.287,99.02,97.516,97.883,98.618,98.585
"29","21","      Multifamily","B292RG3",15.802,15.973,15.972,16.143,16.086,16.825,16.143,16.2,16.711,17.109,17.507,17.792,18.133,18.189,18.587,19.212,19.497,19.952,20.747,21.202,21.657,22.055,22.68,23.192,23.76,24.272,24.498,25.012,24.953,25.86,26.259,26.603,26.554,27.795,29.075,30.096,31.104,32.033,32.597,33.207,33.518,34.588,35.588,36.252,37.261,37.928,38.857,40.066,40.762,41.469,42.152,43.031,44.171,45.254,46.206,46.86,47.543,47.906,48.213,48.655,48.905,49.15,49.778,50.135,50.695,51.016,51.581,52.335,53.092,53.959,54.683,55.423,56.514,56.314,56.238,56.616,57.657,57.873,57.988,58.202,58.18,58.456,58.022,57.662,57.447,57.318,57.535,57.578,58.145,58.54,59.17,59.019,58.928,59.452,59.902,60.659,60.969,60.826,60.99,61.188,61.222,61.107,61.609,62.354,62.886,62.972,63.214,63.519,64.044,64.348,65.406,65.875,66.458,66.951,68.186,69.626,71.432,73.071,74.577,75.557,75.714,75.984,76.236,76.797,78.945,79.694,80.114,80.541,80.869,81.205,82.6,83.477,83.629,84.352,84.689,86.305,88.391,87.622,87.396,88.545,90.382,92.04,93.693,95.129,96.09,98.075,101.336,104.288,108.277,110.676,111.548,113.134,114.77,115.317,116.686,118.186,118.704,119.583,119.867,120.376,121.684,119.925,119.001,120.584,120.259,118.433,118.879,119.772,119.732
"30","22","    Other structures \5\","B863RG3",16.301,16.736,16.942,17.237,17.39,17.724,17.71,17.942,18.296,18.583,18.803,19.028,19.154,19.255,19.421,19.845,20.132,20.769,21.246,21.506,22.178,22.937,23.848,24.562,25.148,25.392,25.623,26.084,26.464,27.012,27.465,28.094,29.001,29.578,30.378,31.264,31.956,32.713,33.712,34.635,35.465,36.418,37.464,38.49,39.499,40.671,41.473,42.155,43.274,44.033,44.671,45.419,46.021,46.7,46.941,47.167,47.482,47.712,48.157,48.709,48.72,49.436,49.799,50.471,50.722,50.831,51.177,51.827,52.613,52.694,53.428,53.899,54.414,54.952,55.788,56.346,56.29,57.177,57.628,58.167,58.552,59.147,59.46,60.136,60.592,60.888,61.071,61.386,61.797,62.33,62.661,62.702,62.365,63.076,63.462,64.268,64.803,65.574,65.887,65.458,66.435,66.796,67.11,67.599,68.524,69.002,69.298,69.866,70.222,70.735,71.183,71.525,71.699,72.237,72.468,72.774,72.925,73.426,74,74.472,75.021,75.827,76.453,77.014,78.102,78.97,79.745,80.475,81.562,82.77,83.688,83.785,83.816,84.345,84.814,85.834,87.117,87.649,88.451,89.709,91.18,92.8,94.75,96.073,97.377,98.661,101.087,102.876,103.974,104.893,105.486,105.632,106.304,106.379,106.413,106.802,107.062,107.077,106.547,104.553,103.196,102.086,101.635,102.874,103.356,102.991,102.736,103.508,103.901
"31","23","  Equipment","B013RG3",54.716,54.974,55.248,55.521,55.773,56.177,56.267,56.524,56.839,57.072,57.282,57.194,57.28,57.327,57.253,57.278,57.359,57.547,57.707,57.921,58.495,59.825,62.066,64.402,65.86,66.671,67.395,68.388,69.391,70.305,70.891,71.386,71.874,72.351,72.989,73.838,74.555,75.54,76.827,78.23,79.533,80.272,80.83,82.002,83.493,85.259,86.843,88.023,89.685,91.469,93.128,94.135,95.959,97.584,98.467,99.119,99.462,99.667,100.402,101.328,101.176,101.316,100.652,100.926,101.096,100.503,99.854,100.183,100.101,100.986,101.247,101.392,101.955,102.341,102.854,102.303,102.612,103.436,103.376,104.088,103.959,103.798,104.572,104.952,104.703,105.019,105.092,105.55,104.81,104.058,105.665,104.025,104.368,104.525,104.915,104.397,104.185,105.078,105.463,105.702,106.145,106.983,107.712,107.567,107.611,107.398,107.329,107.414,107.851,107.44,108.085,108.657,109.139,107.933,107.408,107.022,107.662,106.968,107.434,106.889,106.074,105.242,105.316,105.325,104.995,105.494,105.129,104.866,105.401,104.787,104.956,104.827,104.859,104.176,103.738,103.675,102.467,100.878,100.537,99.618,98.89,98.228,97.146,96.902,99.16,100.14,100.454,100.245,101.266,101.302,101.685,102.28,102.349,102.778,102.119,101.736,101.357,100.991,102.114,101.95,102.088,101.679,98.775,96.72,95.771,94.639,93.667,91.883,90.615
"32",NA,"Addenda:"," ",NA,NA,NA,NA,NA,NA,NA,NA,NA,NA,NA,NA,NA,NA,NA,NA,NA,NA,NA,NA,NA,NA,NA,NA,NA,NA,NA,NA,NA,NA,NA,NA,NA,NA,NA,NA,NA,NA,NA,NA,NA,NA,NA,NA,NA,NA,NA,NA,NA,NA,NA,NA,NA,NA,NA,NA,NA,NA,NA,NA,NA,NA,NA,NA,NA,NA,NA,NA,NA,NA,NA,NA,NA,NA,NA,NA,NA,NA,NA,NA,NA,NA,NA,NA,NA,NA,NA,NA,NA,NA,NA,NA,NA,NA,NA,NA,NA,NA,NA,NA,NA,NA,NA,NA,NA,NA,NA,NA,NA,NA,NA,NA,NA,NA,NA,NA,NA,NA,NA,NA,NA,NA,NA,NA,NA,NA,NA,NA,NA,NA,NA,NA,NA,NA,NA,NA,NA,NA,NA,NA,NA,NA,NA,NA,NA,NA,NA,NA,NA,NA,NA,NA,NA,NA,NA,NA,NA,NA,NA,NA,NA,NA,NA,NA,NA,NA,NA,NA,NA
"33","24","  Private fixed investment in structures","A349RG3",14.919,15.152,15.279,15.54,15.609,16.148,15.95,16.146,16.531,16.886,17.23,17.513,17.805,17.945,18.222,18.705,18.969,19.416,20.03,20.442,20.944,21.631,22.476,23.253,23.893,24.322,24.544,24.911,25.055,25.663,26.061,26.481,27.208,27.851,28.662,29.425,30.202,31.085,31.873,32.73,33.496,34.601,35.705,36.521,37.318,38.133,38.978,40.084,41.417,42.501,43.42,44.576,45.437,45.971,46.194,46.146,45.774,45.576,45.634,45.804,45.974,46.392,46.774,47.093,47.396,47.507,47.8,48.218,48.616,48.98,49.433,49.875,50.179,50.488,50.852,51.334,51.951,52.442,52.856,53.383,53.805,54.459,54.748,55.123,55.591,55.894,56.254,56.466,56.802,56.986,57.152,56.799,56.69,57.093,57.446,58.081,58.657,59.19,59.71,60.08,60.692,61.047,61.744,62.59,63.36,63.711,64.155,64.584,64.751,65.033,65.801,66.179,66.642,67.094,67.755,68.4,68.916,69.51,70.154,70.783,71.409,72.071,72.645,73.245,74.367,75.071,75.753,76.507,77.562,78.62,79.925,80.462,80.658,81.27,81.739,82.994,84.592,84.653,85.24,86.72,88.72,90.672,92.779,94.649,96.379,98.323,101.304,103.994,106.172,107.883,108.896,110.656,111.607,111.631,112.051,112.768,113.015,113.563,114.414,115.064,113.75,110.898,108.8,109.042,109.269,109.14,109.556,110.513,111.318
"34","25","  Private fixed investment in equipment and software","A327RG3",57.416,57.716,58.209,58.704,59.331,59.884,60.315,60.992,61.608,61.964,62.037,62.003,62.397,62.668,62.812,62.684,62.949,63.558,64.052,64.208,65.001,66.611,69.288,72.601,75.825,78.113,79.265,80.466,81.634,82.392,83.403,84.656,85.99,87.198,88.534,89.947,90.925,91.983,93.096,94.198,95.937,97.634,99.193,100.877,103.37,105.919,108.147,109.707,111.873,113.947,115.267,116.587,117.442,118.771,119.483,119.976,119.863,119.407,118.867,118.704,118.463,118.376,118.08,117.877,117.778,117.821,118.061,118.533,118.591,119.518,120.479,121.008,121.001,120.486,119.986,120.809,121.482,121.793,121.926,123.078,123.309,123.288,123.659,124.107,124.436,124.557,125.332,126.401,127.479,127.071,126.64,126.549,126.333,125.623,125.272,124.611,124.746,124.429,124.01,123.666,123.866,123.967,123.622,122.69,122.359,122.541,122.141,121.469,120.492,119.383,118.854,118.167,117.141,116.235,115.363,114.149,112.376,111.014,110.004,109.065,108.581,107.763,106.829,106.399,106.301,106.143,106.243,105.745,104.506,103.994,103.321,102.648,102.282,101.592,101.068,101.135,100.643,100.208,100.122,100.199,99.916,100.087,99.859,99.642,100.105,100.233,99.818,99.844,99.989,100.054,100.298,100.489,100.675,100.748,100.238,99.715,99.493,99.681,100.337,100.878,100.477,99.97,99.339,98.702,97.934,97.734,97.538,97.466,97.498
"35","26","  Private fixed investment in new structures \6\","W040RG3",14.931,15.169,15.291,15.554,15.622,16.166,15.973,16.169,16.553,16.907,17.258,17.54,17.837,17.974,18.249,18.732,19.002,19.438,20.053,20.471,20.971,21.66,22.517,23.306,23.947,24.384,24.609,24.97,25.104,25.712,26.107,26.509,27.222,27.868,28.676,29.399,30.198,31.084,31.833,32.692,33.44,34.55,35.668,36.475,37.256,38.066,38.912,40.084,41.395,42.515,43.478,44.603,45.481,46,46.235,46.18,45.766,45.55,45.57,45.741,45.907,46.308,46.693,46.935,47.254,47.357,47.624,47.997,48.358,48.678,49.109,49.566,49.81,50.061,50.375,50.813,51.515,51.999,52.365,52.872,53.326,53.973,54.261,54.574,55.08,55.387,55.794,56.024,56.342,56.501,56.665,56.329,56.24,56.586,56.919,57.541,58.147,58.587,59.123,59.568,60.075,60.385,61.114,61.995,62.791,63.115,63.566,63.977,64.118,64.398,65.228,65.637,66.134,66.583,67.28,67.937,68.47,69.063,69.705,70.362,71.02,71.675,72.254,72.848,73.985,74.654,75.295,76.016,77.025,78.021,79.381,80.013,80.192,80.784,81.22,82.501,84.181,84.139,84.659,86.212,88.357,90.452,92.646,94.498,96.259,98.296,101.315,104.13,106.509,108.397,109.459,111.464,112.484,112.507,112.955,113.807,114.11,114.866,116.056,116.965,115.716,112.561,110.273,110.55,110.84,110.818,111.383,112.419,113.376
"36","27","    Nonresidential structures","A771RG3",14.144,14.378,14.576,14.853,15.003,15.472,15.516,15.773,16.099,16.465,16.83,17.124,17.46,17.677,17.907,18.256,18.527,18.922,19.448,19.925,20.462,21.355,22.351,23.294,23.978,24.414,24.633,24.925,25.077,25.529,25.903,26.262,27.093,27.582,28.206,28.798,29.419,30.242,30.982,31.828,32.715,33.719,34.764,35.502,36.114,36.847,37.634,38.813,40.478,41.886,43.073,44.528,45.494,45.945,46.071,45.866,45.077,44.624,44.527,44.46,44.512,44.959,45.249,45.513,45.86,45.965,46.203,46.468,46.659,46.897,47.106,47.352,47.361,47.559,47.813,48.276,49.033,49.52,50.004,50.538,50.97,51.571,51.973,52.371,52.809,53.178,53.621,53.948,54.427,54.517,54.503,53.975,53.974,54.187,54.447,54.858,55.26,55.733,56.191,56.694,57.133,57.482,58.191,59.014,59.72,60.108,60.764,61.27,61.329,61.56,62.35,62.782,63.394,63.97,64.695,65.474,66.4,67.114,67.668,68.225,68.715,69.163,69.652,70.261,71.11,71.766,72.529,73.365,74.405,75.538,76.756,77.221,77.955,78.817,79.535,80.481,81.459,81.512,82.127,83.258,85.01,86.96,89.394,92.169,95.016,97.661,101.453,105.871,108.873,111.857,114.037,117.206,118.65,119.172,120.152,121.595,122.657,124.142,126.621,129.142,127.307,123.22,119.845,119.205,119.484,120.089,120.966,122.152,123.568
"37","28","    Residential structures","A756RG3",15.592,15.832,15.88,16.124,16.103,16.728,16.267,16.402,16.847,17.193,17.532,17.804,18.068,18.144,18.451,19.031,19.3,19.767,20.457,20.83,21.301,21.79,22.504,23.122,23.702,24.134,24.363,24.794,24.913,25.662,26.076,26.514,27.126,27.891,28.834,29.657,30.593,31.526,32.276,33.138,33.747,34.942,36.119,36.991,37.958,38.853,39.759,40.889,41.693,42.387,42.991,43.506,44.173,44.795,45.218,45.43,45.6,45.699,45.857,46.286,46.576,46.921,47.409,47.621,47.897,47.995,48.291,48.788,49.34,49.745,50.38,51.027,51.487,51.785,52.153,52.563,53.206,53.68,53.93,54.406,54.874,55.557,55.729,55.948,56.515,56.751,57.113,57.233,57.357,57.6,57.962,57.826,57.653,58.115,58.509,59.311,60.085,60.491,61.086,61.48,62.036,62.317,63.059,63.982,64.848,65.119,65.392,65.721,65.928,66.249,67.105,67.493,67.888,68.224,68.892,69.436,69.623,70.105,70.817,71.553,72.346,73.167,73.818,74.397,75.761,76.441,76.973,77.587,78.564,79.433,80.901,81.658,81.398,81.789,82.036,83.532,85.656,85.563,86.028,87.825,90.185,92.358,94.417,95.76,96.929,98.634,101.237,103.201,105.232,106.471,106.805,107.985,108.658,108.272,108.282,108.638,108.24,108.235,107.889,106.672,106.098,104.007,103.044,104.493,104.81,104.053,104.273,105.17,105.614
"38",NA,NA,NA,NA,NA,NA,NA,NA,NA,NA,NA,NA,NA,NA,NA,NA,NA,NA,NA,NA,NA,NA,NA,NA,NA,NA,NA,NA,NA,NA,NA,NA,NA,NA,NA,NA,NA,NA,NA,NA,NA,NA,NA,NA,NA,NA,NA,NA,NA,NA,NA,NA,NA,NA,NA,NA,NA,NA,NA,NA,NA,NA,NA,NA,NA,NA,NA,NA,NA,NA,NA,NA,NA,NA,NA,NA,NA,NA,NA,NA,NA,NA,NA,NA,NA,NA,NA,NA,NA,NA,NA,NA,NA,NA,NA,NA,NA,NA,NA,NA,NA,NA,NA,NA,NA,NA,NA,NA,NA,NA,NA,NA,NA,NA,NA,NA,NA,NA,NA,NA,NA,NA,NA,NA,NA,NA,NA,NA,NA,NA,NA,NA,NA,NA,NA,NA,NA,NA,NA,NA,NA,NA,NA,NA,NA,NA,NA,NA,NA,NA,NA,NA,NA,NA,NA,NA,NA,NA,NA,NA,NA,NA,NA,NA,NA,NA,NA,NA,NA,NA,NA,NA
"39","1. Consists primarily of religious, educational, vocational, lodging, railroads, farm, and amusement and recreational",NA,NA,NA,NA,NA,NA,NA,NA,NA,NA,NA,NA,NA,NA,NA,NA,NA,NA,NA,NA,NA,NA,NA,NA,NA,NA,NA,NA,NA,NA,NA,NA,NA,NA,NA,NA,NA,NA,NA,NA,NA,NA,NA,NA,NA,NA,NA,NA,NA,NA,NA,NA,NA,NA,NA,NA,NA,NA,NA,NA,NA,NA,NA,NA,NA,NA,NA,NA,NA,NA,NA,NA,NA,NA,NA,NA,NA,NA,NA,NA,NA,NA,NA,NA,NA,NA,NA,NA,NA,NA,NA,NA,NA,NA,NA,NA,NA,NA,NA,NA,NA,NA,NA,NA,NA,NA,NA,NA,NA,NA,NA,NA,NA,NA,NA,NA,NA,NA,NA,NA,NA,NA,NA,NA,NA,NA,NA,NA,NA,NA,NA,NA,NA,NA,NA,NA,NA,NA,NA,NA,NA,NA,NA,NA,NA,NA,NA,NA,NA,NA,NA,NA,NA,NA,NA,NA,NA,NA,NA,NA,NA,NA,NA,NA,NA,NA,NA,NA,NA,NA,NA
"40","structures, net purchases of used structures, and brokers' commissions on the sale of structures.",NA,NA,NA,NA,NA,NA,NA,NA,NA,NA,NA,NA,NA,NA,NA,NA,NA,NA,NA,NA,NA,NA,NA,NA,NA,NA,NA,NA,NA,NA,NA,NA,NA,NA,NA,NA,NA,NA,NA,NA,NA,NA,NA,NA,NA,NA,NA,NA,NA,NA,NA,NA,NA,NA,NA,NA,NA,NA,NA,NA,NA,NA,NA,NA,NA,NA,NA,NA,NA,NA,NA,NA,NA,NA,NA,NA,NA,NA,NA,NA,NA,NA,NA,NA,NA,NA,NA,NA,NA,NA,NA,NA,NA,NA,NA,NA,NA,NA,NA,NA,NA,NA,NA,NA,NA,NA,NA,NA,NA,NA,NA,NA,NA,NA,NA,NA,NA,NA,NA,NA,NA,NA,NA,NA,NA,NA,NA,NA,NA,NA,NA,NA,NA,NA,NA,NA,NA,NA,NA,NA,NA,NA,NA,NA,NA,NA,NA,NA,NA,NA,NA,NA,NA,NA,NA,NA,NA,NA,NA,NA,NA,NA,NA,NA,NA,NA,NA,NA,NA,NA,NA
"41","2. Excludes software ""embedded,"" or bundled, in computers and other equipment.",NA,NA,NA,NA,NA,NA,NA,NA,NA,NA,NA,NA,NA,NA,NA,NA,NA,NA,NA,NA,NA,NA,NA,NA,NA,NA,NA,NA,NA,NA,NA,NA,NA,NA,NA,NA,NA,NA,NA,NA,NA,NA,NA,NA,NA,NA,NA,NA,NA,NA,NA,NA,NA,NA,NA,NA,NA,NA,NA,NA,NA,NA,NA,NA,NA,NA,NA,NA,NA,NA,NA,NA,NA,NA,NA,NA,NA,NA,NA,NA,NA,NA,NA,NA,NA,NA,NA,NA,NA,NA,NA,NA,NA,NA,NA,NA,NA,NA,NA,NA,NA,NA,NA,NA,NA,NA,NA,NA,NA,NA,NA,NA,NA,NA,NA,NA,NA,NA,NA,NA,NA,NA,NA,NA,NA,NA,NA,NA,NA,NA,NA,NA,NA,NA,NA,NA,NA,NA,NA,NA,NA,NA,NA,NA,NA,NA,NA,NA,NA,NA,NA,NA,NA,NA,NA,NA,NA,NA,NA,NA,NA,NA,NA,NA,NA,NA,NA,NA,NA,NA,NA
"42","3. Includes communication equipment, nonmedical instruments, medical equipment and instruments, photocopy and related",NA,NA,NA,NA,NA,NA,NA,NA,NA,NA,NA,NA,NA,NA,NA,NA,NA,NA,NA,NA,NA,NA,NA,NA,NA,NA,NA,NA,NA,NA,NA,NA,NA,NA,NA,NA,NA,NA,NA,NA,NA,NA,NA,NA,NA,NA,NA,NA,NA,NA,NA,NA,NA,NA,NA,NA,NA,NA,NA,NA,NA,NA,NA,NA,NA,NA,NA,NA,NA,NA,NA,NA,NA,NA,NA,NA,NA,NA,NA,NA,NA,NA,NA,NA,NA,NA,NA,NA,NA,NA,NA,NA,NA,NA,NA,NA,NA,NA,NA,NA,NA,NA,NA,NA,NA,NA,NA,NA,NA,NA,NA,NA,NA,NA,NA,NA,NA,NA,NA,NA,NA,NA,NA,NA,NA,NA,NA,NA,NA,NA,NA,NA,NA,NA,NA,NA,NA,NA,NA,NA,NA,NA,NA,NA,NA,NA,NA,NA,NA,NA,NA,NA,NA,NA,NA,NA,NA,NA,NA,NA,NA,NA,NA,NA,NA,NA,NA,NA,NA,NA,NA
"43","equipment, and office and accounting equipment.",NA,NA,NA,NA,NA,NA,NA,NA,NA,NA,NA,NA,NA,NA,NA,NA,NA,NA,NA,NA,NA,NA,NA,NA,NA,NA,NA,NA,NA,NA,NA,NA,NA,NA,NA,NA,NA,NA,NA,NA,NA,NA,NA,NA,NA,NA,NA,NA,NA,NA,NA,NA,NA,NA,NA,NA,NA,NA,NA,NA,NA,NA,NA,NA,NA,NA,NA,NA,NA,NA,NA,NA,NA,NA,NA,NA,NA,NA,NA,NA,NA,NA,NA,NA,NA,NA,NA,NA,NA,NA,NA,NA,NA,NA,NA,NA,NA,NA,NA,NA,NA,NA,NA,NA,NA,NA,NA,NA,NA,NA,NA,NA,NA,NA,NA,NA,NA,NA,NA,NA,NA,NA,NA,NA,NA,NA,NA,NA,NA,NA,NA,NA,NA,NA,NA,NA,NA,NA,NA,NA,NA,NA,NA,NA,NA,NA,NA,NA,NA,NA,NA,NA,NA,NA,NA,NA,NA,NA,NA,NA,NA,NA,NA,NA,NA,NA,NA,NA,NA,NA,NA
"44","4. Consists primarily of furniture and fixtures, agricultural machinery, construction machinery, mining and",NA,NA,NA,NA,NA,NA,NA,NA,NA,NA,NA,NA,NA,NA,NA,NA,NA,NA,NA,NA,NA,NA,NA,NA,NA,NA,NA,NA,NA,NA,NA,NA,NA,NA,NA,NA,NA,NA,NA,NA,NA,NA,NA,NA,NA,NA,NA,NA,NA,NA,NA,NA,NA,NA,NA,NA,NA,NA,NA,NA,NA,NA,NA,NA,NA,NA,NA,NA,NA,NA,NA,NA,NA,NA,NA,NA,NA,NA,NA,NA,NA,NA,NA,NA,NA,NA,NA,NA,NA,NA,NA,NA,NA,NA,NA,NA,NA,NA,NA,NA,NA,NA,NA,NA,NA,NA,NA,NA,NA,NA,NA,NA,NA,NA,NA,NA,NA,NA,NA,NA,NA,NA,NA,NA,NA,NA,NA,NA,NA,NA,NA,NA,NA,NA,NA,NA,NA,NA,NA,NA,NA,NA,NA,NA,NA,NA,NA,NA,NA,NA,NA,NA,NA,NA,NA,NA,NA,NA,NA,NA,NA,NA,NA,NA,NA,NA,NA,NA,NA,NA,NA
"45","oilfield machinery, service industry machinery, and electrical equipment not elsewhere classified.",NA,NA,NA,NA,NA,NA,NA,NA,NA,NA,NA,NA,NA,NA,NA,NA,NA,NA,NA,NA,NA,NA,NA,NA,NA,NA,NA,NA,NA,NA,NA,NA,NA,NA,NA,NA,NA,NA,NA,NA,NA,NA,NA,NA,NA,NA,NA,NA,NA,NA,NA,NA,NA,NA,NA,NA,NA,NA,NA,NA,NA,NA,NA,NA,NA,NA,NA,NA,NA,NA,NA,NA,NA,NA,NA,NA,NA,NA,NA,NA,NA,NA,NA,NA,NA,NA,NA,NA,NA,NA,NA,NA,NA,NA,NA,NA,NA,NA,NA,NA,NA,NA,NA,NA,NA,NA,NA,NA,NA,NA,NA,NA,NA,NA,NA,NA,NA,NA,NA,NA,NA,NA,NA,NA,NA,NA,NA,NA,NA,NA,NA,NA,NA,NA,NA,NA,NA,NA,NA,NA,NA,NA,NA,NA,NA,NA,NA,NA,NA,NA,NA,NA,NA,NA,NA,NA,NA,NA,NA,NA,NA,NA,NA,NA,NA,NA,NA,NA,NA,NA,NA
"46","5. Consists primarily of manufactured homes, improvements, dormitories, net purchases",NA,NA,NA,NA,NA,NA,NA,NA,NA,NA,NA,NA,NA,NA,NA,NA,NA,NA,NA,NA,NA,NA,NA,NA,NA,NA,NA,NA,NA,NA,NA,NA,NA,NA,NA,NA,NA,NA,NA,NA,NA,NA,NA,NA,NA,NA,NA,NA,NA,NA,NA,NA,NA,NA,NA,NA,NA,NA,NA,NA,NA,NA,NA,NA,NA,NA,NA,NA,NA,NA,NA,NA,NA,NA,NA,NA,NA,NA,NA,NA,NA,NA,NA,NA,NA,NA,NA,NA,NA,NA,NA,NA,NA,NA,NA,NA,NA,NA,NA,NA,NA,NA,NA,NA,NA,NA,NA,NA,NA,NA,NA,NA,NA,NA,NA,NA,NA,NA,NA,NA,NA,NA,NA,NA,NA,NA,NA,NA,NA,NA,NA,NA,NA,NA,NA,NA,NA,NA,NA,NA,NA,NA,NA,NA,NA,NA,NA,NA,NA,NA,NA,NA,NA,NA,NA,NA,NA,NA,NA,NA,NA,NA,NA,NA,NA,NA,NA,NA,NA,NA,NA
"47","of used structures, and brokers' commissions on the sale of residential structures.",NA,NA,NA,NA,NA,NA,NA,NA,NA,NA,NA,NA,NA,NA,NA,NA,NA,NA,NA,NA,NA,NA,NA,NA,NA,NA,NA,NA,NA,NA,NA,NA,NA,NA,NA,NA,NA,NA,NA,NA,NA,NA,NA,NA,NA,NA,NA,NA,NA,NA,NA,NA,NA,NA,NA,NA,NA,NA,NA,NA,NA,NA,NA,NA,NA,NA,NA,NA,NA,NA,NA,NA,NA,NA,NA,NA,NA,NA,NA,NA,NA,NA,NA,NA,NA,NA,NA,NA,NA,NA,NA,NA,NA,NA,NA,NA,NA,NA,NA,NA,NA,NA,NA,NA,NA,NA,NA,NA,NA,NA,NA,NA,NA,NA,NA,NA,NA,NA,NA,NA,NA,NA,NA,NA,NA,NA,NA,NA,NA,NA,NA,NA,NA,NA,NA,NA,NA,NA,NA,NA,NA,NA,NA,NA,NA,NA,NA,NA,NA,NA,NA,NA,NA,NA,NA,NA,NA,NA,NA,NA,NA,NA,NA,NA,NA,NA,NA,NA,NA,NA,NA
"48","6. Excludes net purchases of used structures and brokers' commissions on the sale of structures.",NA,NA,NA,NA,NA,NA,NA,NA,NA,NA,NA,NA,NA,NA,NA,NA,NA,NA,NA,NA,NA,NA,NA,NA,NA,NA,NA,NA,NA,NA,NA,NA,NA,NA,NA,NA,NA,NA,NA,NA,NA,NA,NA,NA,NA,NA,NA,NA,NA,NA,NA,NA,NA,NA,NA,NA,NA,NA,NA,NA,NA,NA,NA,NA,NA,NA,NA,NA,NA,NA,NA,NA,NA,NA,NA,NA,NA,NA,NA,NA,NA,NA,NA,NA,NA,NA,NA,NA,NA,NA,NA,NA,NA,NA,NA,NA,NA,NA,NA,NA,NA,NA,NA,NA,NA,NA,NA,NA,NA,NA,NA,NA,NA,NA,NA,NA,NA,NA,NA,NA,NA,NA,NA,NA,NA,NA,NA,NA,NA,NA,NA,NA,NA,NA,NA,NA,NA,NA,NA,NA,NA,NA,NA,NA,NA,NA,NA,NA,NA,NA,NA,NA,NA,NA,NA,NA,NA,NA,NA,NA,NA,NA,NA,NA,NA,NA,NA,NA,NA,NA,NA
