"","Table 3AU# Real Inventory-Sales Ratios for Manufacturing and Tra","F2","F3","F4","F5","F6","F7","F8","F9","F10","F11","F12","F13","F14","F15","F16","F17","F18","F19","F20","F21","F22","F23","F24","F25","F26","F27","F28","F29","F30","F31","F32","F33","F34","F35","F36","F37","F38","F39","F40","F41","F42","F43","F44","F45","F46","F47","F48","F49","F50","F51","F52","F53","F54","F55","F56","F57","F58","F59","F60","F61","F62","F63","F64","F65","F66","F67","F68","F69","F70","F71","F72","F73","F74","F75","F76","F77","F78","F79","F80","F81","F82","F83","F84","F85","F86","F87","F88","F89","F90","F91","F92","F93","F94","F95","F96","F97","F98","F99","F100","F101","F102","F103","F104","F105","F106","F107","F108","F109","F110","F111","F112","F113","F114","F115","F116","F117","F118","F119","F120","F121","F122","F123","F124","F125","F126","F127","F128","F129","F130","F131","F132","F133","F134","F135","F136","F137","F138","F139","F140","F141","F142","F143","F144","F145","F146","F147","F148","F149","F150","F151","F152","F153","F154","F155","F156","F157","F158","F159","F160","F161","F162","F163","F164","F165","F166","F167","F168","F169","F170","F171","F172","F173","F174","F175","F176","F177","F178","F179","F180","F181","F182","F183","F184","F185","F186","F187","F188","F189","F190","F191","F192","F193","F194","F195","F196","F197","F198","F199","F200","F201","F202","F203","F204","F205","F206","F207"
"1","[Ratio, based on chained (1996) dollars; seasonally adjusted]                                                                                                                                                                                             ",NA,NA,NA,NA,NA,NA,NA,NA,NA,NA,NA,NA,NA,NA,NA,NA,NA,NA,NA,NA,NA,NA,NA,NA,NA,NA,NA,NA,NA,NA,NA,NA,NA,NA,NA,NA,NA,NA,NA,NA,NA,NA,NA,NA,NA,NA,NA,NA,NA,NA,NA,NA,NA,NA,NA,NA,NA,NA,NA,NA,NA,NA,NA,NA,NA,NA,NA,NA,NA,NA,NA,NA,NA,NA,NA,NA,NA,NA,NA,NA,NA,NA,NA,NA,NA,NA,NA,NA,NA,NA,NA,NA,NA,NA,NA,NA,NA,NA,NA,NA,NA,NA,NA,NA,NA,NA,NA,NA,NA,NA,NA,NA,NA,NA,NA,NA,NA,NA,NA,NA,NA,NA,NA,NA,NA,NA,NA,NA,NA,NA,NA,NA,NA,NA,NA,NA,NA,NA,NA,NA,NA,NA,NA,NA,NA,NA,NA,NA,NA,NA,NA,NA,NA,NA,NA,NA,NA,NA,NA,NA,NA,NA,NA,NA,NA,NA,NA,NA,NA,NA,NA,NA,NA,NA,NA,NA,NA,NA,NA,NA,NA,NA,NA,NA,NA,NA,NA,NA,NA,NA,NA,NA,NA,NA,NA,NA,NA,NA,NA,NA,NA,NA,NA,NA,NA,NA
"2","Monthly data from 1967 To 1996",NA,NA,NA,NA,NA,NA,NA,NA,NA,NA,NA,NA,NA,NA,NA,NA,NA,NA,NA,NA,NA,NA,NA,NA,NA,NA,NA,NA,NA,NA,NA,NA,NA,NA,NA,NA,NA,NA,NA,NA,NA,NA,NA,NA,NA,NA,NA,NA,NA,NA,NA,NA,NA,NA,NA,NA,NA,NA,NA,NA,NA,NA,NA,NA,NA,NA,NA,NA,NA,NA,NA,NA,NA,NA,NA,NA,NA,NA,NA,NA,NA,NA,NA,NA,NA,NA,NA,NA,NA,NA,NA,NA,NA,NA,NA,NA,NA,NA,NA,NA,NA,NA,NA,NA,NA,NA,NA,NA,NA,NA,NA,NA,NA,NA,NA,NA,NA,NA,NA,NA,NA,NA,NA,NA,NA,NA,NA,NA,NA,NA,NA,NA,NA,NA,NA,NA,NA,NA,NA,NA,NA,NA,NA,NA,NA,NA,NA,NA,NA,NA,NA,NA,NA,NA,NA,NA,NA,NA,NA,NA,NA,NA,NA,NA,NA,NA,NA,NA,NA,NA,NA,NA,NA,NA,NA,NA,NA,NA,NA,NA,NA,NA,NA,NA,NA,NA,NA,NA,NA,NA,NA,NA,NA,NA,NA,NA,NA,NA,NA,NA,NA,NA,NA,NA,NA,NA
"3","Bureau of Economic Analysis",NA,NA,NA,NA,NA,NA,NA,NA,NA,NA,NA,NA,NA,NA,NA,NA,NA,NA,NA,NA,NA,NA,NA,NA,NA,NA,NA,NA,NA,NA,NA,NA,NA,NA,NA,NA,NA,NA,NA,NA,NA,NA,NA,NA,NA,NA,NA,NA,NA,NA,NA,NA,NA,NA,NA,NA,NA,NA,NA,NA,NA,NA,NA,NA,NA,NA,NA,NA,NA,NA,NA,NA,NA,NA,NA,NA,NA,NA,NA,NA,NA,NA,NA,NA,NA,NA,NA,NA,NA,NA,NA,NA,NA,NA,NA,NA,NA,NA,NA,NA,NA,NA,NA,NA,NA,NA,NA,NA,NA,NA,NA,NA,NA,NA,NA,NA,NA,NA,NA,NA,NA,NA,NA,NA,NA,NA,NA,NA,NA,NA,NA,NA,NA,NA,NA,NA,NA,NA,NA,NA,NA,NA,NA,NA,NA,NA,NA,NA,NA,NA,NA,NA,NA,NA,NA,NA,NA,NA,NA,NA,NA,NA,NA,NA,NA,NA,NA,NA,NA,NA,NA,NA,NA,NA,NA,NA,NA,NA,NA,NA,NA,NA,NA,NA,NA,NA,NA,NA,NA,NA,NA,NA,NA,NA,NA,NA,NA,NA,NA,NA,NA,NA,NA,NA,NA,NA
"4","Data published February 03, 2004 ",NA,NA,NA,NA,NA,NA,NA,NA,NA,NA,NA,NA,NA,NA,NA,NA,NA,NA,NA,NA,NA,NA,NA,NA,NA,NA,NA,NA,NA,NA,NA,NA,NA,NA,NA,NA,NA,NA,NA,NA,NA,NA,NA,NA,NA,NA,NA,NA,NA,NA,NA,NA,NA,NA,NA,NA,NA,NA,NA,NA,NA,NA,NA,NA,NA,NA,NA,NA,NA,NA,NA,NA,NA,NA,NA,NA,NA,NA,NA,NA,NA,NA,NA,NA,NA,NA,NA,NA,NA,NA,NA,NA,NA,NA,NA,NA,NA,NA,NA,NA,NA,NA,NA,NA,NA,NA,NA,NA,NA,NA,NA,NA,NA,NA,NA,NA,NA,NA,NA,NA,NA,NA,NA,NA,NA,NA,NA,NA,NA,NA,NA,NA,NA,NA,NA,NA,NA,NA,NA,NA,NA,NA,NA,NA,NA,NA,NA,NA,NA,NA,NA,NA,NA,NA,NA,NA,NA,NA,NA,NA,NA,NA,NA,NA,NA,NA,NA,NA,NA,NA,NA,NA,NA,NA,NA,NA,NA,NA,NA,NA,NA,NA,NA,NA,NA,NA,NA,NA,NA,NA,NA,NA,NA,NA,NA,NA,NA,NA,NA,NA,NA,NA,NA,NA,NA,NA
"5","File created 10/27/2006 11:38:18 AM",NA,NA,NA,NA,NA,NA,NA,NA,NA,NA,NA,NA,NA,NA,NA,NA,NA,NA,NA,NA,NA,NA,NA,NA,NA,NA,NA,NA,NA,NA,NA,NA,NA,NA,NA,NA,NA,NA,NA,NA,NA,NA,NA,NA,NA,NA,NA,NA,NA,NA,NA,NA,NA,NA,NA,NA,NA,NA,NA,NA,NA,NA,NA,NA,NA,NA,NA,NA,NA,NA,NA,NA,NA,NA,NA,NA,NA,NA,NA,NA,NA,NA,NA,NA,NA,NA,NA,NA,NA,NA,NA,NA,NA,NA,NA,NA,NA,NA,NA,NA,NA,NA,NA,NA,NA,NA,NA,NA,NA,NA,NA,NA,NA,NA,NA,NA,NA,NA,NA,NA,NA,NA,NA,NA,NA,NA,NA,NA,NA,NA,NA,NA,NA,NA,NA,NA,NA,NA,NA,NA,NA,NA,NA,NA,NA,NA,NA,NA,NA,NA,NA,NA,NA,NA,NA,NA,NA,NA,NA,NA,NA,NA,NA,NA,NA,NA,NA,NA,NA,NA,NA,NA,NA,NA,NA,NA,NA,NA,NA,NA,NA,NA,NA,NA,NA,NA,NA,NA,NA,NA,NA,NA,NA,NA,NA,NA,NA,NA,NA,NA,NA,NA,NA,NA,NA,NA
"6",NA,NA,NA,NA,NA,NA,NA,NA,NA,NA,NA,NA,NA,NA,NA,NA,NA,NA,NA,NA,NA,NA,NA,NA,NA,NA,NA,NA,NA,NA,NA,NA,NA,NA,NA,NA,NA,NA,NA,NA,NA,NA,NA,NA,NA,NA,NA,NA,NA,NA,NA,NA,NA,NA,NA,NA,NA,NA,NA,NA,NA,NA,NA,NA,NA,NA,NA,NA,NA,NA,NA,NA,NA,NA,NA,NA,NA,NA,NA,NA,NA,NA,NA,NA,NA,NA,NA,NA,NA,NA,NA,NA,NA,NA,NA,NA,NA,NA,NA,NA,NA,NA,NA,NA,NA,NA,NA,NA,NA,NA,NA,NA,NA,NA,NA,NA,NA,NA,NA,NA,NA,NA,NA,NA,NA,NA,NA,NA,NA,NA,NA,NA,NA,NA,NA,NA,NA,NA,NA,NA,NA,NA,NA,NA,NA,NA,NA,NA,NA,NA,NA,NA,NA,NA,NA,NA,NA,NA,NA,NA,NA,NA,NA,NA,NA,NA,NA,NA,NA,NA,NA,NA,NA,NA,NA,NA,NA,NA,NA,NA,NA,NA,NA,NA,NA,NA,NA,NA,NA,NA,NA,NA,NA,NA,NA,NA,NA,NA,NA,NA,NA,NA,NA,NA,NA,NA,NA
"7","Line",NA,NA,1967,1967,1967,1967,1967,1967,1967,1967,1967,1967,1967,1967,1968,1968,1968,1968,1968,1968,1968,1968,1968,1968,1968,1968,1969,1969,1969,1969,1969,1969,1969,1969,1969,1969,1969,1969,1970,1970,1970,1970,1970,1970,1970,1970,1970,1970,1970,1970,1971,1971,1971,1971,1971,1971,1971,1971,1971,1971,1971,1971,1972,1972,1972,1972,1972,1972,1972,1972,1972,1972,1972,1972,1973,1973,1973,1973,1973,1973,1973,1973,1973,1973,1973,1973,1974,1974,1974,1974,1974,1974,1974,1974,1974,1974,1974,1974,1975,1975,1975,1975,1975,1975,1975,1975,1975,1975,1975,1975,1976,1976,1976,1976,1976,1976,1976,1976,1976,1976,1976,1976,1977,1977,1977,1977,1977,1977,1977,1977,1977,1977,1977,1977,1978,1978,1978,1978,1978,1978,1978,1978,1978,1978,1978,1978,1979,1979,1979,1979,1979,1979,1979,1979,1979,1979,1979,1979,1980,1980,1980,1980,1980,1980,1980,1980,1980,1980,1980,1980,1981,1981,1981,1981,1981,1981,1981,1981,1981,1981,1981,1981,1982,1982,1982,1982,1982,1982,1982,1982,1982,1982,1982,1982,1983,1983,1983,1983,1983,1983,1983,1983,1983,1983,1983,1983
"8",NA,NA,NA,1,2,3,4,5,6,7,8,9,10,11,12,1,2,3,4,5,6,7,8,9,10,11,12,1,2,3,4,5,6,7,8,9,10,11,12,1,2,3,4,5,6,7,8,9,10,11,12,1,2,3,4,5,6,7,8,9,10,11,12,1,2,3,4,5,6,7,8,9,10,11,12,1,2,3,4,5,6,7,8,9,10,11,12,1,2,3,4,5,6,7,8,9,10,11,12,1,2,3,4,5,6,7,8,9,10,11,12,1,2,3,4,5,6,7,8,9,10,11,12,1,2,3,4,5,6,7,8,9,10,11,12,1,2,3,4,5,6,7,8,9,10,11,12,1,2,3,4,5,6,7,8,9,10,11,12,1,2,3,4,5,6,7,8,9,10,11,12,1,2,3,4,5,6,7,8,9,10,11,12,1,2,3,4,5,6,7,8,9,10,11,12,1,2,3,4,5,6,7,8,9,10,11,12
"9","1"," Manufacturing & trade","RATM&T3",1.296,1.308,1.306,1.312,1.316,1.305,1.318,1.315,1.308,1.318,1.294,1.274,1.296,1.302,1.293,1.305,1.306,1.299,1.292,1.329,1.307,1.302,1.295,1.308,1.314,1.32,1.321,1.321,1.328,1.332,1.34,1.337,1.334,1.327,1.348,1.356,1.37,1.372,1.389,1.404,1.386,1.385,1.393,1.402,1.401,1.414,1.44,1.392,1.386,1.381,1.384,1.382,1.38,1.363,1.384,1.385,1.375,1.376,1.35,1.342,1.333,1.345,1.324,1.321,1.322,1.318,1.327,1.308,1.294,1.282,1.265,1.249,1.245,1.25,1.259,1.271,1.28,1.29,1.28,1.306,1.301,1.276,1.267,1.295,1.298,1.307,1.313,1.327,1.331,1.343,1.348,1.357,1.376,1.41,1.433,1.49,1.493,1.493,1.527,1.509,1.498,1.476,1.466,1.447,1.443,1.446,1.442,1.423,1.393,1.395,1.389,1.39,1.398,1.393,1.399,1.398,1.405,1.428,1.409,1.378,1.392,1.377,1.364,1.372,1.376,1.368,1.37,1.376,1.381,1.372,1.372,1.361,1.41,1.384,1.383,1.354,1.361,1.358,1.372,1.361,1.367,1.362,1.365,1.367,1.391,1.404,1.366,1.412,1.386,1.405,1.419,1.415,1.417,1.426,1.425,1.431,1.426,1.441,1.477,1.519,1.539,1.539,1.518,1.502,1.468,1.436,1.434,1.432,1.429,1.442,1.459,1.454,1.468,1.476,1.479,1.487,1.502,1.523,1.545,1.559,1.558,1.521,1.521,1.524,1.502,1.53,1.54,1.55,1.546,1.558,1.54,1.536,1.496,1.5,1.467,1.469,1.448,1.414,1.418,1.428,1.414,1.402,1.397,1.381
"10","2"," Manufacturing","RATM3",1.391,1.402,1.4,1.418,1.415,1.415,1.434,1.418,1.424,1.44,1.405,1.375,1.387,1.406,1.402,1.408,1.395,1.398,1.384,1.471,1.415,1.395,1.4,1.421,1.414,1.42,1.424,1.43,1.445,1.434,1.435,1.44,1.433,1.43,1.46,1.472,1.497,1.503,1.521,1.551,1.529,1.518,1.536,1.547,1.546,1.593,1.63,1.537,1.536,1.515,1.506,1.512,1.502,1.476,1.506,1.493,1.491,1.493,1.46,1.429,1.419,1.416,1.401,1.386,1.388,1.385,1.407,1.378,1.351,1.34,1.311,1.288,1.286,1.291,1.31,1.325,1.329,1.336,1.334,1.364,1.371,1.352,1.333,1.371,1.367,1.388,1.406,1.435,1.43,1.451,1.463,1.489,1.5,1.502,1.543,1.66,1.696,1.709,1.752,1.706,1.727,1.689,1.669,1.631,1.619,1.626,1.626,1.603,1.559,1.542,1.537,1.538,1.534,1.532,1.543,1.531,1.547,1.586,1.548,1.515,1.519,1.502,1.463,1.496,1.497,1.483,1.492,1.483,1.484,1.472,1.478,1.458,1.517,1.485,1.481,1.431,1.457,1.45,1.472,1.46,1.469,1.46,1.462,1.458,1.475,1.492,1.446,1.522,1.467,1.507,1.5,1.533,1.55,1.55,1.568,1.576,1.578,1.583,1.631,1.694,1.733,1.74,1.723,1.707,1.635,1.596,1.59,1.592,1.602,1.6,1.613,1.608,1.622,1.611,1.622,1.636,1.668,1.69,1.717,1.734,1.711,1.678,1.683,1.678,1.649,1.659,1.673,1.694,1.687,1.723,1.718,1.714,1.644,1.645,1.6,1.583,1.568,1.534,1.54,1.534,1.517,1.512,1.49,1.465
"11","3","  Durable goods","RATMD3",1.721,1.75,1.745,1.781,1.762,1.749,1.795,1.764,1.772,1.827,1.769,1.688,1.704,1.75,1.737,1.753,1.729,1.745,1.698,1.877,1.77,1.724,1.727,1.773,1.738,1.741,1.756,1.773,1.808,1.787,1.803,1.784,1.76,1.776,1.823,1.846,1.913,1.913,1.951,1.996,1.946,1.932,1.967,1.983,1.992,2.123,2.17,1.993,1.988,1.951,1.922,1.954,1.923,1.872,1.933,1.907,1.916,1.914,1.857,1.809,1.8,1.783,1.765,1.747,1.751,1.761,1.785,1.739,1.702,1.683,1.654,1.626,1.607,1.61,1.641,1.664,1.663,1.672,1.644,1.707,1.726,1.698,1.683,1.776,1.776,1.794,1.814,1.848,1.847,1.867,1.892,1.908,1.928,1.941,1.999,2.152,2.213,2.262,2.343,2.27,2.32,2.28,2.233,2.156,2.136,2.159,2.176,2.119,2.059,2.011,1.996,1.997,1.969,1.979,1.973,1.919,1.981,2.064,1.987,1.927,1.951,1.922,1.85,1.906,1.896,1.873,1.874,1.876,1.872,1.841,1.86,1.828,1.905,1.876,1.868,1.799,1.832,1.816,1.859,1.839,1.843,1.832,1.832,1.799,1.852,1.88,1.83,1.957,1.868,1.932,1.929,1.973,1.989,2.001,2.058,2.067,2.062,2.037,2.123,2.225,2.301,2.31,2.274,2.255,2.114,2.057,2.061,2.077,2.126,2.116,2.091,2.073,2.061,2.052,2.095,2.117,2.182,2.231,2.274,2.31,2.308,2.243,2.223,2.237,2.202,2.226,2.225,2.272,2.297,2.366,2.35,2.328,2.196,2.201,2.139,2.115,2.092,2.015,2.011,2.004,1.949,1.933,1.899,1.846
"12","4","   Lumber & wood products","RAT243",1.45,1.444,1.441,1.505,1.492,1.486,1.492,1.381,1.347,1.331,1.301,1.286,1.338,1.377,1.331,1.353,1.373,1.25,1.32,1.294,1.241,1.319,1.289,1.294,1.325,1.295,1.364,1.38,1.372,1.416,1.413,1.462,1.539,1.521,1.477,1.573,1.545,1.599,1.614,1.667,1.658,1.616,1.58,1.527,1.544,1.539,1.529,1.478,1.445,1.541,1.615,1.622,1.572,1.602,1.627,1.637,1.613,1.547,1.587,1.505,1.484,1.491,1.463,1.503,1.382,1.356,1.265,1.28,1.274,1.19,1.165,1.132,1.155,1.171,1.188,1.25,1.311,1.294,1.302,1.32,1.32,1.453,1.387,1.446,1.408,1.38,1.382,1.48,1.501,1.468,1.578,1.595,1.643,1.675,1.596,1.626,1.607,1.661,1.736,1.593,1.675,1.559,1.474,1.528,1.478,1.452,1.423,1.4,1.443,1.416,1.471,1.427,1.471,1.467,1.463,1.47,1.494,1.515,1.52,1.492,1.578,1.458,1.428,1.462,1.431,1.39,1.365,1.297,1.26,1.29,1.241,1.273,1.362,1.393,1.356,1.308,1.299,1.311,1.421,1.321,1.377,1.403,1.393,1.323,1.475,1.458,1.431,1.465,1.453,1.436,1.405,1.394,1.394,1.435,1.502,1.525,1.48,1.399,1.615,1.727,1.836,1.662,1.598,1.589,1.508,1.49,1.462,1.469,1.516,1.469,1.511,1.476,1.557,1.565,1.674,1.743,1.704,1.798,1.792,1.756,1.733,1.62,1.566,1.603,1.573,1.584,1.561,1.548,1.61,1.515,1.461,1.518,1.398,1.447,1.43,1.372,1.333,1.312,1.337,1.367,1.354,1.39,1.36,1.344
"13","5","   Furniture & fixtures","RAT253",1.464,1.401,1.439,1.542,1.497,1.483,1.438,1.386,1.39,1.434,1.404,1.42,1.397,1.462,1.458,1.445,1.431,1.528,1.457,1.526,1.542,1.376,1.481,1.444,1.354,1.45,1.454,1.431,1.504,1.461,1.52,1.547,1.604,1.582,1.675,1.704,1.726,1.73,1.741,1.724,1.75,1.724,1.64,1.736,1.687,1.7,1.779,1.729,1.829,1.756,1.769,1.787,1.828,1.802,1.846,1.8,1.715,1.756,1.692,1.596,1.678,1.658,1.609,1.601,1.563,1.455,1.693,1.496,1.561,1.525,1.453,1.473,1.439,1.44,1.523,1.526,1.536,1.637,1.575,1.674,1.71,1.734,1.744,1.764,1.743,1.746,1.67,1.786,1.75,1.707,1.775,1.794,1.785,1.849,1.891,1.951,1.973,2.025,2.031,1.938,1.949,1.824,1.719,1.762,1.669,1.699,1.769,1.813,1.819,1.728,1.716,1.787,1.725,1.776,1.764,1.723,1.696,1.706,1.687,1.707,1.733,1.667,1.522,1.624,1.656,1.659,1.678,1.609,1.646,1.655,1.637,1.536,1.625,1.603,1.628,1.56,1.595,1.557,1.576,1.584,1.626,1.587,1.634,1.691,1.669,1.705,1.638,1.707,1.673,1.741,1.7,1.68,1.681,1.7,1.736,1.759,1.618,1.719,1.717,1.68,1.784,1.757,1.853,1.84,1.721,1.766,1.705,1.706,1.689,1.7,1.737,1.687,1.665,1.767,1.684,1.759,1.799,1.818,1.787,1.82,1.822,1.768,1.766,1.751,1.806,1.785,1.774,1.704,1.81,1.796,1.82,1.831,1.748,1.719,1.682,1.677,1.624,1.619,1.629,1.609,1.579,1.651,1.607,1.569
"14","6","   Stone clay glass prod.","RAT323",0.978,1.007,1.014,1.048,1.021,1.037,1.04,0.971,0.952,0.984,0.948,0.901,0.923,0.896,0.905,0.83,0.835,0.863,0.844,0.847,0.839,0.824,0.892,0.925,0.956,1.006,0.996,1.012,1.024,1.041,1.02,1.008,0.984,0.952,0.958,0.941,1.019,1.031,1.033,1.079,1.064,1.021,1.036,1.067,1.063,1.076,1.132,1.01,1.085,1.087,1.074,1.02,1.06,1.037,1.049,1.023,1.039,1.03,0.992,0.973,0.931,0.93,0.924,0.953,0.937,0.956,0.953,0.927,0.956,0.954,0.941,0.955,0.935,0.923,0.921,0.915,0.909,0.938,0.966,0.938,0.957,0.919,0.925,0.961,0.999,1.013,1.06,1.072,1.134,1.145,1.189,1.191,1.195,1.177,1.232,1.248,1.274,1.352,1.425,1.356,1.357,1.339,1.255,1.293,1.266,1.212,1.275,1.298,1.252,1.212,1.173,1.233,1.248,1.235,1.244,1.234,1.221,1.251,1.207,1.224,1.249,1.192,1.111,1.162,1.159,1.139,1.19,1.129,1.188,1.198,1.205,1.128,1.24,1.205,1.185,1.099,1.11,1.133,1.151,1.14,1.169,1.143,1.159,1.165,1.279,1.285,1.18,1.224,1.176,1.181,1.21,1.198,1.222,1.215,1.253,1.265,1.24,1.331,1.41,1.478,1.504,1.505,1.473,1.438,1.362,1.374,1.344,1.341,1.418,1.396,1.393,1.396,1.446,1.448,1.459,1.519,1.601,1.591,1.588,1.605,1.592,1.616,1.568,1.592,1.529,1.547,1.53,1.573,1.548,1.558,1.565,1.513,1.401,1.506,1.499,1.488,1.458,1.413,1.454,1.401,1.375,1.401,1.392,1.407
"15","7","   Primary metals","RAT333",1.41,1.473,1.54,1.614,1.649,1.628,1.678,1.597,1.608,1.586,1.561,1.525,1.588,1.578,1.566,1.496,1.428,1.374,1.254,1.651,1.574,1.461,1.478,1.476,1.41,1.37,1.379,1.414,1.43,1.439,1.421,1.439,1.412,1.366,1.403,1.41,1.457,1.527,1.622,1.832,1.702,1.671,1.692,1.68,1.676,1.85,1.939,1.82,1.853,1.806,1.771,1.659,1.606,1.617,1.582,2.185,2.153,2.024,1.885,1.849,1.798,1.797,1.772,1.721,1.757,1.728,1.704,1.657,1.596,1.529,1.51,1.418,1.434,1.387,1.426,1.474,1.458,1.434,1.424,1.427,1.416,1.364,1.321,1.399,1.384,1.382,1.372,1.434,1.428,1.518,1.473,1.579,1.605,1.557,1.667,1.878,2.044,2.247,2.591,2.598,2.809,2.873,2.798,2.759,2.519,2.688,2.714,2.673,2.505,2.509,2.439,2.429,2.297,2.306,2.313,2.326,2.335,2.421,2.411,2.468,2.461,2.397,2.243,2.301,2.294,2.277,2.348,2.341,2.262,2.26,2.19,2.136,2.264,2.143,2.081,1.983,1.979,1.95,1.962,1.97,1.946,1.942,1.976,1.931,2.026,2.003,1.839,2.199,1.838,1.953,1.988,2.045,2.066,2.089,2.175,2.275,2.176,2.229,2.185,2.324,2.518,2.6,2.572,2.451,2.271,2.198,2.102,2.074,2.161,2.147,2.17,2.133,2.054,2.074,2.099,2.122,2.223,2.349,2.44,2.691,2.628,2.672,2.748,2.687,2.738,2.756,2.859,2.878,2.896,3.049,3.094,2.912,2.761,2.784,2.567,2.536,2.439,2.363,2.305,2.328,2.224,2.16,2.108,1.925
"16","8","   Fabricated metals","RAT343",1.517,1.506,1.504,1.541,1.488,1.49,1.493,1.472,1.487,1.491,1.477,1.431,1.459,1.491,1.48,1.527,1.516,1.577,1.533,1.594,1.577,1.561,1.584,1.666,1.605,1.559,1.623,1.59,1.617,1.566,1.557,1.554,1.546,1.491,1.525,1.512,1.531,1.577,1.595,1.708,1.611,1.589,1.607,1.673,1.673,1.712,1.746,1.711,1.706,1.718,1.737,1.803,1.783,1.807,1.781,1.683,1.68,1.688,1.572,1.578,1.597,1.576,1.535,1.487,1.499,1.521,1.511,1.51,1.507,1.543,1.518,1.507,1.483,1.471,1.553,1.549,1.548,1.579,1.539,1.648,1.68,1.612,1.638,1.605,1.586,1.621,1.645,1.747,1.742,1.831,1.853,1.886,1.92,1.94,1.988,2.142,2.172,2.243,2.327,2.186,2.247,2.229,2.092,2.055,1.975,1.95,1.978,1.928,1.936,1.898,1.869,1.878,1.839,1.879,1.899,1.939,2.004,2.094,2.012,1.911,1.962,1.899,1.78,1.878,1.899,1.854,1.964,1.92,1.888,1.818,1.888,1.871,1.957,1.923,1.952,1.868,1.891,1.879,1.96,1.896,1.887,1.965,1.878,1.777,1.89,1.963,1.871,2.07,1.94,1.97,1.973,1.987,2.038,2.041,2.067,2.079,2.106,2.1,2.179,2.204,2.315,2.254,2.225,2.161,2.052,1.956,1.959,1.921,2.016,1.97,1.949,1.954,1.929,1.921,1.972,1.997,2.069,2.118,2.185,2.154,2.09,2.052,1.989,1.991,1.948,1.967,1.93,1.978,2.045,2.098,1.997,1.976,1.908,1.929,1.905,1.888,1.855,1.846,1.881,1.862,1.778,1.736,1.747,1.729
"17","9","   Industrial machinery","RAT353",2.559,2.599,2.662,2.647,2.679,2.666,2.696,2.637,2.665,2.755,2.706,2.606,2.655,2.679,2.695,2.698,2.737,2.744,2.733,2.742,2.704,2.589,2.622,2.705,2.746,2.755,2.724,2.689,2.761,2.72,2.785,2.82,2.783,2.832,2.913,2.969,2.945,2.912,2.995,3.085,3.056,3.096,3.127,3.183,3.174,3.273,3.374,3.331,3.258,3.264,3.198,3.263,3.23,3.178,3.243,3.179,3.072,3.134,3.151,2.974,2.91,2.858,2.852,2.772,2.768,2.72,2.665,2.633,2.615,2.604,2.543,2.549,2.527,2.643,2.656,2.651,2.72,2.759,2.795,2.887,2.883,2.98,2.934,3.013,2.975,2.958,2.958,3.038,3.059,2.968,3.001,3.044,3.051,3.047,3.137,3.241,3.382,3.433,3.57,3.524,3.581,3.526,3.595,3.575,3.487,3.417,3.365,3.328,3.283,3.209,3.153,3.112,3.046,3.086,3.034,3.017,2.983,3.105,3.041,3.049,3.003,2.974,2.913,2.896,2.877,2.938,2.86,2.806,2.815,2.795,2.796,2.794,2.9,2.827,2.811,2.711,2.774,2.766,2.78,2.771,2.79,2.756,2.803,2.786,2.804,2.793,2.771,2.787,2.775,2.862,2.767,2.814,2.892,2.896,3.056,2.921,2.946,2.923,3.001,3.135,3.146,3.127,3.1,3.202,3.024,2.965,3.048,2.983,2.885,2.974,2.94,2.918,2.981,2.922,2.96,2.969,3.015,3.065,3.054,3.138,3.135,3.059,3.085,3.278,3.276,3.341,3.384,3.364,3.332,3.552,3.426,3.439,3.349,3.444,3.283,3.208,3.197,3.087,2.932,2.942,2.946,2.856,2.819,2.705
"18","10","   Electronic machinery","RAT363",1.4,1.417,1.417,1.482,1.449,1.444,1.448,1.421,1.437,1.453,1.427,1.408,1.437,1.459,1.451,1.486,1.517,1.474,1.508,1.5,1.478,1.487,1.456,1.464,1.424,1.454,1.458,1.476,1.522,1.504,1.505,1.532,1.554,1.547,1.615,1.659,1.703,1.656,1.667,1.664,1.584,1.594,1.616,1.626,1.605,1.641,1.621,1.569,1.609,1.594,1.617,1.633,1.588,1.578,1.563,1.538,1.521,1.499,1.476,1.393,1.347,1.378,1.376,1.403,1.441,1.422,1.421,1.423,1.448,1.425,1.398,1.405,1.435,1.43,1.425,1.432,1.477,1.489,1.467,1.526,1.531,1.518,1.532,1.563,1.588,1.608,1.616,1.673,1.64,1.712,1.794,1.836,1.829,1.91,1.985,2.09,2.133,2.109,2.075,1.958,1.953,1.929,1.894,1.846,1.824,1.781,1.818,1.807,1.723,1.705,1.688,1.713,1.699,1.715,1.713,1.675,1.699,1.732,1.686,1.625,1.633,1.652,1.672,1.678,1.711,1.696,1.664,1.686,1.702,1.689,1.687,1.684,1.721,1.758,1.768,1.738,1.782,1.792,1.806,1.748,1.777,1.775,1.797,1.772,1.798,1.793,1.8,1.815,1.793,1.811,1.856,1.846,1.907,1.898,1.906,1.968,1.943,1.925,2.016,2.093,2.121,2.151,2.113,2.073,2.06,1.95,1.991,2.024,2.055,2.082,2.096,2.079,2.067,2.067,2.084,2.118,2.144,2.188,2.21,2.248,2.146,2.091,2.088,2.069,2.078,2.081,2.053,2.13,2.124,2.179,2.171,2.153,2.082,2.044,1.999,1.997,1.986,1.959,2.037,1.981,1.916,1.927,1.88,1.929
"19","11","   Transportation equipment","RAT373",2.158,2.228,2.113,2.133,2.093,2.054,2.229,2.26,2.282,2.535,2.317,2.055,2.022,2.158,2.13,2.221,2.135,2.243,2.145,2.632,2.209,2.149,2.123,2.236,2.185,2.201,2.211,2.285,2.343,2.31,2.358,2.174,2.082,2.217,2.307,2.364,2.614,2.527,2.546,2.398,2.397,2.379,2.533,2.501,2.624,3.152,3.247,2.449,2.363,2.199,2.084,2.267,2.219,2.004,2.295,1.922,2.023,2.063,1.97,1.973,2.024,1.963,1.975,1.961,1.975,2.086,2.291,2.133,1.982,1.982,1.959,1.911,1.821,1.812,1.829,1.857,1.783,1.78,1.682,1.788,1.84,1.745,1.725,2.001,2.01,2.081,2.164,2.053,2.03,1.978,2.008,1.902,1.929,1.996,2.044,2.349,2.337,2.286,2.242,2.207,2.208,2.118,2.108,1.847,2.005,2.095,2.119,1.948,1.88,1.791,1.817,1.811,1.817,1.8,1.798,1.611,1.821,1.952,1.775,1.609,1.666,1.659,1.586,1.679,1.637,1.592,1.551,1.635,1.657,1.58,1.659,1.614,1.649,1.636,1.641,1.56,1.62,1.574,1.629,1.654,1.617,1.565,1.561,1.527,1.53,1.612,1.598,1.78,1.722,1.834,1.836,1.979,1.913,1.96,2.03,2.035,2.064,1.927,2.107,2.272,2.372,2.416,2.354,2.364,2.077,2.007,2.038,2.192,2.31,2.272,2.13,2.121,2.059,2.058,2.156,2.127,2.267,2.296,2.38,2.341,2.542,2.347,2.267,2.234,2.104,2.127,2.14,2.267,2.357,2.384,2.495,2.454,2.203,2.124,2.082,2.069,2.062,1.9,1.918,1.916,1.843,1.844,1.809,1.74
"20","12","     Motor vehicles","RAT3713",1.142,1.197,1.114,1.073,0.991,0.989,1.122,1.257,1.198,1.434,1.227,1.002,1.01,1.045,1.009,1.046,0.94,1.003,1,1.412,0.997,0.944,0.916,1.001,0.997,0.993,1.003,1.026,1.066,1.004,1.075,1.02,0.878,0.93,1.014,1.04,1.192,1.16,1.145,1.08,1.016,0.961,1.068,1.154,1.161,1.7,1.786,1.143,1.035,0.932,0.879,0.971,0.983,0.966,1.038,0.864,0.844,0.887,0.863,0.854,0.875,0.849,0.85,0.846,0.867,0.893,1.068,1.003,0.85,0.884,0.855,0.839,0.743,0.761,0.782,0.817,0.796,0.813,0.779,0.852,0.889,0.819,0.817,1.009,0.989,1.026,1.084,0.997,0.955,0.951,0.923,0.839,0.907,0.94,0.973,1.25,1.19,1.167,1.139,1.062,1.042,1.014,0.992,0.84,0.885,0.959,0.951,0.85,0.815,0.786,0.796,0.814,0.827,0.81,0.844,0.705,0.847,0.983,0.846,0.786,0.803,0.813,0.776,0.819,0.835,0.83,0.794,0.836,0.877,0.834,0.878,0.847,0.888,0.862,0.854,0.802,0.844,0.822,0.819,0.864,0.87,0.814,0.819,0.759,0.818,0.864,0.885,1.006,0.942,0.979,1.027,1.208,1.043,1.105,1.109,1.068,1.076,0.979,1.095,1.244,1.348,1.283,1.211,1.148,0.995,0.912,0.921,0.99,1.09,1.05,0.98,0.946,0.894,0.875,0.902,0.922,1.025,1.006,1.047,1.04,1.166,1.03,0.964,0.877,0.862,0.846,0.819,0.865,0.929,0.947,1.001,0.916,0.803,0.748,0.774,0.777,0.754,0.708,0.684,0.692,0.67,0.666,0.676,0.644
"21","13","     Other","RAT37X3",3.313,3.276,3.061,3.226,3.267,3.076,3.191,3.145,3.144,3.181,3.116,3.012,2.934,3.211,3.235,3.422,3.582,3.661,3.368,3.748,3.693,3.691,3.72,3.659,3.588,3.562,3.531,3.685,3.744,3.905,3.803,3.614,3.698,3.89,3.79,3.814,4.211,3.981,4.003,3.759,4.001,4.175,4.248,4.072,4.216,4.115,4.207,3.923,4.144,4.06,3.878,4.202,3.961,3.284,4.226,3.956,4.189,4.037,3.774,3.795,3.963,3.863,3.951,3.971,3.842,4.169,4.053,4.012,4.144,3.896,3.931,3.855,4.127,3.947,3.896,3.785,3.627,3.56,3.278,3.4,3.414,3.334,3.2,3.428,3.522,3.574,3.62,3.52,3.614,3.396,3.73,3.78,3.493,3.547,3.485,3.562,3.618,3.504,3.477,3.692,3.749,3.554,3.644,3.388,3.758,3.614,3.74,3.694,3.627,3.503,3.667,3.586,3.607,3.7,3.529,3.55,3.629,3.506,3.592,3.229,3.417,3.368,3.276,3.47,3.176,3.117,3.145,3.292,3.133,3.033,3.21,3.152,3.088,3.117,3.188,3.079,3.062,3.011,3.298,3.176,2.943,2.992,3.002,3.218,2.857,3.088,2.816,3.02,3.051,3.235,3.026,2.835,3.13,3.071,3.182,3.221,3.208,3.07,3.182,3.232,3.161,3.397,3.346,3.562,3.184,3.264,3.324,3.633,3.56,3.561,3.339,3.426,3.43,3.5,3.733,3.483,3.528,3.696,3.735,3.588,3.778,3.621,3.627,3.878,3.452,3.61,3.783,3.97,3.898,3.831,3.895,4.088,3.825,3.927,3.668,3.665,3.838,3.47,3.801,3.757,3.646,3.78,3.582,3.554
"22","14","   Instruments","RAT383",2.506,2.473,2.449,2.419,2.326,2.319,2.263,2.204,2.209,2.196,2.145,2.122,2.051,2.128,2.091,2.158,2.121,2.139,2.109,2.129,2.087,2.1,2.056,2.088,2.02,2.068,2.071,2.096,2.128,2.085,2.158,2.108,2.129,2.211,2.172,2.131,2.24,2.187,2.194,2.273,2.305,2.265,2.283,2.271,2.282,2.291,2.3,2.328,2.298,2.285,2.345,2.317,2.268,2.292,2.266,2.306,2.263,2.286,2.355,2.285,2.334,2.396,2.281,2.237,2.249,2.219,2.151,2.149,2.091,2.111,2.01,1.948,1.945,1.968,2.004,2.022,2.031,2.038,2.027,2.083,2.056,2.048,2.037,2.077,2.042,2.03,2.034,2.075,2.029,2.06,2.111,2.106,2.123,2.09,2.056,2.177,2.189,2.192,2.236,2.126,2.195,2.182,2.151,2.187,2.156,2.168,2.235,2.222,2.161,2.122,2.108,2.092,2.085,2.091,2.032,2.021,2.048,2.085,2.046,1.96,1.983,1.974,1.94,1.941,1.966,1.935,1.976,1.972,1.947,1.924,1.923,1.88,1.937,1.969,1.934,1.904,1.88,1.883,1.889,1.842,1.881,1.876,1.866,1.955,1.935,1.951,1.938,1.958,1.936,1.939,1.939,1.941,1.914,1.863,1.826,1.802,1.836,1.76,1.82,1.879,1.867,1.909,1.844,1.803,1.774,1.791,1.802,1.811,1.805,1.773,1.81,1.771,1.777,1.741,1.751,1.798,1.784,1.775,1.814,1.818,1.741,1.696,1.676,1.66,1.624,1.645,1.638,1.622,1.618,1.719,1.693,1.692,1.637,1.654,1.651,1.651,1.684,1.605,1.591,1.644,1.593,1.571,1.553,1.527
"23","15","   Other manufacturing","RAT393",1.445,1.41,1.353,1.332,1.361,1.376,1.353,1.357,1.334,1.353,1.359,1.415,1.352,1.371,1.32,1.331,1.319,1.332,1.316,1.374,1.396,1.432,1.405,1.412,1.32,1.384,1.414,1.438,1.485,1.458,1.506,1.595,1.581,1.602,1.562,1.512,1.478,1.543,1.6,1.648,1.653,1.691,1.647,1.794,1.711,1.695,1.797,1.816,1.876,1.892,1.816,1.814,1.856,1.796,1.783,1.78,1.854,1.855,1.84,1.785,1.704,1.646,1.603,1.598,1.604,1.686,1.625,1.587,1.589,1.57,1.599,1.585,1.579,1.589,1.59,1.647,1.657,1.591,1.584,1.631,1.745,1.639,1.63,1.708,1.906,1.881,1.902,1.814,1.953,1.962,1.993,1.976,1.992,2.035,1.958,1.953,2.11,2.118,2.089,1.994,1.934,1.903,1.824,1.719,1.82,1.945,1.858,1.909,1.732,1.715,1.72,1.785,1.814,1.87,1.878,1.809,1.674,1.779,1.713,1.838,1.789,1.863,1.844,1.953,1.865,1.775,1.735,1.74,1.708,1.699,1.74,1.662,1.783,1.707,1.736,1.858,1.96,1.916,2.035,1.993,2.084,2.047,1.976,1.877,2.068,2.089,2.062,1.882,1.965,2.014,1.943,1.928,1.997,1.966,1.949,1.94,2.096,2.194,2.163,2.211,2.174,2.342,2.323,2.346,2.186,2.171,2.108,2.089,2.255,2.08,2.019,1.985,1.991,1.848,1.832,1.942,1.962,1.982,2.06,2.034,2,2.014,2.072,2.046,2.118,2.236,2.066,2.249,2.121,2.151,2.045,2.224,2.045,2.143,2.13,2.09,2.083,2.086,2.04,1.966,1.96,2.009,1.829,1.754
"24","16","  Nondurable goods","RATMN3",1.062,1.059,1.06,1.064,1.071,1.08,1.074,1.067,1.076,1.062,1.044,1.055,1.063,1.059,1.064,1.06,1.058,1.053,1.066,1.08,1.064,1.065,1.074,1.074,1.085,1.094,1.089,1.086,1.086,1.082,1.07,1.093,1.102,1.08,1.097,1.097,1.091,1.105,1.107,1.125,1.126,1.121,1.122,1.126,1.12,1.113,1.142,1.111,1.113,1.105,1.11,1.097,1.104,1.101,1.107,1.104,1.098,1.107,1.096,1.077,1.065,1.073,1.063,1.051,1.05,1.04,1.059,1.043,1.023,1.017,0.988,0.969,0.977,0.983,0.99,0.998,1.003,1.006,1.02,1.017,1.012,1.001,0.981,0.975,0.97,0.991,1.005,1.031,1.024,1.046,1.046,1.075,1.078,1.071,1.099,1.181,1.199,1.187,1.205,1.175,1.177,1.148,1.144,1.135,1.135,1.137,1.133,1.136,1.109,1.112,1.114,1.114,1.125,1.118,1.138,1.155,1.14,1.148,1.135,1.121,1.109,1.101,1.088,1.105,1.114,1.108,1.123,1.107,1.113,1.117,1.111,1.099,1.142,1.108,1.105,1.071,1.088,1.087,1.092,1.085,1.095,1.087,1.089,1.106,1.092,1.097,1.058,1.09,1.06,1.08,1.068,1.09,1.107,1.096,1.086,1.094,1.102,1.125,1.147,1.179,1.195,1.201,1.196,1.179,1.156,1.132,1.12,1.112,1.098,1.102,1.135,1.137,1.17,1.158,1.146,1.153,1.164,1.168,1.184,1.192,1.167,1.154,1.175,1.16,1.133,1.133,1.156,1.163,1.142,1.159,1.165,1.171,1.146,1.146,1.117,1.104,1.093,1.089,1.105,1.099,1.108,1.111,1.095,1.088
"25","17","   Food and kindred product","RAT203",0.955,0.947,0.946,0.952,0.945,0.958,0.965,0.969,0.959,0.95,0.935,0.96,0.981,0.979,0.979,0.98,0.976,0.967,0.981,1.003,1.002,1.005,0.995,0.997,1.014,1.016,1.008,1.01,1.01,1.018,0.989,1.017,1.061,1.013,1.024,1.015,0.997,1.02,1.027,1.02,1.028,1.025,1.036,1.026,1,0.964,1.013,0.987,0.975,0.973,0.978,0.956,0.984,0.985,0.98,0.995,0.982,1.005,0.976,0.982,0.98,1.003,0.986,0.98,0.959,0.965,0.987,0.985,0.945,0.93,0.887,0.847,0.892,0.888,0.891,0.891,0.907,0.936,0.935,0.95,0.942,0.926,0.903,0.893,0.876,0.924,0.947,0.986,0.959,0.98,0.978,0.969,0.937,0.907,0.916,1.004,0.982,0.955,0.956,0.946,0.964,0.932,0.971,0.98,0.996,1.018,1.022,1.018,0.973,0.982,0.981,0.99,0.991,0.975,1.023,1.053,1.021,1.021,1.03,1.026,1.054,1.041,1.024,1.037,1.063,1.037,1.055,1.016,1.033,1.03,1.016,1.015,1.043,0.982,0.983,0.986,0.99,0.991,0.978,0.983,0.998,1.006,1.005,1.028,1.019,1.026,1.013,1.031,1.028,1.06,1.028,1.049,1.068,1.03,1.018,1.047,1.023,1.048,1.038,1.045,1.029,1.034,1.054,1.038,1.041,1.055,1.039,1.022,1.008,0.999,1.008,0.968,1.018,1,1.012,1.006,1.018,1.014,1.025,1.025,0.975,0.945,0.944,0.957,0.945,0.931,0.956,0.965,0.938,0.954,0.946,0.967,0.969,0.955,0.943,0.953,0.929,0.918,0.937,0.925,0.939,0.934,0.918,0.917
"26","18","   Tobacco products","RAT213",2.248,2.322,2.271,2.168,2.359,2.293,2.268,2.297,2.38,2.344,2.329,2.319,2.445,2.367,2.264,2.383,2.326,2.375,2.33,2.257,2.232,2.185,2.22,2.234,2.253,2.204,2.246,2.164,2.18,2.287,2.305,2.293,2.23,2.368,2.27,2.221,2.107,2.17,2.073,2.002,2.027,2.279,2.043,2.085,1.983,1.983,2.054,1.832,1.988,2.037,1.976,1.97,2,1.921,1.889,1.854,1.83,1.884,1.894,1.981,1.876,1.846,1.859,1.905,1.891,1.881,1.882,1.882,1.882,1.883,1.859,1.966,1.847,1.902,1.928,1.934,1.915,1.894,1.928,1.858,1.939,1.879,1.901,1.853,1.787,1.928,1.922,1.877,1.913,1.979,1.93,1.966,2.006,1.838,2.246,2.242,2.267,2.166,2.219,2.175,2.188,2.194,2.156,2.149,2.238,2.157,1.9,2.183,2.163,2.232,2.17,2.281,2.426,2.258,2.339,2.45,2.242,2.065,2.5,2.103,2.26,2.249,2.254,2.304,2.236,2.322,2.458,2.318,2.442,2.638,2.404,2.283,2.333,2.333,2.241,2.187,2.354,2.12,2.523,2.187,2.195,2.04,2.129,2.307,2.144,2.387,2.264,2.384,2.142,2.703,2.011,2.326,2.251,2.149,2.085,2.133,2.184,2.073,2.208,1.952,2.036,2.332,2.065,2.044,2.148,1.973,2.125,1.926,2.102,2.059,2.102,2.167,2.221,2.087,2.038,2.064,2.099,2.264,2.133,2.195,1.589,2.105,2.67,2.17,2.509,2.514,2.413,2.36,2.347,2.607,3.189,3.215,2.458,2.881,2.804,2.845,2.925,2.887,2.836,3.09,2.892,2.733,2.783,2.471
"27","19","   Textile mill products","RAT223",1.93,1.945,1.943,1.912,1.887,1.893,1.87,1.85,1.828,1.778,1.766,1.74,1.776,1.73,1.857,1.812,1.795,1.83,1.781,1.88,1.807,1.879,1.872,1.938,1.895,1.887,1.893,1.887,1.898,1.886,1.876,1.829,1.867,1.799,1.825,1.906,1.854,1.874,1.902,1.953,1.971,1.962,1.926,1.994,1.953,1.983,1.962,1.903,1.858,1.888,1.893,1.888,1.877,1.875,1.932,1.884,1.892,1.822,1.9,1.8,1.766,1.739,1.708,1.685,1.696,1.62,1.62,1.585,1.608,1.682,1.573,1.549,1.571,1.598,1.625,1.642,1.66,1.661,1.645,1.66,1.669,1.604,1.593,1.606,1.578,1.566,1.62,1.563,1.553,1.555,1.598,1.61,1.611,1.589,1.618,1.765,1.731,1.667,1.63,1.618,1.591,1.584,1.541,1.527,1.488,1.57,1.573,1.497,1.5,1.506,1.489,1.558,1.558,1.535,1.564,1.625,1.569,1.613,1.538,1.52,1.546,1.562,1.567,1.559,1.597,1.635,1.623,1.603,1.596,1.608,1.582,1.575,1.616,1.614,1.729,1.475,1.608,1.694,1.66,1.659,1.741,1.636,1.65,1.637,1.624,1.717,1.656,1.648,1.608,1.56,1.592,1.581,1.56,1.549,1.547,1.521,1.57,1.544,1.652,1.653,1.709,1.727,1.703,1.705,1.687,1.675,1.654,1.692,1.64,1.663,1.68,1.647,1.599,1.62,1.596,1.608,1.623,1.681,1.709,1.748,1.766,1.698,1.641,1.659,1.618,1.572,1.614,1.547,1.547,1.504,1.508,1.444,1.482,1.467,1.426,1.425,1.427,1.421,1.421,1.445,1.498,1.484,1.521,1.459
"28","20","   Apparel products","RAT233",1.347,1.284,1.269,1.256,1.31,1.346,1.384,1.337,1.382,1.383,1.3,1.239,1.234,1.266,1.279,1.292,1.301,1.291,1.327,1.379,1.4,1.455,1.588,1.504,1.451,1.436,1.397,1.367,1.4,1.364,1.367,1.41,1.407,1.412,1.52,1.438,1.472,1.484,1.479,1.57,1.549,1.51,1.517,1.497,1.503,1.558,1.656,1.565,1.637,1.586,1.596,1.615,1.609,1.522,1.552,1.597,1.61,1.592,1.599,1.486,1.532,1.574,1.552,1.528,1.482,1.502,1.526,1.48,1.468,1.429,1.353,1.358,1.404,1.451,1.458,1.467,1.495,1.488,1.627,1.595,1.559,1.669,1.657,1.603,1.525,1.494,1.358,1.366,1.38,1.392,1.496,1.489,1.519,1.488,1.584,1.724,1.706,1.656,1.593,1.503,1.491,1.43,1.386,1.319,1.327,1.297,1.362,1.368,1.445,1.471,1.508,1.597,1.597,1.652,1.592,1.565,1.635,1.65,1.567,1.517,1.474,1.408,1.399,1.405,1.398,1.402,1.404,1.397,1.377,1.365,1.438,1.446,1.481,1.44,1.482,1.377,1.436,1.473,1.49,1.515,1.468,1.455,1.478,1.567,1.582,1.682,1.628,1.649,1.556,1.569,1.601,1.538,1.555,1.532,1.55,1.343,1.483,1.485,1.508,1.542,1.573,1.591,1.619,1.669,1.548,1.493,1.482,1.442,1.509,1.508,1.495,1.47,1.52,1.441,1.442,1.514,1.508,1.552,1.63,1.701,1.582,1.455,1.428,1.541,1.492,1.491,1.482,1.463,1.477,1.476,1.484,1.492,1.42,1.417,1.468,1.365,1.396,1.414,1.375,1.397,1.406,1.404,1.369,1.423
"29","21","   Paper & allied products","RAT263",0.931,0.943,0.966,0.99,0.978,1,0.986,0.94,0.962,0.941,0.92,0.898,0.906,0.92,0.905,0.896,0.888,0.9,0.909,0.919,0.875,0.883,0.874,0.887,0.863,0.856,0.859,0.838,0.849,0.829,0.812,0.841,0.839,0.85,0.847,0.851,0.877,0.893,0.902,0.925,0.917,0.956,0.946,0.975,0.968,0.955,0.962,0.966,0.982,0.978,0.974,0.974,0.972,0.969,0.984,0.952,0.965,0.991,0.992,0.965,0.904,0.918,0.923,0.92,0.93,0.918,0.922,0.925,0.922,0.915,0.904,0.898,0.87,0.883,0.872,0.864,0.853,0.879,0.878,0.86,0.867,0.848,0.839,0.85,0.845,0.838,0.842,0.88,0.901,0.906,0.928,0.964,0.988,0.998,1.008,1.094,1.178,1.177,1.22,1.158,1.153,1.141,1.097,1.112,1.1,1.081,1.042,1.049,1.059,1.01,1.036,1.027,1.029,1.044,1.057,1.048,1.028,1.045,1.052,1.008,0.989,1,0.975,0.992,1.025,1.011,1.072,1.067,1.067,1.101,1.058,1.011,1.031,1.019,1.015,1.021,1.003,0.998,1.016,0.988,1.03,0.974,0.994,1.02,1.008,0.998,0.973,1.006,0.987,0.993,0.932,0.979,0.998,1.009,1.011,1.048,1.025,1.065,1.093,1.109,1.153,1.142,1.123,1.135,1.055,1.071,1.078,1.045,1.098,1.069,1.071,1.06,1.066,1.084,1.088,1.079,1.087,1.108,1.109,1.131,1.103,1.129,1.132,1.152,1.145,1.148,1.138,1.125,1.122,1.124,1.129,1.136,1.078,1.104,1.08,1.034,1.065,1.052,1.044,1.048,1.044,1.042,1.05,1.033
"30","22","   Printing & publishing","RAT273",0.636,0.635,0.646,0.638,0.644,0.667,0.665,0.658,0.665,0.67,0.665,0.654,0.631,0.625,0.623,0.618,0.645,0.628,0.674,0.669,0.638,0.625,0.642,0.651,0.672,0.711,0.689,0.682,0.667,0.668,0.645,0.68,0.685,0.687,0.704,0.66,0.685,0.7,0.698,0.688,0.684,0.646,0.66,0.641,0.657,0.657,0.647,0.624,0.661,0.638,0.626,0.644,0.634,0.641,0.649,0.658,0.652,0.662,0.651,0.624,0.658,0.637,0.644,0.627,0.616,0.61,0.598,0.593,0.579,0.565,0.573,0.588,0.566,0.584,0.589,0.605,0.613,0.614,0.618,0.625,0.628,0.633,0.648,0.709,0.687,0.7,0.712,0.743,0.722,0.745,0.71,0.787,0.787,0.774,0.759,0.814,0.917,0.879,0.945,0.912,0.894,0.885,0.855,0.877,0.861,0.847,0.819,0.862,0.802,0.821,0.794,0.795,0.838,0.826,0.847,0.844,0.855,0.862,0.858,0.85,0.844,0.847,0.841,0.833,0.818,0.808,0.807,0.798,0.79,0.799,0.801,0.798,0.835,0.771,0.771,0.776,0.793,0.776,0.805,0.781,0.793,0.795,0.808,0.8,0.8,0.828,0.814,0.825,0.807,0.801,0.807,0.807,0.817,0.81,0.804,0.816,0.812,0.817,0.839,0.832,0.846,0.848,0.845,0.852,0.819,0.829,0.837,0.831,0.843,0.814,0.83,0.814,0.841,0.828,0.813,0.848,0.835,0.832,0.828,0.824,0.817,0.791,0.793,0.803,0.814,0.826,0.807,0.8,0.796,0.805,0.779,0.784,0.766,0.772,0.762,0.761,0.752,0.755,0.763,0.761,0.783,0.753,0.758,0.776
"31","23","   CheMical & allied prod","RAT283",1.127,1.132,1.149,1.165,1.191,1.175,1.146,1.141,1.162,1.15,1.147,1.179,1.178,1.161,1.171,1.15,1.146,1.113,1.125,1.112,1.101,1.103,1.108,1.126,1.155,1.171,1.181,1.19,1.182,1.19,1.176,1.204,1.185,1.161,1.177,1.212,1.193,1.181,1.173,1.233,1.226,1.239,1.24,1.242,1.259,1.273,1.273,1.253,1.254,1.244,1.269,1.251,1.247,1.25,1.26,1.235,1.224,1.24,1.207,1.195,1.153,1.166,1.146,1.123,1.142,1.107,1.171,1.132,1.12,1.1,1.087,1.051,1.052,1.013,1.028,1.057,1.039,0.993,1.031,1.007,1.015,0.995,0.968,0.95,0.97,0.961,0.982,0.993,0.99,1.025,0.997,1.071,1.119,1.173,1.279,1.338,1.356,1.402,1.471,1.448,1.455,1.42,1.357,1.336,1.309,1.282,1.298,1.292,1.267,1.275,1.27,1.252,1.279,1.271,1.278,1.296,1.261,1.272,1.225,1.253,1.219,1.187,1.153,1.179,1.163,1.174,1.195,1.193,1.196,1.234,1.203,1.178,1.234,1.187,1.217,1.112,1.165,1.164,1.182,1.182,1.191,1.171,1.171,1.209,1.148,1.142,1.088,1.112,1.069,1.079,1.08,1.121,1.134,1.125,1.122,1.166,1.184,1.199,1.221,1.246,1.32,1.343,1.278,1.226,1.181,1.126,1.168,1.122,1.166,1.177,1.164,1.171,1.206,1.214,1.196,1.227,1.243,1.281,1.303,1.323,1.337,1.32,1.337,1.318,1.312,1.306,1.318,1.298,1.293,1.349,1.315,1.3,1.264,1.233,1.23,1.237,1.199,1.168,1.196,1.196,1.147,1.166,1.171,1.166
"32","24","   Petroleum products","RAT293",0.67,0.683,0.665,0.686,0.714,0.701,0.693,0.702,0.717,0.69,0.667,0.71,0.709,0.701,0.69,0.704,0.707,0.721,0.752,0.73,0.738,0.714,0.713,0.701,0.698,0.707,0.702,0.69,0.662,0.658,0.668,0.645,0.641,0.658,0.648,0.691,0.694,0.718,0.734,0.73,0.745,0.739,0.717,0.712,0.713,0.703,0.738,0.716,0.708,0.686,0.702,0.677,0.71,0.716,0.714,0.737,0.731,0.709,0.718,0.724,0.692,0.681,0.666,0.649,0.685,0.679,0.672,0.669,0.664,0.67,0.651,0.629,0.605,0.637,0.637,0.645,0.618,0.603,0.618,0.585,0.55,0.562,0.518,0.492,0.522,0.543,0.57,0.63,0.663,0.691,0.696,0.738,0.754,0.749,0.725,0.76,0.8,0.817,0.814,0.787,0.77,0.747,0.743,0.713,0.73,0.728,0.72,0.726,0.71,0.705,0.717,0.664,0.679,0.68,0.683,0.679,0.695,0.712,0.698,0.685,0.647,0.657,0.671,0.702,0.719,0.722,0.708,0.716,0.731,0.706,0.732,0.727,0.758,0.784,0.722,0.724,0.687,0.68,0.679,0.67,0.646,0.666,0.658,0.634,0.643,0.62,0.567,0.607,0.577,0.594,0.597,0.612,0.643,0.673,0.656,0.659,0.68,0.709,0.746,0.821,0.817,0.824,0.848,0.838,0.839,0.78,0.726,0.758,0.672,0.696,0.804,0.874,0.909,0.899,0.853,0.832,0.838,0.804,0.805,0.809,0.833,0.836,0.92,0.816,0.728,0.752,0.814,0.865,0.837,0.834,0.896,0.907,0.917,0.935,0.836,0.787,0.782,0.796,0.812,0.803,0.849,0.874,0.817,0.814
"33","25","   Rubber & plastic product","RAT303",1.603,1.602,1.596,1.623,1.604,1.613,1.592,1.569,1.61,1.594,1.608,1.65,1.624,1.613,1.632,1.567,1.529,1.575,1.571,1.63,1.566,1.51,1.587,1.466,1.527,1.568,1.566,1.593,1.634,1.564,1.669,1.763,1.686,1.59,1.698,1.711,1.723,1.718,1.722,1.836,1.783,1.745,1.745,1.825,1.853,1.9,1.936,1.928,1.796,1.753,1.754,1.703,1.636,1.653,1.673,1.631,1.621,1.657,1.668,1.591,1.604,1.592,1.564,1.559,1.572,1.551,1.599,1.514,1.453,1.469,1.482,1.469,1.429,1.398,1.424,1.419,1.465,1.473,1.491,1.49,1.513,1.51,1.483,1.472,1.486,1.538,1.596,1.605,1.634,1.629,1.654,1.675,1.668,1.668,1.73,1.841,1.897,1.947,2.026,1.922,1.88,1.827,1.799,1.786,1.799,1.818,1.81,1.83,1.78,1.748,1.706,1.753,1.686,1.711,1.683,1.719,1.8,1.786,1.752,1.697,1.629,1.614,1.602,1.61,1.587,1.587,1.618,1.637,1.598,1.591,1.588,1.516,1.693,1.637,1.571,1.522,1.556,1.557,1.581,1.575,1.59,1.602,1.568,1.659,1.603,1.576,1.507,1.639,1.605,1.655,1.718,1.769,1.795,1.734,1.813,1.74,1.731,1.747,1.788,1.876,1.978,1.877,1.839,1.726,1.706,1.655,1.611,1.66,1.709,1.773,1.681,1.631,1.642,1.605,1.605,1.641,1.668,1.683,1.791,1.754,1.611,1.632,1.63,1.644,1.619,1.569,1.544,1.562,1.54,1.606,1.626,1.595,1.534,1.547,1.529,1.496,1.478,1.461,1.446,1.426,1.42,1.417,1.389,1.34
"34","26","   Leather & leather product","RAT313",1.333,1.308,1.318,1.301,1.278,1.306,1.262,1.235,1.261,1.254,1.195,1.225,1.266,1.272,1.281,1.255,1.229,1.262,1.305,1.355,1.357,1.396,1.258,1.292,1.353,1.387,1.367,1.485,1.493,1.446,1.458,1.402,1.436,1.435,1.461,1.473,1.446,1.45,1.453,1.481,1.477,1.405,1.287,1.478,1.414,1.491,1.622,1.442,1.569,1.577,1.556,1.551,1.426,1.445,1.382,1.389,1.356,1.424,1.322,1.258,1.273,1.304,1.358,1.383,1.433,1.46,1.51,1.46,1.515,1.533,1.5,1.471,1.43,1.56,1.494,1.501,1.554,1.558,1.566,1.529,1.578,1.525,1.564,1.604,1.577,1.505,1.515,1.51,1.463,1.473,1.481,1.502,1.559,1.478,1.571,1.655,1.611,1.654,1.652,1.539,1.499,1.385,1.34,1.368,1.295,1.24,1.282,1.291,1.272,1.281,1.348,1.302,1.362,1.46,1.395,1.623,1.501,1.579,1.548,1.493,1.392,1.382,1.433,1.516,1.575,1.478,1.476,1.419,1.421,1.448,1.436,1.446,1.497,1.61,1.615,1.548,1.593,1.594,1.57,1.662,1.638,1.594,1.612,1.487,1.596,1.677,1.604,1.642,1.602,1.623,1.683,1.683,1.66,1.69,1.527,1.547,1.472,1.548,1.643,1.718,1.716,1.734,1.542,1.789,1.503,1.501,1.51,1.536,1.525,1.532,1.537,1.587,1.604,1.411,1.547,1.529,1.615,1.585,1.728,1.727,1.781,1.683,1.591,1.64,1.603,1.654,1.659,1.774,1.84,1.858,1.75,1.791,1.852,1.751,1.775,1.729,1.75,1.866,1.824,1.748,1.761,1.8,1.712,1.757
"35","27"," Trade total","RAT53",1.13,1.14,1.137,1.131,1.139,1.118,1.125,1.13,1.116,1.12,1.107,1.097,1.128,1.122,1.11,1.127,1.141,1.127,1.127,1.119,1.123,1.135,1.118,1.124,1.14,1.145,1.144,1.138,1.139,1.157,1.17,1.161,1.164,1.154,1.166,1.171,1.177,1.176,1.192,1.195,1.181,1.191,1.191,1.201,1.2,1.187,1.203,1.192,1.185,1.196,1.21,1.204,1.21,1.205,1.222,1.236,1.223,1.222,1.202,1.216,1.208,1.232,1.207,1.216,1.217,1.212,1.21,1.199,1.197,1.186,1.181,1.173,1.169,1.173,1.173,1.181,1.194,1.207,1.19,1.209,1.194,1.166,1.166,1.184,1.192,1.19,1.187,1.186,1.198,1.204,1.201,1.195,1.218,1.277,1.285,1.293,1.268,1.254,1.279,1.281,1.248,1.238,1.237,1.236,1.238,1.238,1.23,1.215,1.197,1.215,1.209,1.211,1.229,1.222,1.225,1.231,1.231,1.24,1.237,1.209,1.231,1.218,1.228,1.217,1.221,1.22,1.216,1.236,1.244,1.238,1.236,1.233,1.275,1.256,1.259,1.251,1.242,1.241,1.248,1.237,1.241,1.241,1.244,1.251,1.28,1.289,1.259,1.28,1.28,1.281,1.314,1.28,1.267,1.283,1.266,1.268,1.258,1.279,1.303,1.328,1.332,1.329,1.308,1.295,1.29,1.266,1.267,1.261,1.248,1.272,1.291,1.285,1.298,1.323,1.321,1.325,1.326,1.345,1.366,1.379,1.393,1.351,1.349,1.36,1.344,1.386,1.395,1.397,1.396,1.39,1.364,1.362,1.346,1.353,1.333,1.347,1.323,1.29,1.292,1.315,1.304,1.287,1.294,1.286
"36","28"," Merchant wholesale","RAT5W3",1.076,1.089,1.096,1.085,1.102,1.1,1.108,1.119,1.136,1.123,1.103,1.114,1.13,1.125,1.122,1.14,1.154,1.148,1.153,1.145,1.13,1.141,1.125,1.112,1.144,1.158,1.139,1.128,1.143,1.153,1.169,1.146,1.154,1.128,1.141,1.158,1.178,1.183,1.204,1.213,1.204,1.217,1.209,1.214,1.226,1.233,1.24,1.243,1.236,1.247,1.239,1.237,1.223,1.218,1.242,1.247,1.226,1.247,1.23,1.239,1.208,1.269,1.235,1.247,1.245,1.243,1.245,1.222,1.222,1.208,1.178,1.176,1.168,1.175,1.169,1.147,1.154,1.171,1.127,1.149,1.142,1.078,1.058,1.045,1.067,1.064,1.062,1.071,1.091,1.104,1.115,1.136,1.136,1.213,1.208,1.211,1.222,1.231,1.258,1.283,1.276,1.25,1.249,1.253,1.248,1.235,1.237,1.223,1.205,1.211,1.192,1.207,1.23,1.226,1.237,1.235,1.215,1.252,1.247,1.207,1.228,1.224,1.239,1.227,1.221,1.211,1.208,1.239,1.254,1.262,1.255,1.234,1.273,1.258,1.275,1.263,1.239,1.252,1.248,1.229,1.239,1.244,1.255,1.269,1.3,1.325,1.28,1.299,1.284,1.273,1.308,1.287,1.29,1.295,1.278,1.287,1.285,1.308,1.324,1.341,1.354,1.366,1.346,1.335,1.308,1.278,1.286,1.275,1.263,1.31,1.345,1.316,1.321,1.36,1.333,1.363,1.35,1.361,1.382,1.415,1.443,1.411,1.389,1.425,1.412,1.447,1.474,1.469,1.47,1.484,1.462,1.462,1.421,1.434,1.419,1.444,1.394,1.334,1.341,1.354,1.34,1.323,1.335,1.312
"37","29"," Wholesale less motor vehicle","RAT5WX3",1.034,1.048,1.057,1.047,1.062,1.068,1.08,1.09,1.107,1.097,1.079,1.088,1.11,1.106,1.102,1.12,1.136,1.125,1.132,1.123,1.116,1.116,1.096,1.089,1.12,1.133,1.117,1.108,1.122,1.131,1.144,1.124,1.131,1.101,1.117,1.132,1.152,1.162,1.178,1.187,1.18,1.195,1.194,1.195,1.207,1.215,1.224,1.226,1.221,1.224,1.219,1.218,1.209,1.205,1.219,1.228,1.203,1.223,1.2,1.198,1.169,1.221,1.199,1.2,1.199,1.195,1.195,1.178,1.176,1.165,1.129,1.131,1.112,1.132,1.13,1.114,1.117,1.137,1.09,1.108,1.096,1.032,1.015,1.001,1.025,1.016,1.009,1.015,1.025,1.035,1.047,1.062,1.065,1.138,1.125,1.123,1.128,1.151,1.178,1.206,1.205,1.184,1.189,1.197,1.192,1.176,1.185,1.169,1.15,1.153,1.135,1.15,1.171,1.169,1.18,1.181,1.16,1.194,1.192,1.155,1.18,1.175,1.195,1.184,1.185,1.172,1.168,1.199,1.219,1.227,1.217,1.199,1.241,1.222,1.243,1.234,1.204,1.216,1.21,1.189,1.204,1.206,1.211,1.225,1.253,1.27,1.236,1.259,1.245,1.233,1.264,1.248,1.25,1.256,1.239,1.252,1.249,1.271,1.285,1.296,1.308,1.326,1.304,1.296,1.272,1.244,1.252,1.232,1.229,1.284,1.323,1.296,1.296,1.334,1.313,1.345,1.327,1.34,1.359,1.388,1.412,1.38,1.352,1.381,1.376,1.401,1.421,1.415,1.426,1.437,1.418,1.426,1.379,1.394,1.388,1.416,1.362,1.309,1.322,1.336,1.321,1.304,1.318,1.297
"38","30","  Durable goods","RAT5WD3",1.598,1.624,1.641,1.654,1.675,1.628,1.64,1.61,1.638,1.636,1.627,1.61,1.635,1.62,1.601,1.636,1.652,1.656,1.626,1.631,1.594,1.615,1.595,1.579,1.614,1.61,1.626,1.599,1.615,1.625,1.669,1.635,1.654,1.631,1.64,1.666,1.687,1.694,1.739,1.763,1.721,1.729,1.709,1.737,1.761,1.793,1.805,1.811,1.815,1.829,1.806,1.808,1.763,1.739,1.792,1.794,1.775,1.789,1.781,1.785,1.762,1.838,1.777,1.803,1.817,1.812,1.836,1.761,1.739,1.726,1.715,1.687,1.696,1.661,1.646,1.636,1.663,1.677,1.65,1.639,1.673,1.605,1.591,1.593,1.545,1.579,1.575,1.593,1.6,1.643,1.652,1.704,1.75,1.822,1.871,1.941,1.974,2.03,2.167,2.144,2.087,2.07,2.024,2.05,1.988,2.007,2.006,1.979,1.94,1.976,1.973,1.984,2.009,1.978,2,1.965,1.977,2.012,2.011,1.972,1.987,1.946,1.961,1.927,1.899,1.914,1.936,1.923,1.936,1.935,1.915,1.904,1.961,1.94,1.939,1.868,1.907,1.901,1.893,1.886,1.897,1.905,1.909,1.917,1.98,2.021,1.904,1.932,1.909,1.913,1.937,1.902,1.947,1.932,1.93,1.948,1.905,1.942,1.965,2.04,2.077,2.068,2.057,2.076,1.983,1.942,1.98,2.008,1.98,1.969,2.023,2,2.036,2.038,2.009,2.05,2.101,2.133,2.179,2.207,2.294,2.254,2.285,2.381,2.388,2.426,2.441,2.413,2.39,2.388,2.31,2.301,2.198,2.25,2.213,2.231,2.145,2.021,2.036,2.042,2.026,1.971,1.972,1.953
"39","31","   Motor vehicles","RAT5013",1.707,1.716,1.681,1.643,1.702,1.547,1.482,1.533,1.535,1.473,1.43,1.461,1.4,1.372,1.395,1.404,1.38,1.443,1.415,1.424,1.287,1.45,1.504,1.377,1.438,1.463,1.4,1.349,1.379,1.396,1.459,1.397,1.406,1.452,1.423,1.46,1.473,1.41,1.48,1.492,1.467,1.45,1.361,1.411,1.423,1.425,1.405,1.425,1.389,1.473,1.433,1.418,1.347,1.333,1.459,1.405,1.421,1.448,1.483,1.597,1.549,1.718,1.542,1.672,1.664,1.7,1.711,1.612,1.631,1.591,1.635,1.598,1.705,1.548,1.519,1.429,1.469,1.451,1.449,1.509,1.581,1.526,1.456,1.467,1.448,1.539,1.59,1.608,1.766,1.827,1.833,1.917,1.845,2.003,2.149,2.267,2.335,2.092,2.124,2.079,2.005,1.909,1.818,1.787,1.784,1.844,1.739,1.727,1.742,1.799,1.768,1.768,1.803,1.772,1.776,1.722,1.734,1.837,1.816,1.721,1.692,1.699,1.644,1.627,1.518,1.56,1.562,1.6,1.548,1.558,1.575,1.533,1.523,1.528,1.526,1.488,1.534,1.551,1.564,1.568,1.532,1.565,1.606,1.641,1.714,1.804,1.661,1.644,1.627,1.657,1.718,1.642,1.666,1.657,1.637,1.594,1.618,1.643,1.687,1.77,1.791,1.727,1.741,1.689,1.654,1.601,1.641,1.771,1.634,1.577,1.581,1.53,1.614,1.65,1.568,1.577,1.649,1.62,1.656,1.73,1.809,1.733,1.801,1.915,1.799,1.929,1.998,2.022,1.894,1.959,1.894,1.82,1.844,1.843,1.72,1.713,1.708,1.567,1.508,1.513,1.501,1.486,1.468,1.437
"40","32","   Furniture & furnishings","RAT5023",1.379,1.413,1.403,1.405,1.401,1.387,1.441,1.342,1.379,1.393,1.403,1.301,1.361,1.378,1.4,1.379,1.38,1.351,1.387,1.321,1.286,1.282,1.299,1.309,1.321,1.315,1.332,1.298,1.3,1.349,1.344,1.36,1.392,1.348,1.375,1.402,1.448,1.437,1.438,1.486,1.544,1.469,1.489,1.53,1.451,1.513,1.532,1.481,1.465,1.455,1.43,1.476,1.437,1.394,1.393,1.346,1.361,1.406,1.385,1.367,1.358,1.377,1.319,1.352,1.38,1.354,1.371,1.38,1.354,1.355,1.359,1.379,1.382,1.386,1.403,1.45,1.502,1.467,1.515,1.548,1.624,1.541,1.503,1.486,1.487,1.582,1.559,1.541,1.509,1.578,1.635,1.59,1.676,1.677,1.787,1.854,1.818,1.808,1.834,1.806,1.742,1.711,1.705,1.689,1.612,1.642,1.664,1.605,1.669,1.62,1.682,1.664,1.706,1.683,1.706,1.669,1.737,1.747,1.719,1.712,1.676,1.701,1.681,1.648,1.64,1.6,1.652,1.647,1.652,1.615,1.593,1.554,1.716,1.714,1.665,1.662,1.745,1.756,1.66,1.717,1.631,1.763,1.64,1.532,1.678,1.777,1.686,1.692,1.639,1.685,1.619,1.659,1.656,1.712,1.68,1.71,1.631,1.693,1.673,1.701,1.708,1.743,1.788,1.753,1.792,1.754,1.709,1.724,1.677,1.641,1.75,1.798,1.719,1.709,1.848,1.663,1.78,1.821,1.753,1.76,1.681,1.655,1.707,1.693,1.835,1.739,1.743,1.819,1.658,1.717,1.722,1.663,1.709,1.733,1.612,1.632,1.533,1.568,1.626,1.57,1.551,1.418,1.461,1.482
"41","33","   Lumber & construction","RAT5033",0.956,0.992,0.999,0.948,0.973,0.947,0.905,0.906,0.937,0.918,0.904,0.881,0.927,0.933,0.92,0.919,0.94,0.918,0.93,0.923,0.929,0.951,0.922,0.941,0.947,0.905,0.975,1.056,1.034,1.007,1.059,1.049,1.049,1.014,1.036,1.05,1.071,1.062,1.044,1.084,1.029,1.08,1.06,1.055,1.059,1.093,1.051,1.022,1.075,1.051,1.069,1.011,0.963,0.962,0.966,0.975,0.991,0.975,0.969,0.916,0.881,1.007,1.041,1.033,1.028,1.036,1.022,0.994,0.969,0.949,0.898,0.975,0.881,0.926,0.966,1.015,1.111,1.133,1.104,1.095,1.127,1.136,1.119,1.081,1.132,1.168,1.156,1.18,1.216,1.23,1.221,1.232,1.229,1.199,1.259,1.246,1.229,1.258,1.312,1.277,1.25,1.192,1.131,1.193,1.206,1.129,1.133,1.13,1.112,1.074,1.115,1.11,1.133,1.088,1.115,1.124,1.131,1.142,1.108,1.108,1.122,1.074,1.12,1.051,1.034,1.041,1.018,1.021,1.061,1.045,1.043,1.042,1.109,1.117,1.116,1.031,1.021,1.046,1.069,1.031,1.033,1.067,1.067,1.039,1.099,1.159,1.019,1.085,1.076,1.071,1.103,1.094,1.138,1.123,1.151,1.122,1.103,1.165,1.205,1.229,1.215,1.171,1.146,1.258,1.114,1.074,1.135,1.08,1.112,1.118,1.131,1.201,1.286,1.299,1.28,1.263,1.243,1.289,1.31,1.325,1.253,1.234,1.262,1.139,1.153,1.218,1.193,1.109,1.175,1.224,1.103,1.085,1.097,1.15,1.123,1.162,1.065,1.035,1.1,1.152,1.151,1.085,1.103,1.131
"42","34","   Professional & commercial","RAT5043",7.105,7.231,7.07,6.777,6.752,6.867,6.574,6.449,6.891,6.8,6.702,6.436,6.437,6.282,6.422,6.395,6.467,6.421,6.32,6.301,6.252,6.205,6.019,6.028,6.062,6.055,5.897,5.743,5.865,5.821,6.119,6.056,6.011,5.806,5.78,5.97,5.736,5.79,5.818,6.122,6.008,6.011,5.847,5.803,5.754,5.952,6.03,5.978,6.161,5.934,5.986,6.147,5.758,5.674,5.812,5.771,5.609,5.741,5.792,5.731,5.682,5.702,5.648,5.46,5.638,5.575,5.588,5.483,5.352,5.482,4.986,5.367,5.492,5.397,5.249,5.21,5.393,5.403,5.264,5.081,5.152,5.095,5.092,4.841,4.832,4.669,4.771,4.828,4.575,4.726,4.772,4.881,4.891,4.778,4.758,4.945,4.723,4.691,4.978,4.772,4.875,4.86,4.691,4.736,4.844,4.606,4.598,4.607,4.631,4.642,4.392,4.423,4.301,4.177,4.281,4.35,4.182,4.265,4.231,4.248,4.046,4.121,4.056,3.992,3.945,3.926,4.101,3.937,3.897,3.815,3.885,3.673,3.778,3.603,3.748,3.621,3.691,3.711,3.653,3.596,3.541,3.706,3.488,3.553,3.604,3.49,3.384,3.521,3.426,3.404,3.338,3.165,3.21,3.169,3.175,3.375,3.139,3.245,3.098,3.066,3.047,3.032,3.045,2.999,3.006,2.84,2.972,2.97,2.912,2.89,2.892,2.809,2.974,2.973,2.825,2.885,2.761,2.917,2.93,2.989,2.956,2.984,3.053,3.056,2.97,2.815,2.932,2.894,2.849,2.832,2.654,2.525,2.595,2.712,2.795,2.966,2.951,2.918,3.103,3.006,3.082,2.987,3.158,3.279
"43","35","   Metals & minerals","RAT5053",1.085,1.083,1.17,1.266,1.22,1.174,1.291,1.145,1.149,1.154,1.107,1.142,1.143,1.164,1.16,1.218,1.232,1.239,1.223,1.265,1.293,1.262,1.258,1.233,1.273,1.245,1.186,1.154,1.169,1.181,1.144,1.127,1.109,1.103,1.124,1.103,1.122,1.146,1.174,1.252,1.187,1.178,1.16,1.215,1.245,1.323,1.303,1.36,1.411,1.487,1.485,1.571,1.528,1.509,1.616,1.612,1.582,1.577,1.542,1.519,1.44,1.472,1.435,1.395,1.368,1.386,1.448,1.388,1.382,1.343,1.438,1.36,1.173,1.156,1.172,1.141,1.14,1.16,1.08,1.058,1.091,0.948,0.969,0.959,0.901,0.848,0.831,0.829,0.849,0.88,0.835,0.95,0.975,1.101,1.102,1.205,1.314,1.57,1.738,1.778,1.78,1.814,1.784,1.767,1.627,1.706,1.671,1.605,1.625,1.551,1.494,1.656,1.59,1.562,1.71,1.579,1.626,1.618,1.707,1.658,1.703,1.676,1.665,1.647,1.605,1.594,1.604,1.564,1.581,1.634,1.577,1.652,1.637,1.675,1.743,1.634,1.722,1.692,1.676,1.681,1.686,1.579,1.54,1.546,1.552,1.621,1.507,1.606,1.489,1.524,1.442,1.482,1.557,1.539,1.533,1.509,1.498,1.485,1.464,1.573,1.81,1.763,1.728,1.815,1.643,1.572,1.649,1.609,1.66,1.653,1.781,1.777,1.732,1.716,1.712,1.838,1.882,2.064,2.023,2.099,2.299,2.271,2.386,2.571,2.51,2.6,2.774,2.859,2.97,2.91,2.971,3.022,2.346,2.766,2.611,2.44,2.319,2.205,2.039,2.087,2.166,1.996,1.983,1.86
"44","36","   Electrical goods","RAT5063",1.572,1.627,1.64,1.649,1.63,1.623,1.638,1.591,1.546,1.585,1.567,1.483,1.567,1.586,1.579,1.634,1.622,1.583,1.59,1.567,1.557,1.542,1.524,1.52,1.52,1.534,1.556,1.587,1.583,1.612,1.543,1.594,1.613,1.583,1.66,1.694,1.697,1.658,1.674,1.655,1.601,1.629,1.658,1.73,1.728,1.713,1.726,1.75,1.757,1.725,1.699,1.686,1.731,1.699,1.743,1.707,1.717,1.679,1.656,1.609,1.608,1.654,1.66,1.683,1.669,1.669,1.654,1.589,1.58,1.59,1.518,1.528,1.509,1.519,1.486,1.498,1.555,1.548,1.482,1.536,1.526,1.541,1.527,1.568,1.536,1.569,1.516,1.511,1.53,1.603,1.626,1.605,1.615,1.694,1.795,1.817,1.906,1.888,1.913,1.895,1.779,1.79,1.784,1.808,1.732,1.687,1.739,1.617,1.581,1.583,1.582,1.567,1.604,1.595,1.628,1.634,1.674,1.705,1.696,1.655,1.655,1.659,1.672,1.657,1.754,1.679,1.617,1.707,1.665,1.61,1.607,1.615,1.665,1.627,1.655,1.6,1.594,1.646,1.655,1.603,1.701,1.695,1.73,1.77,1.813,1.763,1.746,1.784,1.713,1.742,1.817,1.663,1.659,1.65,1.739,1.728,1.698,1.652,1.721,1.823,1.846,1.791,1.774,1.811,1.728,1.733,1.62,1.714,1.679,1.696,1.715,1.724,1.734,1.762,1.779,1.837,1.828,1.922,1.917,1.942,1.932,1.981,1.981,1.934,1.93,1.941,1.857,1.919,1.969,1.933,1.928,1.868,1.783,1.725,1.746,1.634,1.578,1.54,1.473,1.46,1.453,1.464,1.443,1.403
"45","37","   Hardware & plumbing","RAT5073",1.164,1.202,1.206,1.192,1.203,1.19,1.21,1.169,1.161,1.198,1.185,1.155,1.145,1.16,1.114,1.187,1.183,1.147,1.134,1.111,1.121,1.101,1.095,1.171,1.159,1.124,1.138,1.124,1.189,1.207,1.19,1.182,1.232,1.197,1.219,1.212,1.278,1.249,1.293,1.341,1.278,1.276,1.31,1.329,1.305,1.332,1.307,1.324,1.294,1.303,1.295,1.287,1.277,1.274,1.284,1.279,1.282,1.317,1.278,1.256,1.202,1.27,1.255,1.295,1.286,1.331,1.319,1.245,1.289,1.32,1.31,1.28,1.377,1.376,1.369,1.386,1.389,1.404,1.418,1.409,1.436,1.402,1.396,1.369,1.429,1.4,1.353,1.391,1.43,1.419,1.514,1.559,1.554,1.589,1.626,1.721,1.613,1.623,1.774,1.694,1.686,1.571,1.549,1.566,1.501,1.545,1.557,1.605,1.512,1.492,1.498,1.526,1.527,1.555,1.567,1.606,1.593,1.592,1.59,1.564,1.573,1.512,1.536,1.561,1.542,1.577,1.604,1.558,1.573,1.579,1.546,1.541,1.59,1.638,1.639,1.549,1.567,1.544,1.578,1.562,1.609,1.614,1.624,1.585,1.638,1.701,1.634,1.679,1.613,1.675,1.677,1.63,1.665,1.622,1.669,1.705,1.573,1.666,1.693,1.839,1.817,1.768,1.707,1.735,1.719,1.696,1.692,1.813,1.764,1.755,1.778,1.746,1.768,1.784,1.864,1.857,1.834,1.933,1.892,1.927,1.926,1.893,1.889,1.924,1.923,1.94,1.962,1.94,1.887,1.826,1.752,1.769,1.792,1.874,1.827,1.871,1.777,1.747,1.67,1.618,1.634,1.656,1.66,1.687
"46","38","   Machinery equipment","RAT5083",1.549,1.536,1.555,1.579,1.685,1.608,1.65,1.691,1.763,1.745,1.8,1.811,1.889,1.841,1.793,1.819,1.853,1.884,1.805,1.797,1.736,1.771,1.675,1.644,1.671,1.672,1.733,1.693,1.662,1.719,1.856,1.776,1.785,1.803,1.793,1.827,1.827,1.899,1.938,1.962,1.94,1.934,1.956,1.898,1.986,1.942,2.091,2.071,2.017,1.98,1.972,1.936,1.908,1.887,1.862,1.961,1.851,1.904,1.839,1.831,1.919,1.884,1.81,1.801,1.843,1.788,1.813,1.807,1.735,1.743,1.73,1.639,1.698,1.676,1.643,1.646,1.632,1.642,1.649,1.601,1.614,1.527,1.52,1.548,1.494,1.523,1.516,1.551,1.52,1.537,1.524,1.501,1.639,1.709,1.728,1.822,1.739,1.827,2.017,2.029,2.004,2.07,2.083,2.121,2.076,2.115,2.181,2.142,2.01,2.173,2.199,2.076,2.186,2.187,2.117,2.091,2.083,2.158,2.148,2.106,2.113,2.044,2.108,2.08,2.087,2.125,2.158,2.113,2.183,2.147,2.196,2.197,2.362,2.284,2.206,2.1,2.173,2.111,2.168,2.181,2.174,2.163,2.133,2.15,2.264,2.228,2.159,2.155,2.178,2.178,2.233,2.233,2.312,2.291,2.253,2.297,2.262,2.288,2.368,2.445,2.428,2.424,2.397,2.382,2.304,2.337,2.42,2.448,2.421,2.466,2.516,2.505,2.552,2.509,2.416,2.482,2.583,2.459,2.669,2.63,2.815,2.651,2.902,3.005,3.131,3.26,3.334,3.317,3.383,3.332,3.191,3.215,3.083,3.131,3.143,3.29,3.08,2.828,2.918,2.888,2.819,2.895,2.753,2.805
"47","39","   Other durable goods","RAT5093",1.106,1.158,1.143,1.207,1.185,1.229,1.219,1.159,1.19,1.22,1.223,1.176,1.181,1.135,1.102,1.127,1.185,1.196,1.156,1.216,1.224,1.156,1.161,1.19,1.254,1.287,1.352,1.24,1.298,1.235,1.288,1.24,1.306,1.199,1.193,1.226,1.272,1.32,1.409,1.345,1.324,1.375,1.336,1.402,1.436,1.553,1.516,1.511,1.57,1.598,1.518,1.551,1.511,1.493,1.533,1.548,1.561,1.537,1.596,1.599,1.557,1.604,1.583,1.584,1.65,1.597,1.685,1.509,1.448,1.423,1.426,1.364,1.433,1.385,1.346,1.358,1.322,1.383,1.351,1.289,1.306,1.258,1.254,1.291,1.141,1.226,1.213,1.212,1.11,1.159,1.247,1.271,1.375,1.365,1.396,1.335,1.475,1.575,1.725,1.703,1.593,1.582,1.516,1.625,1.532,1.543,1.576,1.619,1.587,1.637,1.677,1.752,1.737,1.648,1.658,1.64,1.632,1.583,1.608,1.625,1.756,1.655,1.713,1.643,1.613,1.626,1.735,1.677,1.713,1.779,1.586,1.549,1.543,1.479,1.472,1.5,1.473,1.463,1.337,1.331,1.4,1.402,1.466,1.474,1.456,1.504,1.377,1.349,1.419,1.326,1.346,1.32,1.308,1.309,1.269,1.369,1.299,1.33,1.288,1.292,1.277,1.413,1.439,1.465,1.358,1.304,1.321,1.265,1.277,1.245,1.319,1.249,1.219,1.216,1.244,1.257,1.347,1.384,1.353,1.353,1.45,1.511,1.216,1.434,1.585,1.48,1.33,1.198,1.135,1.174,1.152,1.348,1.236,1.214,1.247,1.334,1.306,1.164,1.347,1.471,1.364,1.224,1.305,1.215
"48","40","  Nondurable goods","RAT5WN3",0.673,0.679,0.686,0.668,0.677,0.69,0.697,0.731,0.739,0.722,0.701,0.72,0.733,0.73,0.733,0.738,0.752,0.745,0.765,0.753,0.748,0.752,0.738,0.726,0.749,0.772,0.741,0.737,0.748,0.754,0.754,0.74,0.743,0.719,0.732,0.744,0.758,0.763,0.771,0.775,0.784,0.797,0.793,0.789,0.792,0.79,0.797,0.8,0.785,0.79,0.791,0.783,0.786,0.793,0.798,0.804,0.784,0.798,0.781,0.791,0.763,0.804,0.786,0.789,0.781,0.778,0.763,0.773,0.786,0.778,0.734,0.739,0.728,0.753,0.748,0.725,0.715,0.724,0.685,0.705,0.687,0.642,0.625,0.609,0.652,0.635,0.638,0.637,0.658,0.664,0.671,0.672,0.652,0.712,0.69,0.675,0.665,0.659,0.649,0.675,0.683,0.665,0.679,0.688,0.698,0.675,0.674,0.666,0.658,0.657,0.637,0.65,0.663,0.669,0.677,0.693,0.662,0.689,0.687,0.662,0.675,0.684,0.697,0.703,0.7,0.682,0.667,0.708,0.724,0.732,0.731,0.712,0.733,0.719,0.743,0.759,0.715,0.728,0.719,0.701,0.711,0.715,0.723,0.736,0.751,0.76,0.758,0.774,0.762,0.75,0.78,0.765,0.75,0.755,0.74,0.747,0.759,0.774,0.779,0.771,0.772,0.789,0.782,0.761,0.767,0.751,0.743,0.715,0.715,0.765,0.784,0.752,0.73,0.775,0.767,0.785,0.755,0.76,0.763,0.793,0.79,0.76,0.736,0.742,0.739,0.764,0.776,0.786,0.797,0.816,0.822,0.829,0.818,0.827,0.828,0.854,0.825,0.796,0.802,0.816,0.802,0.803,0.814,0.792
"49","41","   Paper products","RAT5113",0.717,0.736,0.724,0.713,0.724,0.744,0.753,0.739,0.723,0.758,0.751,0.739,0.748,0.735,0.73,0.722,0.748,0.746,0.73,0.727,0.702,0.722,0.72,0.703,0.703,0.703,0.711,0.706,0.717,0.706,0.734,0.697,0.711,0.712,0.744,0.727,0.759,0.763,0.784,0.786,0.776,0.77,0.782,0.814,0.813,0.79,0.776,0.795,0.787,0.786,0.773,0.766,0.795,0.799,0.768,0.777,0.771,0.789,0.779,0.77,0.758,0.78,0.776,0.768,0.771,0.794,0.798,0.78,0.784,0.782,0.781,0.753,0.784,0.772,0.808,0.776,0.778,0.767,0.807,0.782,0.792,0.754,0.775,0.766,0.755,0.741,0.749,0.765,0.769,0.771,0.753,0.84,0.8,0.854,0.835,0.905,0.919,0.929,0.966,0.95,0.956,0.904,0.861,0.857,0.837,0.857,0.884,0.859,0.845,0.834,0.823,0.854,0.858,0.84,0.845,0.887,0.875,0.898,0.866,0.879,0.869,0.84,0.878,0.874,0.896,0.877,0.899,0.854,0.865,0.858,0.864,0.818,0.825,0.813,0.822,0.8,0.795,0.815,0.794,0.81,0.852,0.812,0.813,0.824,0.836,0.847,0.871,0.834,0.846,0.863,0.885,0.883,0.907,0.868,0.907,0.895,0.866,0.875,0.904,0.924,0.937,0.939,0.901,0.895,0.889,0.896,0.882,0.905,0.89,0.915,0.931,0.92,0.921,0.961,0.954,0.944,0.962,0.952,0.945,1.023,0.992,1.001,0.976,0.984,0.963,0.939,0.978,0.973,0.971,0.993,0.98,0.93,0.913,0.953,0.957,0.956,0.988,0.994,0.98,1.008,0.975,0.975,1.014,0.981
"50","42","   Drugs & sundries","RAT5123",0.588,0.579,0.591,0.622,0.597,0.599,0.618,0.635,0.618,0.674,0.65,0.648,0.649,0.677,0.64,0.642,0.61,0.637,0.629,0.647,0.661,0.678,0.662,0.643,0.644,0.646,0.691,0.669,0.689,0.692,0.689,0.69,0.699,0.695,0.739,0.712,0.704,0.691,0.742,0.723,0.702,0.734,0.721,0.707,0.725,0.696,0.721,0.686,0.689,0.704,0.697,0.673,0.737,0.705,0.719,0.732,0.719,0.744,0.735,0.767,0.763,0.82,0.719,0.748,0.771,0.746,0.752,0.758,0.728,0.744,0.756,0.73,0.826,0.804,0.837,0.824,0.839,0.812,0.864,0.863,0.747,0.78,0.816,0.822,0.878,0.883,0.884,0.945,1.047,1.091,0.986,1.065,1.083,1.108,1.064,1.109,1.016,1.065,1.035,1,0.987,1.015,0.998,0.986,0.999,0.996,1.016,0.939,0.943,0.949,0.923,0.973,0.953,0.957,0.941,0.939,0.954,0.939,0.946,0.976,0.924,0.95,0.991,0.989,1.002,1.033,1.071,1.075,1.072,1.14,1.131,1.111,1.14,1.197,1.135,1.131,1.191,1.204,1.164,1.2,1.24,1.146,1.224,1.212,1.302,1.239,1.27,1.305,1.24,1.221,1.238,1.218,1.255,1.22,1.148,1.14,1.147,1.113,1.128,1.207,1.168,1.128,1.132,1.113,1.132,1.194,1.192,1.145,1.118,1.123,1.145,1.118,1.139,1.215,1.19,1.243,1.259,1.299,1.329,1.329,1.494,1.277,1.175,1.236,1.239,1.28,1.298,1.272,1.266,1.273,1.28,1.241,1.214,1.268,1.247,1.273,1.262,1.208,1.263,1.256,1.254,1.262,1.262,1.259
"51","43","   Apparel & piece goods","RAT5133",1.019,1.065,1.083,1.041,1.106,0.971,1.022,1.102,1.049,1.02,1.008,1.05,1.038,1.032,1.041,1.063,1.077,1.083,1.113,1.089,1.092,1.084,1.129,1.061,1.083,1.105,1.031,1.046,1.01,1.061,1.129,1.13,1.086,1.151,1.152,1.123,1.207,1.184,1.196,1.23,1.179,1.212,1.103,1.195,1.219,1.2,1.172,1.259,1.205,1.224,1.286,1.268,1.343,1.361,1.373,1.372,1.434,1.381,1.389,1.478,1.396,1.444,1.391,1.474,1.385,1.351,1.358,1.302,1.311,1.325,1.376,1.29,1.362,1.376,1.386,1.408,1.464,1.403,1.461,1.428,1.49,1.472,1.346,1.334,1.358,1.383,1.4,1.45,1.448,1.532,1.423,1.592,1.654,1.751,1.679,1.817,1.812,1.761,1.71,1.599,1.508,1.497,1.472,1.443,1.41,1.337,1.403,1.402,1.382,1.292,1.442,1.42,1.41,1.463,1.531,1.613,1.578,1.653,1.541,1.549,1.564,1.589,1.559,1.49,1.503,1.54,1.43,1.443,1.459,1.392,1.479,1.34,1.477,1.514,1.332,1.407,1.344,1.336,1.432,1.372,1.401,1.466,1.432,1.413,1.569,1.666,1.535,1.583,1.641,1.666,1.649,1.7,1.588,1.684,1.652,1.61,1.602,1.63,1.701,1.721,1.731,1.681,1.82,1.697,1.736,1.756,1.824,1.818,1.876,1.896,2.003,1.865,1.865,1.916,1.81,1.958,1.97,1.863,1.785,2.065,1.92,1.794,1.918,2.008,1.945,1.827,1.808,1.83,1.887,1.902,1.887,1.953,1.821,1.832,1.848,1.805,1.698,1.747,1.743,1.623,1.652,1.714,1.768,1.632
"52","44","   Groceries","RAT5143",0.575,0.565,0.567,0.552,0.552,0.567,0.567,0.572,0.574,0.562,0.555,0.528,0.54,0.54,0.526,0.522,0.542,0.544,0.546,0.545,0.533,0.542,0.533,0.527,0.562,0.557,0.542,0.539,0.526,0.53,0.536,0.51,0.515,0.498,0.496,0.507,0.51,0.534,0.523,0.534,0.528,0.537,0.549,0.55,0.535,0.534,0.534,0.537,0.528,0.528,0.521,0.516,0.525,0.523,0.545,0.548,0.526,0.524,0.509,0.511,0.519,0.527,0.535,0.525,0.532,0.535,0.537,0.533,0.548,0.557,0.532,0.543,0.539,0.546,0.544,0.535,0.559,0.607,0.538,0.559,0.584,0.563,0.569,0.563,0.632,0.612,0.616,0.62,0.631,0.633,0.649,0.681,0.62,0.642,0.66,0.685,0.633,0.601,0.607,0.603,0.553,0.528,0.56,0.554,0.559,0.59,0.584,0.586,0.594,0.585,0.594,0.595,0.604,0.615,0.638,0.633,0.593,0.609,0.614,0.632,0.61,0.629,0.611,0.6,0.618,0.607,0.599,0.611,0.609,0.613,0.602,0.583,0.599,0.578,0.603,0.613,0.605,0.626,0.62,0.603,0.611,0.606,0.602,0.607,0.616,0.612,0.613,0.622,0.627,0.606,0.621,0.623,0.606,0.597,0.597,0.583,0.575,0.568,0.566,0.555,0.544,0.554,0.547,0.552,0.56,0.556,0.564,0.566,0.561,0.541,0.582,0.591,0.56,0.562,0.551,0.557,0.562,0.555,0.531,0.556,0.547,0.544,0.534,0.539,0.533,0.542,0.526,0.516,0.521,0.511,0.508,0.532,0.531,0.517,0.528,0.536,0.533,0.52,0.528,0.544,0.511,0.541,0.537,0.544
"53","45","   Farm products","RAT5153",0.73,0.779,0.828,0.771,0.754,0.862,0.886,1.02,1.091,0.981,0.902,1.03,1.026,1.042,1.168,1.149,1.234,1.161,1.25,1.225,1.17,1.132,1.098,1.043,1.154,1.347,1.119,1.062,1.199,1.163,1.028,1.01,1.018,0.965,1.044,1.154,1.189,1.21,1.101,1.132,1.222,1.201,1.264,1.164,1.171,1.22,1.197,1.203,1.124,1.133,1.152,1.198,1.114,1.148,1.111,1.113,1.026,1.155,1.062,1.013,0.97,1.049,1.083,1.04,0.992,0.96,0.88,0.978,1.057,0.981,0.843,0.922,0.833,0.946,0.927,0.866,0.765,0.741,0.675,0.773,0.666,0.578,0.578,0.52,0.611,0.563,0.609,0.547,0.549,0.525,0.57,0.539,0.53,0.653,0.577,0.483,0.471,0.491,0.438,0.496,0.605,0.593,0.614,0.683,0.737,0.65,0.593,0.569,0.562,0.579,0.5,0.584,0.611,0.629,0.633,0.645,0.585,0.605,0.595,0.661,0.635,0.649,0.712,0.725,0.641,0.613,0.575,0.668,0.716,0.766,0.754,0.806,0.826,0.766,0.819,0.865,0.704,0.743,0.689,0.646,0.661,0.676,0.709,0.693,0.727,0.761,0.753,0.815,0.798,0.77,0.792,0.771,0.747,0.713,0.722,0.739,0.741,0.771,0.76,0.695,0.765,0.76,0.816,0.79,0.817,0.807,0.781,0.681,0.65,0.721,0.689,0.651,0.667,0.741,0.715,0.699,0.584,0.649,0.649,0.655,0.696,0.627,0.594,0.645,0.625,0.696,0.73,0.712,0.753,0.785,0.812,0.895,0.873,0.868,0.911,0.922,0.88,0.8,0.84,0.905,0.888,0.862,0.866,0.805
"54","46","   Chemical & allied product","RAT5163",0.782,0.796,0.775,0.806,0.786,0.749,0.789,0.819,0.832,0.809,0.821,0.807,0.843,0.831,0.85,0.851,0.86,0.8,0.818,0.795,0.788,0.763,0.777,0.747,0.746,0.738,0.745,0.738,0.762,0.778,0.744,0.804,0.744,0.774,0.75,0.768,0.763,0.759,0.719,0.756,0.716,0.733,0.783,0.752,0.796,0.792,0.775,0.758,0.73,0.731,0.73,0.716,0.682,0.721,0.714,0.683,0.679,0.686,0.639,0.678,0.636,0.668,0.674,0.664,0.661,0.651,0.673,0.653,0.649,0.678,0.662,0.636,0.644,0.649,0.622,0.637,0.612,0.607,0.617,0.638,0.627,0.618,0.6,0.617,0.591,0.557,0.557,0.585,0.731,0.686,0.679,0.752,0.784,0.81,0.911,0.926,0.998,1.014,1.064,1.036,1.045,0.991,0.912,0.933,0.894,0.87,0.848,0.868,0.871,0.862,0.891,0.872,0.844,0.857,0.827,0.885,0.882,0.903,0.914,0.883,0.916,0.871,0.844,0.849,0.865,0.867,0.817,0.895,0.966,0.94,0.881,0.921,0.895,0.948,0.991,0.936,0.969,0.95,0.972,0.922,0.957,0.837,0.934,1.117,1.041,1.112,0.989,1.04,0.998,1.085,1.109,1.012,0.989,1.115,0.9,0.725,0.94,0.943,0.964,0.996,0.991,0.919,1.013,0.945,0.876,0.88,0.978,0.925,0.842,0.897,0.985,0.907,0.951,0.979,0.898,1.051,1.012,0.985,0.965,1.012,0.969,0.922,0.94,0.93,0.936,0.887,0.924,0.873,0.971,0.877,0.909,1,0.948,0.96,0.931,1.005,1.012,1.035,1.012,0.972,0.979,1.088,1.066,0.948
"55","47","   Petroleum products","RAT5173",0.16,0.144,0.106,0.115,0.116,0.099,0.107,0.141,0.167,0.185,0.189,0.211,0.193,0.178,0.213,0.219,0.217,0.235,0.243,0.221,0.25,0.242,0.244,0.237,0.213,0.223,0.216,0.236,0.228,0.242,0.266,0.251,0.219,0.21,0.232,0.231,0.226,0.214,0.249,0.253,0.271,0.265,0.264,0.269,0.277,0.268,0.256,0.27,0.296,0.291,0.311,0.289,0.303,0.304,0.316,0.328,0.317,0.321,0.315,0.318,0.309,0.324,0.266,0.262,0.266,0.275,0.265,0.265,0.274,0.231,0.239,0.214,0.205,0.238,0.272,0.265,0.262,0.282,0.235,0.209,0.219,0.195,0.121,0.158,0.147,0.139,0.114,0.093,0.136,0.262,0.199,0.221,0.21,0.315,0.309,0.338,0.365,0.371,0.344,0.344,0.332,0.297,0.285,0.248,0.223,0.21,0.228,0.229,0.236,0.241,0.23,0.207,0.206,0.195,0.204,0.223,0.213,0.242,0.248,0.141,0.182,0.193,0.197,0.257,0.224,0.215,0.204,0.227,0.234,0.217,0.232,0.226,0.229,0.228,0.235,0.244,0.233,0.23,0.242,0.245,0.234,0.245,0.242,0.252,0.247,0.243,0.269,0.263,0.271,0.261,0.292,0.283,0.296,0.293,0.297,0.315,0.349,0.372,0.381,0.394,0.377,0.414,0.377,0.348,0.344,0.333,0.319,0.318,0.347,0.423,0.438,0.401,0.317,0.376,0.418,0.427,0.402,0.397,0.397,0.424,0.379,0.366,0.343,0.328,0.355,0.365,0.365,0.425,0.413,0.459,0.471,0.416,0.392,0.439,0.43,0.491,0.426,0.408,0.374,0.362,0.375,0.338,0.353,0.367
"56","48","   Alcoholic beverages","RAT5183",0.64,0.66,0.71,0.684,0.713,0.725,0.727,0.669,0.698,0.711,0.698,0.738,0.754,0.752,0.693,0.747,0.695,0.72,0.723,0.725,0.743,0.776,0.746,0.747,0.74,0.724,0.724,0.744,0.73,0.712,0.744,0.728,0.786,0.801,0.776,0.739,0.741,0.751,0.779,0.776,0.774,0.828,0.777,0.785,0.746,0.732,0.753,0.792,0.784,0.799,0.809,0.772,0.784,0.777,0.799,0.808,0.883,0.849,0.815,0.808,0.774,0.83,0.798,0.829,0.848,0.843,0.847,0.814,0.782,0.814,0.771,0.794,0.839,0.832,0.802,0.853,0.85,0.878,0.844,0.832,0.846,0.803,0.826,0.816,0.794,0.849,0.869,0.841,0.861,0.875,0.896,0.944,0.906,0.931,0.922,0.901,0.89,0.898,0.867,0.876,0.817,0.83,0.814,0.828,0.819,0.82,0.85,0.85,0.832,0.836,0.781,0.779,0.779,0.775,0.766,0.801,0.78,0.813,0.799,0.895,0.813,0.833,0.871,0.845,0.904,0.916,0.927,0.919,0.942,0.926,0.903,0.866,0.884,0.851,0.865,0.901,0.904,0.889,0.925,0.942,0.915,0.966,0.999,0.991,1.019,1.054,1.074,1.08,1.075,1.045,1.042,0.983,0.962,0.99,0.977,1.039,1.035,1.019,1.071,1.079,1.023,1.03,0.997,0.98,1.08,1.054,1.061,1.045,1.02,0.998,0.966,0.937,0.987,1.015,0.999,1.031,1.017,1.007,1.02,1.054,1.078,1.03,1.066,1.037,1.053,1.066,1.032,1.057,1.036,1.031,1.041,1.058,1.038,1.059,1.018,1.087,1.03,0.94,1.074,1.075,1.02,1.087,1.036,1.017
"57","49","   Other nondurable goods","RAT5193",1.101,1.084,1.046,1.037,1.111,1.074,1.048,1.088,1.057,1.096,1.047,1.1,1.129,1.092,1.069,1.122,1.111,1.07,1.155,1.109,1.137,1.15,1.125,1.168,1.193,1.259,1.213,1.195,1.178,1.247,1.275,1.328,1.345,1.256,1.232,1.235,1.256,1.254,1.374,1.297,1.307,1.348,1.282,1.265,1.315,1.287,1.387,1.317,1.327,1.34,1.336,1.297,1.315,1.314,1.32,1.382,1.336,1.376,1.404,1.439,1.295,1.428,1.362,1.366,1.369,1.365,1.361,1.357,1.286,1.299,1.217,1.171,1.195,1.108,1.06,1.027,1.028,1.027,1.055,0.95,0.948,0.956,0.89,0.896,0.804,0.845,0.816,0.854,0.896,0.889,0.877,0.809,0.835,0.785,0.784,0.824,0.85,0.767,0.885,0.964,0.946,0.963,0.98,0.958,0.97,0.905,0.951,0.974,0.917,0.943,0.975,0.907,0.938,0.926,0.905,0.945,0.936,0.939,0.994,0.947,0.956,0.907,0.944,0.9,0.941,0.934,0.943,0.987,1.002,1.046,1.042,0.94,1.01,1.013,1.086,1.01,1.032,0.98,0.993,0.992,1.019,1.024,0.98,1.031,1.046,1.061,1.028,1.044,0.989,0.946,1.019,0.977,0.931,1.064,0.934,1.003,0.965,0.988,0.934,0.94,0.962,1.022,1.008,1.018,0.992,0.954,0.998,0.914,0.895,0.907,0.898,0.856,0.945,0.998,0.915,0.948,0.962,0.919,0.974,1.002,1.016,0.986,1.015,1.019,0.957,0.966,0.965,0.963,1.001,1.027,1.01,0.981,1.033,1.046,1.014,1.018,0.982,0.951,0.959,0.978,0.958,0.915,0.963,0.96
"58","50"," Retail trade","RAT5R3",1.161,1.168,1.158,1.154,1.157,1.121,1.127,1.131,1.095,1.111,1.103,1.078,1.12,1.113,1.094,1.11,1.123,1.104,1.1,1.094,1.111,1.122,1.104,1.123,1.126,1.126,1.139,1.138,1.129,1.152,1.163,1.164,1.164,1.165,1.175,1.172,1.167,1.164,1.176,1.175,1.157,1.165,1.17,1.184,1.175,1.149,1.172,1.152,1.145,1.154,1.183,1.173,1.194,1.188,1.2,1.22,1.212,1.195,1.174,1.192,1.201,1.199,1.179,1.187,1.189,1.182,1.178,1.175,1.173,1.163,1.176,1.163,1.163,1.165,1.168,1.2,1.216,1.224,1.232,1.246,1.226,1.234,1.255,1.31,1.302,1.304,1.305,1.291,1.295,1.297,1.277,1.242,1.292,1.329,1.351,1.37,1.305,1.269,1.292,1.271,1.215,1.22,1.218,1.213,1.22,1.231,1.214,1.198,1.181,1.209,1.213,1.203,1.218,1.207,1.206,1.218,1.237,1.22,1.219,1.201,1.224,1.204,1.21,1.2,1.213,1.22,1.215,1.225,1.229,1.209,1.212,1.227,1.27,1.248,1.24,1.235,1.241,1.227,1.244,1.241,1.239,1.235,1.232,1.232,1.258,1.255,1.239,1.262,1.276,1.288,1.321,1.273,1.245,1.271,1.257,1.253,1.234,1.254,1.286,1.321,1.317,1.298,1.277,1.264,1.28,1.265,1.258,1.258,1.244,1.243,1.245,1.263,1.284,1.292,1.315,1.293,1.31,1.336,1.356,1.349,1.35,1.299,1.316,1.304,1.285,1.334,1.325,1.333,1.329,1.307,1.278,1.274,1.279,1.281,1.256,1.261,1.259,1.249,1.246,1.28,1.271,1.253,1.257,1.262
"59","51","   Retail less motor vehicle","RAT5RX3",1.048,1.045,1.044,1.06,1.063,1.034,1.045,1.047,1.011,1.028,1.023,1.002,1.04,1.029,1.012,1.013,1.025,1.008,1.002,0.999,1.015,1.031,1.006,1.026,1.018,1.021,1.03,1.03,1.033,1.046,1.052,1.05,1.058,1.049,1.062,1.055,1.042,1.047,1.048,1.051,1.031,1.039,1.034,1.039,1.029,1.025,1.044,1.031,1.043,1.044,1.066,1.054,1.062,1.052,1.053,1.06,1.064,1.065,1.057,1.064,1.081,1.078,1.059,1.072,1.077,1.075,1.078,1.085,1.075,1.076,1.087,1.092,1.092,1.087,1.09,1.109,1.12,1.113,1.11,1.131,1.114,1.122,1.128,1.159,1.153,1.148,1.161,1.156,1.164,1.171,1.162,1.146,1.162,1.162,1.163,1.182,1.137,1.141,1.13,1.118,1.069,1.078,1.084,1.065,1.069,1.095,1.082,1.072,1.059,1.091,1.088,1.085,1.101,1.091,1.086,1.09,1.095,1.086,1.087,1.076,1.099,1.077,1.08,1.072,1.085,1.089,1.071,1.08,1.083,1.066,1.056,1.076,1.102,1.08,1.084,1.1,1.101,1.098,1.109,1.112,1.095,1.102,1.094,1.083,1.102,1.094,1.077,1.089,1.084,1.078,1.099,1.079,1.073,1.083,1.071,1.081,1.085,1.091,1.109,1.13,1.132,1.132,1.132,1.116,1.134,1.129,1.12,1.111,1.135,1.15,1.165,1.157,1.168,1.169,1.185,1.191,1.204,1.218,1.238,1.233,1.231,1.209,1.226,1.213,1.21,1.224,1.204,1.211,1.213,1.203,1.212,1.199,1.201,1.197,1.189,1.187,1.194,1.194,1.189,1.2,1.2,1.188,1.192,1.206
"60","52","    Durable goods","RAT5RD3",1.98,2.066,2.026,1.945,1.95,1.895,1.882,1.884,1.862,1.864,1.844,1.783,1.851,1.846,1.792,1.869,1.872,1.859,1.846,1.819,1.876,1.837,1.826,1.847,1.886,1.865,1.916,1.909,1.865,1.917,1.969,1.991,1.941,1.978,1.979,1.976,2.041,2,2.055,2.033,1.993,2.007,2.037,2.068,2.079,2.01,2.094,2.033,1.927,1.957,1.984,1.978,2.042,2.022,2.077,2.095,2.041,1.947,1.896,1.956,1.927,1.942,1.921,1.901,1.907,1.887,1.868,1.845,1.861,1.799,1.826,1.773,1.751,1.761,1.771,1.858,1.894,1.957,1.999,1.991,1.963,1.977,2.039,2.176,2.156,2.18,2.138,2.116,2.105,2.104,2.043,1.963,2.137,2.309,2.423,2.467,2.309,2.158,2.348,2.249,2.146,2.128,2.083,2.127,2.137,2.092,2.057,2.029,1.995,1.989,2.023,1.987,2.003,1.997,2.026,2.062,2.138,2.12,2.105,2.036,2.082,2.042,2.028,2.005,2.023,2.039,2.072,2.079,2.092,2.041,2.082,2.088,2.234,2.199,2.135,2.051,2.062,2.009,2.044,2.024,2.086,2.017,2.008,2.027,2.111,2.12,2.076,2.119,2.171,2.245,2.3,2.155,2.088,2.164,2.169,2.127,2.04,2.119,2.255,2.375,2.379,2.289,2.16,2.176,2.178,2.104,2.085,2.132,2.056,2.006,1.982,2.103,2.181,2.206,2.225,2.12,2.151,2.277,2.3,2.307,2.316,2.143,2.16,2.136,2.057,2.228,2.234,2.248,2.2,2.15,1.988,2.03,2.061,2.09,1.973,1.986,1.947,1.901,1.893,2.007,1.956,1.895,1.899,1.881
"61","53","     Automotives","RAT553",1.624,1.707,1.643,1.518,1.519,1.458,1.43,1.447,1.422,1.429,1.403,1.355,1.415,1.426,1.399,1.496,1.509,1.486,1.49,1.462,1.499,1.464,1.484,1.491,1.555,1.54,1.576,1.577,1.506,1.58,1.623,1.642,1.583,1.641,1.625,1.652,1.72,1.662,1.743,1.72,1.715,1.714,1.79,1.853,1.88,1.743,1.835,1.74,1.57,1.612,1.669,1.675,1.763,1.777,1.85,1.917,1.823,1.707,1.619,1.718,1.677,1.689,1.666,1.635,1.624,1.592,1.553,1.499,1.541,1.474,1.49,1.389,1.388,1.42,1.422,1.511,1.555,1.637,1.696,1.674,1.632,1.638,1.734,1.938,1.924,1.972,1.899,1.836,1.817,1.791,1.712,1.581,1.82,2.084,2.236,2.258,2.066,1.791,2.062,1.958,1.849,1.823,1.76,1.841,1.859,1.79,1.747,1.706,1.673,1.663,1.702,1.652,1.662,1.653,1.67,1.73,1.824,1.776,1.744,1.686,1.705,1.699,1.703,1.683,1.701,1.708,1.772,1.786,1.796,1.749,1.818,1.801,1.936,1.925,1.841,1.724,1.761,1.696,1.753,1.723,1.811,1.725,1.744,1.794,1.842,1.858,1.853,1.921,2.032,2.18,2.268,2.057,1.929,2.056,2.041,1.961,1.829,1.947,2.088,2.258,2.252,2.078,1.904,1.939,1.949,1.86,1.867,1.94,1.817,1.722,1.653,1.834,1.931,1.97,1.994,1.799,1.839,1.969,1.996,1.97,2.001,1.77,1.804,1.773,1.667,1.926,1.962,1.958,1.889,1.814,1.582,1.647,1.68,1.702,1.581,1.628,1.571,1.51,1.518,1.684,1.622,1.566,1.557,1.52
"62","54","      Motor vehicle dealers","RAT55X3",NA,NA,NA,NA,NA,NA,NA,NA,NA,NA,NA,NA,NA,NA,NA,NA,NA,NA,NA,NA,NA,NA,NA,NA,NA,NA,NA,NA,NA,NA,NA,NA,NA,NA,NA,NA,NA,NA,NA,NA,NA,NA,NA,NA,NA,NA,NA,NA,NA,NA,NA,NA,NA,NA,NA,NA,NA,NA,NA,NA,NA,NA,NA,NA,NA,NA,NA,NA,NA,NA,NA,NA,NA,NA,NA,NA,NA,NA,NA,NA,NA,NA,NA,NA,NA,NA,NA,NA,NA,NA,NA,NA,NA,NA,NA,NA,NA,NA,NA,NA,NA,NA,NA,NA,NA,NA,NA,NA,NA,NA,NA,NA,NA,NA,NA,NA,NA,NA,NA,NA,NA,NA,NA,NA,NA,NA,NA,NA,NA,NA,NA,NA,NA,NA,NA,NA,NA,NA,NA,NA,NA,NA,NA,NA,NA,NA,NA,NA,NA,NA,NA,NA,NA,NA,NA,NA,NA,NA,NA,NA,NA,NA,NA,NA,NA,NA,NA,NA,1.78,1.678,1.6,1.792,1.886,1.936,1.974,1.762,1.807,1.947,1.968,1.947,1.975,1.724,1.743,1.74,1.624,1.91,1.95,1.955,1.884,1.801,1.543,1.609,1.643,1.677,1.545,1.587,1.532,1.467,1.474,1.646,1.574,1.512,1.511,1.476
"63","55","      Auto & home supply stores","RAT5533",NA,NA,NA,NA,NA,NA,NA,NA,NA,NA,NA,NA,NA,NA,NA,NA,NA,NA,NA,NA,NA,NA,NA,NA,NA,NA,NA,NA,NA,NA,NA,NA,NA,NA,NA,NA,NA,NA,NA,NA,NA,NA,NA,NA,NA,NA,NA,NA,NA,NA,NA,NA,NA,NA,NA,NA,NA,NA,NA,NA,NA,NA,NA,NA,NA,NA,NA,NA,NA,NA,NA,NA,NA,NA,NA,NA,NA,NA,NA,NA,NA,NA,NA,NA,NA,NA,NA,NA,NA,NA,NA,NA,NA,NA,NA,NA,NA,NA,NA,NA,NA,NA,NA,NA,NA,NA,NA,NA,NA,NA,NA,NA,NA,NA,NA,NA,NA,NA,NA,NA,NA,NA,NA,NA,NA,NA,NA,NA,NA,NA,NA,NA,NA,NA,NA,NA,NA,NA,NA,NA,NA,NA,NA,NA,NA,NA,NA,NA,NA,NA,NA,NA,NA,NA,NA,NA,NA,NA,NA,NA,NA,NA,NA,NA,NA,NA,NA,NA,2.257,2.222,2.245,2.309,2.434,2.381,2.278,2.242,2.236,2.268,2.349,2.289,2.334,2.293,2.463,2.159,2.162,2.167,2.167,2.088,2.037,2.03,2.059,2.106,2.115,2.016,2.018,2.121,2.03,2.021,2.029,2.113,2.171,2.195,2.095,2.049
"64","56","     Lumber & building stores","RAT523",2.111,2.204,2.174,2.228,2.193,2.139,2.151,2.117,2.124,2.117,2.166,2.067,2.12,2.034,1.974,1.986,1.969,1.953,1.964,1.961,1.978,1.952,1.897,1.931,1.892,1.876,1.917,1.846,1.853,1.868,1.858,1.872,1.867,1.849,1.878,1.848,1.901,1.836,1.815,1.803,1.689,1.743,1.724,1.733,1.668,1.665,1.744,1.734,1.778,1.852,1.881,1.784,1.817,1.774,1.799,1.766,1.799,1.773,1.753,1.777,1.756,1.777,1.756,1.765,1.796,1.787,1.775,1.78,1.744,1.74,1.81,1.812,1.741,1.777,1.842,1.934,1.923,1.953,2.056,2.098,2.138,2.177,2.186,1.938,2.243,2.097,2.025,2.048,2.036,2.019,1.952,1.992,2.023,1.884,1.94,1.997,1.955,2.006,2.06,1.989,1.882,1.965,1.929,1.914,1.891,1.912,1.878,1.822,1.865,1.813,1.843,1.812,1.806,1.776,1.845,1.871,1.897,1.943,1.904,1.8,1.945,1.832,1.792,1.765,1.785,1.812,1.78,1.788,1.788,1.759,1.793,1.877,1.933,1.86,1.811,1.847,1.721,1.717,1.709,1.67,1.684,1.668,1.661,1.67,1.774,1.815,1.633,1.668,1.642,1.612,1.643,1.595,1.635,1.627,1.653,1.652,1.643,1.704,1.843,1.888,1.878,1.934,1.919,1.895,1.855,1.838,1.778,1.813,1.778,1.753,1.84,1.875,1.965,1.966,1.996,2.011,2.01,2.1,2.076,2.12,2.095,2.054,1.993,1.989,1.932,1.997,1.985,2.001,1.933,1.915,1.953,1.933,1.906,1.95,1.914,1.872,1.802,1.791,1.788,1.829,1.859,1.808,1.841,1.878
"65","57","     Furniture & furnishings","RAT573",2.915,2.907,2.889,2.871,2.928,2.925,2.974,2.839,2.829,2.786,2.73,2.741,2.81,2.812,2.786,2.864,2.832,2.827,2.72,2.613,2.667,2.734,2.723,2.768,2.806,2.722,2.797,2.803,2.742,2.675,2.809,2.861,2.797,2.825,2.885,2.795,2.761,2.82,2.856,2.785,2.793,2.863,2.837,2.821,2.852,2.83,2.808,2.85,2.907,2.869,2.793,2.858,2.874,2.827,2.834,2.795,2.801,2.719,2.72,2.612,2.602,2.66,2.683,2.744,2.769,2.759,2.756,2.751,2.824,2.704,2.727,2.849,2.747,2.628,2.709,2.678,2.757,2.766,2.748,2.708,2.693,2.744,2.702,2.721,2.705,2.739,2.687,2.756,2.702,2.811,2.786,2.804,2.788,2.905,3.033,3.045,2.869,2.886,2.876,2.781,2.767,2.723,2.775,2.814,2.792,2.75,2.732,2.785,2.721,2.698,2.724,2.709,2.747,2.74,2.761,2.72,2.764,2.774,2.801,2.709,2.769,2.722,2.667,2.669,2.646,2.671,2.594,2.604,2.638,2.579,2.583,2.655,2.832,2.781,2.776,2.731,2.725,2.767,2.825,2.829,2.822,2.829,2.756,2.802,2.84,2.812,2.823,2.797,2.767,2.703,2.689,2.631,2.728,2.673,2.767,2.807,2.728,2.784,2.85,2.928,2.941,2.98,2.855,2.875,2.855,2.824,2.761,2.774,2.696,2.783,2.814,2.853,2.872,2.848,2.91,2.848,2.808,2.918,2.94,3.013,3.114,2.996,2.956,2.913,2.924,2.9,2.875,2.941,2.971,2.926,2.845,2.763,2.837,2.881,2.82,2.798,2.789,2.784,2.697,2.689,2.715,2.659,2.665,2.623
"66","58","     Other durable goods","RAT59X3",2.962,3.125,3.213,3.193,3.109,2.964,2.96,2.94,2.784,2.798,2.762,2.807,3.052,3.061,2.716,2.709,2.786,2.877,2.805,2.863,2.921,3,2.863,2.944,2.926,2.905,2.985,3.014,3.094,3.194,3.281,3.343,3.426,3.408,3.432,3.3,3.38,3.356,3.36,3.391,3.196,3.191,3.064,3.006,2.982,3.005,3.018,3.018,3.079,3.131,3.107,3.151,3.166,3.017,3.08,2.989,3.025,2.956,3.054,2.983,3.001,2.927,2.855,2.756,2.825,2.815,2.852,2.972,2.862,2.837,2.879,2.988,2.93,2.861,2.808,2.935,2.934,2.988,2.91,2.947,2.906,2.896,2.924,3.387,2.744,2.902,3.086,3.121,3.18,3.251,3.263,3.264,3.399,3.619,3.604,3.768,3.629,3.7,3.755,3.717,3.612,3.471,3.45,3.362,3.413,3.388,3.363,3.362,3.213,3.409,3.421,3.482,3.538,3.584,3.635,3.567,3.635,3.643,3.839,3.858,3.884,3.771,3.745,3.693,3.758,3.872,3.97,3.913,3.89,3.832,3.693,3.633,4.05,3.885,3.907,3.8,3.85,3.688,3.494,3.566,3.58,3.521,3.326,3.139,3.552,3.483,3.419,3.393,3.311,3.294,3.319,3.275,3.103,3.211,3.164,3.149,3.17,3.043,3.167,3.183,3.228,3.155,3.083,3.059,3.126,2.997,2.95,2.907,3.042,3.054,2.994,2.998,2.987,3.044,2.975,3.166,3.242,3.347,3.422,3.458,3.287,3.219,3.328,3.321,3.313,3.262,3.211,3.238,3.298,3.358,3.342,3.373,3.371,3.403,3.261,3.187,3.301,3.322,3.244,3.184,3.041,2.981,3.047,3.169
"67","59","    Nondurable goods","RAT5RN3",0.818,0.812,0.81,0.826,0.827,0.803,0.811,0.817,0.785,0.8,0.799,0.781,0.811,0.802,0.793,0.791,0.802,0.783,0.781,0.779,0.792,0.806,0.785,0.8,0.792,0.799,0.802,0.803,0.809,0.82,0.821,0.817,0.823,0.815,0.824,0.822,0.809,0.814,0.815,0.819,0.808,0.812,0.811,0.817,0.81,0.806,0.825,0.81,0.818,0.816,0.84,0.83,0.834,0.83,0.829,0.839,0.84,0.844,0.835,0.847,0.863,0.858,0.84,0.852,0.853,0.851,0.854,0.857,0.847,0.852,0.856,0.852,0.859,0.857,0.856,0.867,0.874,0.865,0.859,0.877,0.86,0.864,0.872,0.904,0.9,0.894,0.904,0.895,0.904,0.907,0.904,0.884,0.897,0.896,0.891,0.899,0.864,0.865,0.854,0.847,0.807,0.813,0.818,0.801,0.803,0.83,0.817,0.805,0.8,0.832,0.826,0.823,0.835,0.825,0.813,0.818,0.818,0.806,0.802,0.799,0.815,0.8,0.806,0.802,0.811,0.813,0.797,0.806,0.807,0.795,0.788,0.803,0.816,0.797,0.805,0.815,0.823,0.825,0.837,0.841,0.823,0.83,0.829,0.82,0.823,0.817,0.809,0.82,0.821,0.818,0.837,0.823,0.815,0.829,0.813,0.823,0.829,0.834,0.841,0.859,0.862,0.862,0.868,0.853,0.874,0.876,0.87,0.861,0.86,0.874,0.885,0.876,0.88,0.882,0.899,0.902,0.916,0.92,0.939,0.931,0.93,0.916,0.931,0.925,0.924,0.939,0.923,0.926,0.929,0.921,0.931,0.918,0.914,0.909,0.909,0.913,0.92,0.919,0.919,0.929,0.928,0.923,0.925,0.936
"68","60","     Food stores","RAT543",0.512,0.505,0.505,0.5,0.517,0.499,0.501,0.514,0.49,0.502,0.515,0.494,0.517,0.513,0.494,0.5,0.505,0.486,0.488,0.486,0.495,0.503,0.482,0.5,0.501,0.493,0.5,0.501,0.497,0.51,0.504,0.499,0.503,0.488,0.493,0.502,0.474,0.488,0.487,0.484,0.482,0.481,0.478,0.477,0.471,0.471,0.484,0.472,0.478,0.479,0.497,0.488,0.497,0.506,0.499,0.514,0.511,0.509,0.519,0.514,0.529,0.519,0.508,0.504,0.509,0.499,0.507,0.517,0.502,0.518,0.512,0.504,0.507,0.504,0.499,0.513,0.515,0.512,0.501,0.524,0.524,0.529,0.527,0.537,0.537,0.538,0.555,0.546,0.551,0.552,0.553,0.521,0.533,0.534,0.529,0.558,0.527,0.535,0.525,0.525,0.498,0.512,0.514,0.509,0.515,0.512,0.509,0.518,0.498,0.524,0.517,0.51,0.515,0.514,0.511,0.521,0.518,0.513,0.531,0.507,0.523,0.51,0.513,0.511,0.52,0.52,0.512,0.515,0.512,0.51,0.494,0.514,0.509,0.504,0.506,0.506,0.515,0.518,0.523,0.524,0.515,0.519,0.512,0.505,0.511,0.512,0.512,0.524,0.511,0.492,0.523,0.518,0.515,0.526,0.514,0.523,0.519,0.516,0.519,0.529,0.536,0.542,0.545,0.537,0.54,0.546,0.554,0.551,0.547,0.566,0.579,0.576,0.573,0.568,0.582,0.584,0.598,0.589,0.594,0.591,0.594,0.597,0.6,0.593,0.59,0.596,0.584,0.584,0.583,0.58,0.59,0.589,0.593,0.586,0.59,0.588,0.597,0.594,0.599,0.607,0.617,0.611,0.606,0.608
"69","61","     Apparel stores","RAT563",2.384,2.479,2.291,2.391,2.373,2.281,2.354,2.38,2.236,2.393,2.346,2.26,2.309,2.276,2.253,2.209,2.243,2.249,2.231,2.234,2.316,2.369,2.262,2.325,2.291,2.351,2.393,2.387,2.422,2.466,2.461,2.452,2.443,2.388,2.493,2.437,2.576,2.434,2.469,2.518,2.478,2.434,2.406,2.413,2.409,2.357,2.421,2.34,2.344,2.304,2.416,2.316,2.357,2.341,2.362,2.373,2.387,2.44,2.347,2.348,2.458,2.485,2.386,2.494,2.396,2.425,2.482,2.439,2.426,2.334,2.386,2.371,2.307,2.342,2.339,2.373,2.445,2.419,2.427,2.484,2.387,2.436,2.454,2.53,2.499,2.475,2.54,2.447,2.489,2.513,2.446,2.513,2.525,2.575,2.633,2.614,2.471,2.47,2.457,2.492,2.334,2.312,2.339,2.238,2.274,2.342,2.323,2.227,2.282,2.336,2.365,2.348,2.397,2.365,2.33,2.374,2.395,2.333,2.311,2.256,2.373,2.278,2.351,2.396,2.411,2.469,2.435,2.415,2.419,2.375,2.384,2.502,2.567,2.524,2.408,2.465,2.51,2.519,2.601,2.592,2.538,2.575,2.551,2.501,2.526,2.569,2.477,2.564,2.574,2.575,2.496,2.421,2.453,2.452,2.418,2.492,2.413,2.457,2.473,2.393,2.433,2.39,2.425,2.336,2.441,2.384,2.406,2.372,2.248,2.281,2.29,2.3,2.359,2.333,2.367,2.369,2.372,2.397,2.516,2.489,2.475,2.346,2.461,2.467,2.493,2.565,2.394,2.455,2.465,2.409,2.38,2.36,2.344,2.309,2.283,2.255,2.236,2.264,2.266,2.299,2.35,2.331,2.286,2.332
"70","62","     Department stores","RAT5313",1.442,1.439,1.42,1.561,1.422,1.383,1.507,1.454,1.41,1.45,1.455,1.467,1.444,1.46,1.479,1.453,1.454,1.442,1.423,1.42,1.386,1.447,1.412,1.464,1.428,1.455,1.436,1.457,1.477,1.478,1.491,1.469,1.485,1.5,1.527,1.477,1.505,1.523,1.541,1.537,1.53,1.571,1.601,1.647,1.657,1.625,1.661,1.623,1.643,1.623,1.654,1.627,1.676,1.583,1.631,1.587,1.595,1.641,1.564,1.635,1.68,1.652,1.648,1.734,1.665,1.693,1.657,1.646,1.623,1.606,1.671,1.665,1.659,1.665,1.648,1.648,1.64,1.616,1.63,1.651,1.601,1.57,1.499,1.693,1.701,1.72,1.699,1.714,1.728,1.801,1.751,1.783,1.804,1.806,1.821,1.748,1.619,1.567,1.596,1.572,1.476,1.491,1.524,1.522,1.512,1.673,1.604,1.536,1.603,1.621,1.629,1.646,1.762,1.631,1.643,1.614,1.599,1.576,1.567,1.613,1.632,1.606,1.558,1.543,1.573,1.564,1.482,1.503,1.494,1.474,1.466,1.446,1.502,1.414,1.486,1.52,1.513,1.508,1.535,1.529,1.506,1.511,1.528,1.486,1.509,1.523,1.518,1.502,1.519,1.534,1.532,1.532,1.519,1.49,1.515,1.592,1.634,1.639,1.726,1.768,1.765,1.816,1.807,1.795,1.848,1.834,1.862,1.873,1.874,1.846,1.859,1.836,1.91,1.891,1.938,1.96,2.002,2.059,2.065,2.046,2.062,2.029,2.033,2.029,2.002,2.04,2.002,2.034,2.034,2.054,2.058,1.969,1.979,2.049,2.023,2.06,2.052,2.022,2.072,2.065,2.042,2.014,2.024,2.03
"71","63","     Other general mdse stores","RAT53X3",1.339,1.156,1.132,1.195,1.129,1.065,1.075,1.086,1.027,1.042,1.065,1.001,1.081,1.071,1.079,1.068,1.115,1.137,1.108,1.14,1.231,1.24,1.257,1.269,1.184,1.244,1.299,1.282,1.354,1.353,1.357,1.34,1.386,1.402,1.441,1.455,1.428,1.452,1.407,1.44,1.345,1.381,1.417,1.425,1.357,1.373,1.455,1.364,1.421,1.472,1.556,1.561,1.594,1.593,1.606,1.627,1.663,1.69,1.669,1.831,1.739,1.741,1.765,1.779,1.774,1.807,1.814,1.84,1.824,1.737,1.848,1.846,1.931,1.953,1.939,1.944,1.988,1.89,1.886,1.868,1.834,1.919,2.004,2.124,2.06,2.004,1.985,1.97,2.005,2.029,2.051,2.025,1.955,1.939,1.819,1.815,1.688,1.628,1.621,1.597,1.376,1.398,1.412,1.325,1.293,1.476,1.335,1.321,1.336,1.386,1.413,1.492,1.551,1.539,1.458,1.434,1.493,1.389,1.301,1.481,1.486,1.433,1.367,1.377,1.459,1.509,1.47,1.561,1.523,1.489,1.438,1.476,1.528,1.523,1.503,1.51,1.493,1.442,1.528,1.602,1.554,1.559,1.653,1.574,1.667,1.606,1.621,1.637,1.65,1.666,1.668,1.631,1.609,1.708,1.628,1.685,1.706,1.773,1.802,1.864,1.83,1.741,1.703,1.624,1.715,1.728,1.703,1.543,1.507,1.571,1.604,1.537,1.519,1.59,1.6,1.577,1.639,1.616,1.613,1.622,1.726,1.651,1.66,1.621,1.615,1.735,1.752,1.708,1.699,1.659,1.62,1.661,1.734,1.668,1.727,1.744,1.753,1.703,1.682,1.71,1.666,1.656,1.684,1.672
"72","64","     Other nondurable goods","RAT5Y3",0.727,0.729,0.751,0.752,0.769,0.759,0.746,0.746,0.723,0.722,0.706,0.7,0.74,0.721,0.72,0.716,0.732,0.707,0.702,0.703,0.714,0.715,0.709,0.702,0.705,0.707,0.703,0.699,0.703,0.707,0.715,0.714,0.723,0.719,0.718,0.711,0.703,0.707,0.707,0.718,0.708,0.712,0.705,0.71,0.703,0.701,0.71,0.712,0.712,0.71,0.72,0.717,0.7,0.698,0.695,0.703,0.7,0.698,0.687,0.688,0.693,0.695,0.672,0.68,0.694,0.69,0.688,0.687,0.689,0.698,0.686,0.688,0.696,0.684,0.691,0.696,0.706,0.699,0.695,0.699,0.688,0.684,0.712,0.705,0.69,0.684,0.686,0.68,0.685,0.678,0.684,0.67,0.686,0.683,0.686,0.697,0.701,0.713,0.695,0.683,0.664,0.659,0.659,0.64,0.635,0.643,0.643,0.633,0.624,0.651,0.64,0.632,0.628,0.631,0.617,0.621,0.624,0.62,0.605,0.606,0.61,0.602,0.618,0.611,0.608,0.605,0.597,0.604,0.613,0.596,0.594,0.602,0.615,0.602,0.611,0.611,0.617,0.618,0.618,0.622,0.604,0.609,0.607,0.612,0.604,0.591,0.574,0.581,0.585,0.596,0.609,0.592,0.584,0.605,0.584,0.569,0.578,0.586,0.583,0.603,0.602,0.594,0.601,0.587,0.603,0.603,0.58,0.574,0.585,0.589,0.594,0.584,0.579,0.579,0.587,0.586,0.588,0.588,0.612,0.607,0.594,0.583,0.6,0.601,0.602,0.607,0.601,0.598,0.608,0.598,0.612,0.598,0.588,0.582,0.582,0.582,0.588,0.587,0.58,0.587,0.578,0.575,0.581,0.597
"73",NA,NA,NA,NA,NA,NA,NA,NA,NA,NA,NA,NA,NA,NA,NA,NA,NA,NA,NA,NA,NA,NA,NA,NA,NA,NA,NA,NA,NA,NA,NA,NA,NA,NA,NA,NA,NA,NA,NA,NA,NA,NA,NA,NA,NA,NA,NA,NA,NA,NA,NA,NA,NA,NA,NA,NA,NA,NA,NA,NA,NA,NA,NA,NA,NA,NA,NA,NA,NA,NA,NA,NA,NA,NA,NA,NA,NA,NA,NA,NA,NA,NA,NA,NA,NA,NA,NA,NA,NA,NA,NA,NA,NA,NA,NA,NA,NA,NA,NA,NA,NA,NA,NA,NA,NA,NA,NA,NA,NA,NA,NA,NA,NA,NA,NA,NA,NA,NA,NA,NA,NA,NA,NA,NA,NA,NA,NA,NA,NA,NA,NA,NA,NA,NA,NA,NA,NA,NA,NA,NA,NA,NA,NA,NA,NA,NA,NA,NA,NA,NA,NA,NA,NA,NA,NA,NA,NA,NA,NA,NA,NA,NA,NA,NA,NA,NA,NA,NA,NA,NA,NA,NA,NA,NA,NA,NA,NA,NA,NA,NA,NA,NA,NA,NA,NA,NA,NA,NA,NA,NA,NA,NA,NA,NA,NA,NA,NA,NA,NA,NA,NA,NA,NA,NA,NA,NA,NA
"74",NA,NA,NA,NA,NA,NA,NA,NA,NA,NA,NA,NA,NA,NA,NA,NA,NA,NA,NA,NA,NA,NA,NA,NA,NA,NA,NA,NA,NA,NA,NA,NA,NA,NA,NA,NA,NA,NA,NA,NA,NA,NA,NA,NA,NA,NA,NA,NA,NA,NA,NA,NA,NA,NA,NA,NA,NA,NA,NA,NA,NA,NA,NA,NA,NA,NA,NA,NA,NA,NA,NA,NA,NA,NA,NA,NA,NA,NA,NA,NA,NA,NA,NA,NA,NA,NA,NA,NA,NA,NA,NA,NA,NA,NA,NA,NA,NA,NA,NA,NA,NA,NA,NA,NA,NA,NA,NA,NA,NA,NA,NA,NA,NA,NA,NA,NA,NA,NA,NA,NA,NA,NA,NA,NA,NA,NA,NA,NA,NA,NA,NA,NA,NA,NA,NA,NA,NA,NA,NA,NA,NA,NA,NA,NA,NA,NA,NA,NA,NA,NA,NA,NA,NA,NA,NA,NA,NA,NA,NA,NA,NA,NA,NA,NA,NA,NA,NA,NA,NA,NA,NA,NA,NA,NA,NA,NA,NA,NA,NA,NA,NA,NA,NA,NA,NA,NA,NA,NA,NA,NA,NA,NA,NA,NA,NA,NA,NA,NA,NA,NA,NA,NA,NA,NA,NA,NA,NA
"75",NA,NA,NA,NA,NA,NA,NA,NA,NA,NA,NA,NA,NA,NA,NA,NA,NA,NA,NA,NA,NA,NA,NA,NA,NA,NA,NA,NA,NA,NA,NA,NA,NA,NA,NA,NA,NA,NA,NA,NA,NA,NA,NA,NA,NA,NA,NA,NA,NA,NA,NA,NA,NA,NA,NA,NA,NA,NA,NA,NA,NA,NA,NA,NA,NA,NA,NA,NA,NA,NA,NA,NA,NA,NA,NA,NA,NA,NA,NA,NA,NA,NA,NA,NA,NA,NA,NA,NA,NA,NA,NA,NA,NA,NA,NA,NA,NA,NA,NA,NA,NA,NA,NA,NA,NA,NA,NA,NA,NA,NA,NA,NA,NA,NA,NA,NA,NA,NA,NA,NA,NA,NA,NA,NA,NA,NA,NA,NA,NA,NA,NA,NA,NA,NA,NA,NA,NA,NA,NA,NA,NA,NA,NA,NA,NA,NA,NA,NA,NA,NA,NA,NA,NA,NA,NA,NA,NA,NA,NA,NA,NA,NA,NA,NA,NA,NA,NA,NA,NA,NA,NA,NA,NA,NA,NA,NA,NA,NA,NA,NA,NA,NA,NA,NA,NA,NA,NA,NA,NA,NA,NA,NA,NA,NA,NA,NA,NA,NA,NA,NA,NA,NA,NA,NA,NA,NA,NA
"76",NA,NA,NA,NA,NA,NA,NA,NA,NA,NA,NA,NA,NA,NA,NA,NA,NA,NA,NA,NA,NA,NA,NA,NA,NA,NA,NA,NA,NA,NA,NA,NA,NA,NA,NA,NA,NA,NA,NA,NA,NA,NA,NA,NA,NA,NA,NA,NA,NA,NA,NA,NA,NA,NA,NA,NA,NA,NA,NA,NA,NA,NA,NA,NA,NA,NA,NA,NA,NA,NA,NA,NA,NA,NA,NA,NA,NA,NA,NA,NA,NA,NA,NA,NA,NA,NA,NA,NA,NA,NA,NA,NA,NA,NA,NA,NA,NA,NA,NA,NA,NA,NA,NA,NA,NA,NA,NA,NA,NA,NA,NA,NA,NA,NA,NA,NA,NA,NA,NA,NA,NA,NA,NA,NA,NA,NA,NA,NA,NA,NA,NA,NA,NA,NA,NA,NA,NA,NA,NA,NA,NA,NA,NA,NA,NA,NA,NA,NA,NA,NA,NA,NA,NA,NA,NA,NA,NA,NA,NA,NA,NA,NA,NA,NA,NA,NA,NA,NA,NA,NA,NA,NA,NA,NA,NA,NA,NA,NA,NA,NA,NA,NA,NA,NA,NA,NA,NA,NA,NA,NA,NA,NA,NA,NA,NA,NA,NA,NA,NA,NA,NA,NA,NA,NA,NA,NA,NA
"77","Line",NA,NA,1984,1984,1984,1984,1984,1984,1984,1984,1984,1984,1984,1984,1985,1985,1985,1985,1985,1985,1985,1985,1985,1985,1985,1985,1986,1986,1986,1986,1986,1986,1986,1986,1986,1986,1986,1986,1987,1987,1987,1987,1987,1987,1987,1987,1987,1987,1987,1987,1988,1988,1988,1988,1988,1988,1988,1988,1988,1988,1988,1988,1989,1989,1989,1989,1989,1989,1989,1989,1989,1989,1989,1989,1990,1990,1990,1990,1990,1990,1990,1990,1990,1990,1990,1990,1991,1991,1991,1991,1991,1991,1991,1991,1991,1991,1991,1991,1992,1992,1992,1992,1992,1992,1992,1992,1992,1992,1992,1992,1993,1993,1993,1993,1993,1993,1993,1993,1993,1993,1993,1993,1994,1994,1994,1994,1994,1994,1994,1994,1994,1994,1994,1994,1995,1995,1995,1995,1995,1995,1995,1995,1995,1995,1995,1995,1996,1996,1996,1996,1996,1996,1996,1996,1996,1996,1996,1996,NA,NA,NA,NA,NA,NA,NA,NA,NA,NA,NA,NA,NA,NA,NA,NA,NA,NA,NA,NA,NA,NA,NA,NA,NA,NA,NA,NA,NA,NA,NA,NA,NA,NA,NA,NA,NA,NA,NA,NA,NA,NA,NA,NA,NA,NA,NA,NA
"78",NA,NA,NA,1,2,3,4,5,6,7,8,9,10,11,12,1,2,3,4,5,6,7,8,9,10,11,12,1,2,3,4,5,6,7,8,9,10,11,12,1,2,3,4,5,6,7,8,9,10,11,12,1,2,3,4,5,6,7,8,9,10,11,12,1,2,3,4,5,6,7,8,9,10,11,12,1,2,3,4,5,6,7,8,9,10,11,12,1,2,3,4,5,6,7,8,9,10,11,12,1,2,3,4,5,6,7,8,9,10,11,12,1,2,3,4,5,6,7,8,9,10,11,12,1,2,3,4,5,6,7,8,9,10,11,12,1,2,3,4,5,6,7,8,9,10,11,12,1,2,3,4,5,6,7,8,9,10,11,12,NA,NA,NA,NA,NA,NA,NA,NA,NA,NA,NA,NA,NA,NA,NA,NA,NA,NA,NA,NA,NA,NA,NA,NA,NA,NA,NA,NA,NA,NA,NA,NA,NA,NA,NA,NA,NA,NA,NA,NA,NA,NA,NA,NA,NA,NA,NA,NA
"79","1"," Manufacturing & trade","RATM&T3",1.378,1.395,1.41,1.418,1.422,1.414,1.433,1.451,1.459,1.464,1.457,1.46,1.462,1.463,1.448,1.454,1.436,1.465,1.467,1.444,1.437,1.456,1.451,1.461,1.44,1.455,1.46,1.437,1.449,1.442,1.437,1.434,1.396,1.419,1.424,1.388,1.44,1.394,1.401,1.41,1.419,1.415,1.401,1.406,1.396,1.409,1.422,1.42,1.424,1.415,1.396,1.407,1.405,1.401,1.408,1.415,1.414,1.405,1.404,1.397,1.403,1.426,1.438,1.429,1.442,1.453,1.474,1.439,1.448,1.467,1.462,1.456,1.464,1.443,1.441,1.463,1.461,1.457,1.472,1.457,1.488,1.495,1.516,1.526,1.541,1.53,1.528,1.497,1.478,1.483,1.463,1.468,1.468,1.47,1.476,1.5,1.468,1.461,1.457,1.45,1.46,1.451,1.434,1.461,1.44,1.434,1.434,1.417,1.417,1.425,1.443,1.44,1.439,1.43,1.436,1.43,1.424,1.417,1.416,1.411,1.412,1.405,1.383,1.393,1.403,1.397,1.41,1.384,1.393,1.39,1.384,1.382,1.387,1.398,1.406,1.423,1.416,1.409,1.43,1.403,1.409,1.415,1.404,1.395,1.416,1.403,1.397,1.392,1.381,1.387,1.383,1.38,1.378,1.374,1.367,1.377,NA,NA,NA,NA,NA,NA,NA,NA,NA,NA,NA,NA,NA,NA,NA,NA,NA,NA,NA,NA,NA,NA,NA,NA,NA,NA,NA,NA,NA,NA,NA,NA,NA,NA,NA,NA,NA,NA,NA,NA,NA,NA,NA,NA,NA,NA,NA,NA
"80","2"," Manufacturing","RATM3",1.468,1.483,1.495,1.507,1.532,1.54,1.545,1.553,1.589,1.576,1.57,1.558,1.564,1.558,1.536,1.556,1.534,1.556,1.547,1.528,1.536,1.521,1.504,1.533,1.485,1.501,1.523,1.487,1.505,1.497,1.498,1.492,1.481,1.477,1.49,1.457,1.467,1.427,1.424,1.439,1.448,1.433,1.414,1.454,1.422,1.423,1.427,1.428,1.435,1.432,1.411,1.419,1.423,1.41,1.422,1.426,1.421,1.429,1.428,1.41,1.417,1.435,1.458,1.453,1.474,1.491,1.532,1.492,1.505,1.528,1.518,1.508,1.552,1.504,1.491,1.526,1.512,1.507,1.522,1.5,1.537,1.532,1.575,1.596,1.589,1.598,1.625,1.564,1.535,1.55,1.511,1.506,1.509,1.494,1.502,1.551,1.513,1.499,1.487,1.466,1.484,1.459,1.447,1.493,1.468,1.463,1.453,1.413,1.432,1.421,1.416,1.44,1.454,1.43,1.458,1.451,1.43,1.426,1.412,1.397,1.404,1.401,1.38,1.394,1.39,1.379,1.398,1.364,1.375,1.379,1.352,1.343,1.35,1.357,1.361,1.393,1.388,1.381,1.414,1.372,1.379,1.387,1.377,1.38,1.408,1.393,1.404,1.378,1.358,1.375,1.366,1.364,1.367,1.37,1.356,1.371,NA,NA,NA,NA,NA,NA,NA,NA,NA,NA,NA,NA,NA,NA,NA,NA,NA,NA,NA,NA,NA,NA,NA,NA,NA,NA,NA,NA,NA,NA,NA,NA,NA,NA,NA,NA,NA,NA,NA,NA,NA,NA,NA,NA,NA,NA,NA,NA
"81","3","  Durable goods","RATMD3",1.851,1.861,1.893,1.922,1.934,1.934,1.942,1.942,2.012,1.98,1.967,1.971,1.988,1.99,1.959,1.98,1.939,1.969,1.954,1.92,1.927,1.904,1.887,1.921,1.856,1.874,1.92,1.855,1.892,1.869,1.86,1.883,1.866,1.851,1.884,1.814,1.847,1.778,1.775,1.804,1.82,1.794,1.767,1.82,1.764,1.765,1.769,1.767,1.79,1.776,1.741,1.749,1.744,1.725,1.74,1.751,1.729,1.744,1.748,1.726,1.742,1.78,1.817,1.798,1.83,1.86,1.927,1.845,1.86,1.915,1.888,1.877,1.98,1.868,1.856,1.918,1.867,1.86,1.883,1.876,1.932,1.91,2,2.024,2.016,2.028,2.099,1.967,1.924,1.941,1.872,1.867,1.864,1.839,1.843,1.948,1.871,1.831,1.815,1.786,1.797,1.764,1.742,1.787,1.772,1.74,1.728,1.679,1.709,1.687,1.678,1.707,1.716,1.69,1.747,1.724,1.695,1.678,1.653,1.631,1.649,1.646,1.619,1.631,1.628,1.616,1.632,1.583,1.606,1.607,1.566,1.566,1.559,1.57,1.563,1.61,1.593,1.586,1.639,1.57,1.572,1.587,1.577,1.575,1.618,1.596,1.619,1.578,1.537,1.559,1.563,1.552,1.543,1.561,1.539,1.559,NA,NA,NA,NA,NA,NA,NA,NA,NA,NA,NA,NA,NA,NA,NA,NA,NA,NA,NA,NA,NA,NA,NA,NA,NA,NA,NA,NA,NA,NA,NA,NA,NA,NA,NA,NA,NA,NA,NA,NA,NA,NA,NA,NA,NA,NA,NA,NA
"82","4","   Lumber & wood products","RAT243",1.444,1.314,1.366,1.371,1.38,1.346,1.385,1.347,1.373,1.368,1.338,1.32,1.45,1.394,1.338,1.34,1.287,1.346,1.397,1.356,1.339,1.387,1.434,1.48,1.269,1.333,1.322,1.292,1.359,1.342,1.3,1.362,1.354,1.3,1.32,1.407,1.291,1.215,1.29,1.306,1.324,1.264,1.188,1.176,1.168,1.105,1.128,1.117,1.305,1.26,1.244,1.211,1.252,1.242,1.282,1.283,1.21,1.227,1.235,1.117,1.188,1.215,1.218,1.246,1.23,1.253,1.312,1.24,1.25,1.256,1.236,1.218,1.176,1.166,1.215,1.231,1.204,1.22,1.252,1.265,1.354,1.32,1.34,1.386,1.381,1.388,1.403,1.291,1.225,1.242,1.262,1.233,1.246,1.227,1.234,1.275,1.19,1.21,1.173,1.217,1.232,1.186,1.182,1.171,1.146,1.16,1.156,1.127,1.139,1.106,1.173,1.241,1.221,1.205,1.195,1.196,1.217,1.204,1.182,1.185,1.261,1.236,1.245,1.237,1.193,1.212,1.201,1.194,1.204,1.156,1.144,1.141,1.125,1.134,1.139,1.171,1.176,1.157,1.204,1.152,1.164,1.21,1.225,1.255,1.263,1.277,1.232,1.16,1.18,1.168,1.178,1.159,1.194,1.153,1.179,1.198,NA,NA,NA,NA,NA,NA,NA,NA,NA,NA,NA,NA,NA,NA,NA,NA,NA,NA,NA,NA,NA,NA,NA,NA,NA,NA,NA,NA,NA,NA,NA,NA,NA,NA,NA,NA,NA,NA,NA,NA,NA,NA,NA,NA,NA,NA,NA,NA
"83","5","   Furniture & fixtures","RAT253",1.646,1.635,1.613,1.719,1.652,1.648,1.674,1.667,1.68,1.616,1.716,1.705,1.769,1.722,1.72,1.719,1.73,1.68,1.696,1.741,1.726,1.703,1.657,1.7,1.661,1.679,1.671,1.622,1.613,1.618,1.632,1.594,1.528,1.568,1.56,1.611,1.596,1.565,1.573,1.595,1.618,1.593,1.57,1.633,1.61,1.584,1.596,1.577,1.682,1.648,1.673,1.685,1.705,1.701,1.735,1.753,1.68,1.751,1.639,1.736,1.674,1.656,1.647,1.643,1.644,1.641,1.734,1.619,1.706,1.655,1.673,1.648,1.657,1.676,1.665,1.698,1.698,1.695,1.66,1.673,1.658,1.682,1.747,1.748,1.738,1.78,1.857,1.687,1.685,1.704,1.673,1.66,1.671,1.648,1.643,1.709,1.644,1.609,1.589,1.566,1.572,1.582,1.485,1.522,1.561,1.541,1.549,1.536,1.523,1.515,1.548,1.563,1.561,1.559,1.54,1.546,1.546,1.549,1.509,1.474,1.509,1.533,1.511,1.526,1.537,1.497,1.533,1.536,1.508,1.521,1.527,1.525,1.456,1.501,1.529,1.541,1.523,1.485,1.519,1.465,1.454,1.468,1.481,1.482,1.49,1.511,1.44,1.446,1.406,1.416,1.439,1.426,1.386,1.39,1.357,1.446,NA,NA,NA,NA,NA,NA,NA,NA,NA,NA,NA,NA,NA,NA,NA,NA,NA,NA,NA,NA,NA,NA,NA,NA,NA,NA,NA,NA,NA,NA,NA,NA,NA,NA,NA,NA,NA,NA,NA,NA,NA,NA,NA,NA,NA,NA,NA,NA
"84","6","   Stone clay glass prod.","RAT323",1.392,1.333,1.402,1.428,1.439,1.46,1.45,1.451,1.5,1.476,1.468,1.444,1.517,1.512,1.511,1.481,1.488,1.508,1.495,1.481,1.483,1.467,1.465,1.451,1.348,1.414,1.41,1.384,1.394,1.408,1.41,1.461,1.385,1.389,1.419,1.424,1.395,1.322,1.351,1.361,1.381,1.418,1.358,1.453,1.36,1.247,1.354,1.336,1.371,1.343,1.33,1.338,1.346,1.344,1.361,1.343,1.342,1.368,1.326,1.322,1.32,1.365,1.422,1.361,1.42,1.409,1.476,1.43,1.454,1.415,1.42,1.397,1.376,1.359,1.361,1.41,1.382,1.409,1.419,1.425,1.477,1.495,1.507,1.552,1.587,1.607,1.625,1.583,1.547,1.533,1.475,1.513,1.511,1.539,1.554,1.607,1.542,1.564,1.499,1.503,1.487,1.469,1.427,1.48,1.447,1.431,1.505,1.498,1.548,1.46,1.49,1.443,1.441,1.414,1.454,1.431,1.317,1.374,1.348,1.334,1.386,1.374,1.294,1.307,1.317,1.284,1.324,1.283,1.295,1.327,1.287,1.273,1.287,1.294,1.327,1.457,1.398,1.392,1.419,1.375,1.393,1.372,1.339,1.331,1.299,1.365,1.33,1.31,1.248,1.259,1.256,1.267,1.285,1.243,1.267,1.346,NA,NA,NA,NA,NA,NA,NA,NA,NA,NA,NA,NA,NA,NA,NA,NA,NA,NA,NA,NA,NA,NA,NA,NA,NA,NA,NA,NA,NA,NA,NA,NA,NA,NA,NA,NA,NA,NA,NA,NA,NA,NA,NA,NA,NA,NA,NA,NA
"85","7","   Primary metals","RAT333",2.112,2.097,2.126,2.206,2.275,2.217,2.243,2.242,2.367,2.235,2.242,2.318,2.203,2.174,2.205,2.141,2.113,2.122,2.08,2.032,2.083,2.092,2.043,2.043,1.966,1.965,1.956,1.925,1.965,2.017,2.034,2.011,1.917,1.897,1.969,1.969,1.987,1.835,1.817,1.798,1.772,1.719,1.672,1.724,1.672,1.705,1.646,1.597,1.76,1.742,1.664,1.7,1.657,1.587,1.662,1.642,1.636,1.681,1.666,1.665,1.691,1.708,1.753,1.762,1.806,1.794,1.83,1.815,1.84,1.858,1.874,1.887,1.837,1.827,1.795,1.823,1.804,1.798,1.768,1.812,1.865,1.804,1.854,1.84,1.877,1.957,2.063,1.927,1.909,1.939,1.86,1.833,1.819,1.805,1.833,1.88,1.789,1.773,1.826,1.779,1.764,1.771,1.761,1.806,1.807,1.767,1.743,1.744,1.714,1.701,1.693,1.697,1.744,1.664,1.752,1.751,1.703,1.732,1.671,1.669,1.696,1.673,1.654,1.645,1.615,1.61,1.647,1.578,1.592,1.6,1.593,1.526,1.575,1.617,1.586,1.653,1.609,1.623,1.685,1.626,1.62,1.599,1.599,1.586,1.605,1.597,1.595,1.565,1.543,1.614,1.541,1.54,1.576,1.55,1.539,1.559,NA,NA,NA,NA,NA,NA,NA,NA,NA,NA,NA,NA,NA,NA,NA,NA,NA,NA,NA,NA,NA,NA,NA,NA,NA,NA,NA,NA,NA,NA,NA,NA,NA,NA,NA,NA,NA,NA,NA,NA,NA,NA,NA,NA,NA,NA,NA,NA
"86","8","   Fabricated metals","RAT343",1.691,1.714,1.752,1.751,1.772,1.765,1.72,1.751,1.798,1.796,1.745,1.783,1.745,1.78,1.756,1.763,1.71,1.736,1.643,1.642,1.659,1.692,1.682,1.741,1.717,1.739,1.804,1.739,1.759,1.733,1.743,1.741,1.725,1.711,1.725,1.722,1.748,1.669,1.697,1.704,1.731,1.704,1.68,1.727,1.737,1.772,1.705,1.729,1.711,1.701,1.684,1.706,1.686,1.615,1.693,1.732,1.734,1.731,1.697,1.695,1.684,1.701,1.731,1.749,1.782,1.792,1.836,1.801,1.805,1.815,1.81,1.808,1.876,1.805,1.76,1.797,1.719,1.745,1.737,1.771,1.774,1.786,1.868,1.808,1.851,1.895,1.892,1.839,1.814,1.8,1.762,1.737,1.749,1.701,1.722,1.775,1.781,1.753,1.765,1.732,1.759,1.712,1.726,1.746,1.725,1.716,1.719,1.624,1.672,1.66,1.638,1.658,1.651,1.61,1.668,1.677,1.639,1.62,1.592,1.559,1.568,1.576,1.507,1.534,1.537,1.545,1.574,1.541,1.541,1.563,1.52,1.55,1.503,1.534,1.554,1.593,1.588,1.604,1.604,1.575,1.574,1.565,1.573,1.541,1.544,1.575,1.587,1.525,1.493,1.51,1.534,1.52,1.526,1.541,1.526,1.575,NA,NA,NA,NA,NA,NA,NA,NA,NA,NA,NA,NA,NA,NA,NA,NA,NA,NA,NA,NA,NA,NA,NA,NA,NA,NA,NA,NA,NA,NA,NA,NA,NA,NA,NA,NA,NA,NA,NA,NA,NA,NA,NA,NA,NA,NA,NA,NA
"87","9","   Industrial machinery","RAT353",2.625,2.596,2.608,2.594,2.511,2.56,2.541,2.566,2.522,2.498,2.498,2.548,2.597,2.562,2.449,2.524,2.451,2.465,2.476,2.442,2.428,2.368,2.283,2.332,2.284,2.274,2.302,2.224,2.33,2.228,2.352,2.357,2.346,2.385,2.348,2.292,2.25,2.256,2.278,2.249,2.265,2.237,2.103,2.203,2.103,2.093,2.12,2.097,2.095,2.088,2.069,2.045,2.036,2.033,2.024,2.012,2.036,2.058,2.069,2.082,2.102,2.089,2.13,2.079,2.063,2.071,2.159,2.12,2.135,2.148,2.124,2.122,2.119,2.117,2.062,2.142,2.131,2.148,2.144,2.082,2.117,2.054,2.123,2.124,2.181,2.202,2.263,2.197,2.197,2.171,2.152,2.157,2.147,2.083,2.102,2.17,2.066,2.081,2.026,1.995,2.042,1.938,1.959,2.006,2.022,1.995,1.995,1.93,1.9,1.918,1.849,1.903,1.894,1.923,1.9,1.92,1.875,1.894,1.831,1.815,1.9,1.849,1.872,1.863,1.831,1.865,1.83,1.81,1.837,1.798,1.805,1.791,1.823,1.788,1.806,1.781,1.775,1.805,1.827,1.768,1.779,1.76,1.769,1.769,1.817,1.733,1.767,1.777,1.742,1.71,1.73,1.7,1.671,1.685,1.679,1.616,NA,NA,NA,NA,NA,NA,NA,NA,NA,NA,NA,NA,NA,NA,NA,NA,NA,NA,NA,NA,NA,NA,NA,NA,NA,NA,NA,NA,NA,NA,NA,NA,NA,NA,NA,NA,NA,NA,NA,NA,NA,NA,NA,NA,NA,NA,NA,NA
"88","10","   Electronic machinery","RAT363",1.837,1.884,1.859,1.889,1.837,1.869,1.9,1.887,1.961,1.967,2,1.917,2.021,2.028,2.029,2.033,1.997,2.013,2.001,1.997,2.035,1.911,1.854,1.942,1.933,1.903,1.923,1.906,1.93,1.929,1.911,1.935,1.9,1.877,1.905,1.837,1.869,1.838,1.844,1.843,1.866,1.806,1.789,1.807,1.786,1.799,1.779,1.788,1.751,1.744,1.718,1.731,1.7,1.675,1.684,1.664,1.649,1.687,1.708,1.704,1.643,1.711,1.692,1.676,1.697,1.723,1.761,1.723,1.761,1.788,1.782,1.788,1.79,1.748,1.775,1.8,1.748,1.769,1.778,1.774,1.807,1.765,1.802,1.812,1.774,1.77,1.779,1.754,1.698,1.703,1.709,1.678,1.674,1.673,1.631,1.65,1.631,1.642,1.631,1.601,1.59,1.619,1.525,1.606,1.558,1.514,1.556,1.531,1.596,1.554,1.553,1.571,1.575,1.531,1.555,1.539,1.52,1.537,1.521,1.52,1.48,1.481,1.496,1.461,1.485,1.479,1.475,1.469,1.501,1.488,1.463,1.501,1.469,1.521,1.497,1.51,1.485,1.46,1.502,1.451,1.468,1.504,1.469,1.484,1.515,1.508,1.475,1.482,1.477,1.481,1.482,1.506,1.488,1.463,1.426,1.461,NA,NA,NA,NA,NA,NA,NA,NA,NA,NA,NA,NA,NA,NA,NA,NA,NA,NA,NA,NA,NA,NA,NA,NA,NA,NA,NA,NA,NA,NA,NA,NA,NA,NA,NA,NA,NA,NA,NA,NA,NA,NA,NA,NA,NA,NA,NA,NA
"89","11","   Transportation equipment","RAT373",1.738,1.799,1.878,1.93,2.021,1.971,2.001,1.97,2.145,2.078,2.016,2.016,2.003,2.025,1.97,2.026,1.986,2.044,2.027,1.949,1.931,1.918,1.957,1.969,1.887,1.946,2.077,1.928,1.952,1.937,1.825,1.887,1.908,1.859,1.941,1.723,1.87,1.759,1.725,1.822,1.837,1.833,1.873,1.946,1.845,1.85,1.882,1.904,1.878,1.875,1.829,1.878,1.859,1.901,1.875,1.912,1.877,1.837,1.879,1.803,1.841,1.914,1.99,1.917,2.028,2.108,2.24,2.009,2.003,2.227,2.118,2.113,2.655,2.142,2.103,2.245,2.154,2.051,2.174,2.143,2.273,2.29,2.545,2.696,2.585,2.557,2.77,2.401,2.283,2.351,2.137,2.179,2.123,2.108,2.116,2.397,2.233,2.059,2.049,1.989,1.977,1.951,1.908,1.958,1.97,1.886,1.804,1.735,1.796,1.772,1.759,1.793,1.827,1.798,1.991,1.885,1.871,1.743,1.772,1.706,1.693,1.715,1.641,1.717,1.733,1.668,1.724,1.596,1.642,1.674,1.55,1.567,1.562,1.534,1.511,1.611,1.612,1.551,1.665,1.555,1.51,1.554,1.526,1.52,1.621,1.56,1.684,1.541,1.452,1.529,1.54,1.504,1.462,1.566,1.533,1.575,NA,NA,NA,NA,NA,NA,NA,NA,NA,NA,NA,NA,NA,NA,NA,NA,NA,NA,NA,NA,NA,NA,NA,NA,NA,NA,NA,NA,NA,NA,NA,NA,NA,NA,NA,NA,NA,NA,NA,NA,NA,NA,NA,NA,NA,NA,NA,NA
"90","12","     Motor vehicles","RAT3713",0.64,0.658,0.671,0.692,0.731,0.706,0.686,0.671,0.768,0.714,0.681,0.679,0.677,0.706,0.684,0.707,0.675,0.713,0.7,0.696,0.651,0.673,0.664,0.699,0.635,0.682,0.708,0.653,0.69,0.65,0.631,0.642,0.628,0.652,0.706,0.598,0.628,0.579,0.595,0.628,0.637,0.643,0.658,0.663,0.648,0.632,0.633,0.668,0.663,0.639,0.615,0.616,0.603,0.603,0.583,0.618,0.583,0.573,0.58,0.539,0.546,0.57,0.606,0.565,0.621,0.645,0.717,0.615,0.611,0.674,0.603,0.595,0.874,0.61,0.583,0.634,0.605,0.57,0.621,0.609,0.65,0.638,0.755,0.904,0.813,0.842,0.913,0.75,0.69,0.713,0.614,0.659,0.636,0.647,0.665,0.743,0.699,0.654,0.656,0.639,0.627,0.646,0.615,0.649,0.697,0.65,0.623,0.582,0.587,0.586,0.581,0.599,0.618,0.607,0.627,0.658,0.619,0.588,0.576,0.572,0.557,0.561,0.556,0.558,0.569,0.563,0.585,0.538,0.567,0.573,0.545,0.54,0.557,0.559,0.543,0.593,0.597,0.584,0.619,0.57,0.547,0.56,0.579,0.575,0.591,0.584,0.668,0.578,0.555,0.569,0.558,0.568,0.552,0.584,0.563,0.6,NA,NA,NA,NA,NA,NA,NA,NA,NA,NA,NA,NA,NA,NA,NA,NA,NA,NA,NA,NA,NA,NA,NA,NA,NA,NA,NA,NA,NA,NA,NA,NA,NA,NA,NA,NA,NA,NA,NA,NA,NA,NA,NA,NA,NA,NA,NA,NA
"91","13","     Other","RAT37X3",3.666,3.789,4.024,3.995,4.122,4.027,4.362,4.266,4.244,4.436,4.373,4.381,4.245,4.114,4.028,4.126,4.224,4.163,4.215,3.889,4.178,3.897,4.127,3.879,4.023,3.904,4.219,3.978,3.788,3.977,3.6,3.792,3.946,3.519,3.538,3.444,3.805,3.755,3.494,3.633,3.654,3.602,3.61,3.844,3.545,3.702,3.828,3.657,3.587,3.705,3.612,3.817,3.775,3.968,3.953,3.873,3.986,3.83,3.988,4.019,4.239,4.289,4.237,4.294,4.267,4.301,4.453,4.187,4.074,4.54,4.635,4.48,4.577,4.336,4.378,4.57,4.465,4.281,4.433,4.298,4.465,4.61,4.714,4.498,4.709,4.429,4.733,4.373,4.297,4.431,4.335,4.202,4.125,4.043,4.011,4.642,4.246,3.891,3.935,3.881,3.998,3.784,3.819,3.965,3.776,3.739,3.582,3.535,3.819,3.737,3.765,3.81,3.785,3.778,4.499,3.849,4.175,3.869,4.201,3.979,4.074,4.264,3.818,4.302,4.411,4.067,4.355,4.045,4.093,4.191,3.893,4.222,3.957,3.847,3.899,3.943,3.977,3.757,4.126,4.007,3.944,4.161,3.774,3.843,4.517,4.095,3.941,4.015,3.587,3.856,4.256,3.714,3.591,3.937,3.78,3.649,NA,NA,NA,NA,NA,NA,NA,NA,NA,NA,NA,NA,NA,NA,NA,NA,NA,NA,NA,NA,NA,NA,NA,NA,NA,NA,NA,NA,NA,NA,NA,NA,NA,NA,NA,NA,NA,NA,NA,NA,NA,NA,NA,NA,NA,NA,NA,NA
"92","14","   Instruments","RAT383",1.581,1.626,1.584,1.59,1.602,1.662,1.668,1.691,1.714,1.744,1.739,1.711,1.73,1.717,1.769,1.77,1.74,1.794,1.788,1.773,1.828,1.804,1.789,1.807,1.753,1.758,1.792,1.793,1.813,1.803,1.794,1.789,1.806,1.774,1.805,1.802,1.81,1.749,1.706,1.744,1.761,1.736,1.753,1.771,1.747,1.779,1.775,1.773,1.827,1.777,1.707,1.658,1.725,1.625,1.614,1.663,1.597,1.674,1.684,1.662,1.728,1.788,1.82,1.907,1.855,1.912,1.919,1.858,1.85,1.856,1.85,1.761,1.778,1.797,1.846,1.858,1.792,1.854,1.81,1.831,1.85,1.812,1.823,1.823,1.79,1.784,1.824,1.722,1.73,1.767,1.739,1.705,1.776,1.732,1.733,1.822,1.833,1.806,1.765,1.765,1.822,1.771,1.826,1.845,1.779,1.813,1.798,1.76,1.814,1.806,1.791,1.823,1.798,1.768,1.764,1.756,1.743,1.769,1.697,1.71,1.735,1.745,1.75,1.717,1.728,1.725,1.722,1.707,1.703,1.729,1.72,1.695,1.658,1.709,1.703,1.759,1.705,1.782,1.851,1.758,1.823,1.87,1.852,1.835,1.891,1.894,1.916,1.943,1.881,1.901,1.916,1.912,1.965,1.969,1.876,1.895,NA,NA,NA,NA,NA,NA,NA,NA,NA,NA,NA,NA,NA,NA,NA,NA,NA,NA,NA,NA,NA,NA,NA,NA,NA,NA,NA,NA,NA,NA,NA,NA,NA,NA,NA,NA,NA,NA,NA,NA,NA,NA,NA,NA,NA,NA,NA,NA
"93","15","   Other manufacturing","RAT393",1.825,1.792,1.967,1.967,1.991,2.028,1.988,2.07,2.169,2.075,2.185,2.373,2.162,2.331,2.242,2.281,2.211,2.221,2.352,2.282,2.281,2.313,2.31,2.315,2.252,2.159,2.133,2.189,2.164,1.939,2.169,2.106,2.052,2.185,2.175,2.136,2.189,2.254,2.114,2.18,2.203,2.132,2.127,2.161,2.032,2.137,2.143,2.17,1.975,2.073,2.061,1.954,2.03,2.041,2.041,2.078,1.992,1.966,1.932,1.967,2.001,1.965,2.019,1.955,1.97,2.045,2.051,2.103,2.141,2.089,2.083,2.072,2.015,2.005,2.083,2.149,2.042,2.066,2.075,2.018,2.102,2.05,2.103,2.048,2.05,2.011,2.055,1.974,1.979,2.029,1.909,1.869,2.015,1.995,2.012,2.186,2.023,2.096,2.098,2.106,2.217,2.082,2.096,2.168,2.047,2.081,2.099,2.025,1.999,1.941,1.993,2.055,2.117,2.052,2.011,2.05,1.968,2.053,1.997,2.042,2.059,2.114,2.03,2.041,1.926,1.943,1.971,1.935,1.93,1.858,1.862,1.815,1.737,1.833,1.761,1.77,1.746,1.757,1.752,1.646,1.781,1.695,1.697,1.72,1.721,1.723,1.685,1.704,1.72,1.701,1.639,1.713,1.732,1.744,1.742,1.713,NA,NA,NA,NA,NA,NA,NA,NA,NA,NA,NA,NA,NA,NA,NA,NA,NA,NA,NA,NA,NA,NA,NA,NA,NA,NA,NA,NA,NA,NA,NA,NA,NA,NA,NA,NA,NA,NA,NA,NA,NA,NA,NA,NA,NA,NA,NA,NA
"94","16","  Nondurable goods","RATMN3",1.09,1.107,1.103,1.103,1.133,1.145,1.145,1.154,1.165,1.162,1.157,1.133,1.126,1.119,1.106,1.124,1.116,1.129,1.125,1.117,1.126,1.121,1.107,1.135,1.1,1.116,1.12,1.11,1.112,1.117,1.128,1.104,1.094,1.101,1.1,1.099,1.095,1.078,1.075,1.077,1.082,1.074,1.063,1.092,1.077,1.078,1.081,1.085,1.079,1.084,1.076,1.082,1.092,1.085,1.093,1.092,1.097,1.1,1.095,1.077,1.074,1.076,1.087,1.092,1.103,1.111,1.132,1.123,1.135,1.135,1.136,1.126,1.129,1.124,1.114,1.125,1.137,1.137,1.146,1.116,1.138,1.142,1.152,1.172,1.169,1.177,1.178,1.167,1.15,1.162,1.146,1.143,1.15,1.145,1.157,1.169,1.159,1.166,1.158,1.147,1.17,1.152,1.149,1.195,1.165,1.182,1.174,1.145,1.158,1.152,1.15,1.17,1.187,1.165,1.17,1.175,1.159,1.165,1.159,1.149,1.145,1.142,1.128,1.142,1.138,1.126,1.15,1.126,1.128,1.134,1.12,1.102,1.121,1.125,1.138,1.155,1.16,1.155,1.169,1.15,1.161,1.159,1.151,1.156,1.169,1.161,1.16,1.148,1.146,1.157,1.137,1.141,1.155,1.144,1.138,1.148,NA,NA,NA,NA,NA,NA,NA,NA,NA,NA,NA,NA,NA,NA,NA,NA,NA,NA,NA,NA,NA,NA,NA,NA,NA,NA,NA,NA,NA,NA,NA,NA,NA,NA,NA,NA,NA,NA,NA,NA,NA,NA,NA,NA,NA,NA,NA,NA
"95","17","   Food and kindred product","RAT203",0.926,0.946,0.932,0.912,0.946,0.935,0.933,0.929,0.93,0.896,0.91,0.894,0.892,0.898,0.886,0.907,0.884,0.907,0.904,0.906,0.902,0.923,0.881,0.912,0.878,0.893,0.898,0.893,0.877,0.882,0.904,0.892,0.867,0.873,0.875,0.876,0.865,0.861,0.865,0.862,0.897,0.896,0.87,0.888,0.885,0.887,0.884,0.879,0.86,0.875,0.869,0.866,0.873,0.874,0.862,0.868,0.861,0.87,0.865,0.875,0.853,0.86,0.857,0.876,0.866,0.879,0.904,0.879,0.904,0.887,0.9,0.917,0.903,0.903,0.903,0.916,0.922,0.921,0.936,0.935,0.949,0.936,0.932,0.93,0.958,0.946,0.941,0.946,0.921,0.922,0.912,0.913,0.932,0.929,0.929,0.937,0.942,0.937,0.939,0.906,0.935,0.952,0.95,0.967,0.939,0.953,0.938,0.946,0.941,0.945,0.93,0.929,0.958,0.935,0.933,0.914,0.911,0.921,0.918,0.913,0.928,0.905,0.903,0.947,0.948,0.918,0.947,0.934,0.926,0.928,0.913,0.874,0.926,0.923,0.93,0.922,0.931,0.918,0.928,0.909,0.909,0.923,0.926,0.924,0.921,0.936,0.939,0.932,0.933,0.955,0.934,0.94,0.955,0.941,0.941,0.96,NA,NA,NA,NA,NA,NA,NA,NA,NA,NA,NA,NA,NA,NA,NA,NA,NA,NA,NA,NA,NA,NA,NA,NA,NA,NA,NA,NA,NA,NA,NA,NA,NA,NA,NA,NA,NA,NA,NA,NA,NA,NA,NA,NA,NA,NA,NA,NA
"96","18","   Tobacco products","RAT213",2.565,2.593,2.637,2.469,2.614,2.824,2.35,2.594,2.914,2.75,3.137,2.816,2.558,2.626,2.691,2.674,2.617,2.572,2.765,2.706,2.719,2.726,2.719,2.524,3.207,2.668,2.628,2.602,2.661,2.435,2.606,2.573,2.84,2.878,2.649,2.542,3.068,2.589,2.663,2.717,2.588,2.528,2.601,2.582,2.374,2.603,2.344,2.37,2.662,2.54,2.419,2.45,2.225,2.365,2.469,2.48,2.269,2.462,2.339,2.404,2.366,2.391,2.278,2.163,2.435,2.536,2.744,2.615,2.561,2.411,2.64,2.609,2.58,2.571,2.659,2.061,2.448,2.831,2.532,2.403,2.595,2.346,2.389,3.216,2.828,2.887,2.803,2.933,2.598,2.78,3.138,2.954,2.778,2.716,2.523,2.989,3.12,3.061,2.804,3.24,3.508,2.146,2.937,4.128,2.244,3.253,3.017,2.508,3.509,3.646,3.05,4.234,3.796,3.553,3.594,4.17,2.759,3.109,3.166,2.713,2.327,2.327,3.129,2.241,2.7,2.842,2.63,2.384,2.553,2.272,2.403,2.407,2.267,2.235,2.351,2.117,2.153,2.308,2.296,2.388,2.477,2.326,2.208,2.338,2.31,2.302,2.284,2.187,2.369,2.285,2.152,2.184,2.306,2.248,2.393,2.246,NA,NA,NA,NA,NA,NA,NA,NA,NA,NA,NA,NA,NA,NA,NA,NA,NA,NA,NA,NA,NA,NA,NA,NA,NA,NA,NA,NA,NA,NA,NA,NA,NA,NA,NA,NA,NA,NA,NA,NA,NA,NA,NA,NA,NA,NA,NA,NA
"97","19","   Textile mill products","RAT223",1.458,1.484,1.511,1.508,1.555,1.603,1.639,1.647,1.643,1.685,1.658,1.621,1.636,1.647,1.581,1.584,1.54,1.54,1.531,1.514,1.528,1.522,1.519,1.555,1.471,1.518,1.568,1.549,1.587,1.568,1.533,1.471,1.486,1.454,1.471,1.464,1.468,1.45,1.468,1.481,1.47,1.441,1.414,1.477,1.469,1.494,1.493,1.53,1.53,1.516,1.506,1.484,1.497,1.516,1.545,1.533,1.47,1.578,1.512,1.41,1.425,1.419,1.429,1.465,1.483,1.505,1.523,1.516,1.527,1.521,1.488,1.58,1.481,1.498,1.503,1.527,1.517,1.548,1.583,1.564,1.621,1.61,1.599,1.596,1.648,1.652,1.617,1.56,1.542,1.519,1.485,1.477,1.492,1.462,1.471,1.491,1.486,1.499,1.479,1.445,1.488,1.474,1.478,1.506,1.477,1.497,1.494,1.436,1.4,1.436,1.505,1.472,1.482,1.463,1.458,1.459,1.495,1.469,1.488,1.52,1.548,1.511,1.509,1.512,1.491,1.472,1.493,1.47,1.466,1.458,1.479,1.438,1.436,1.455,1.467,1.488,1.494,1.507,1.525,1.491,1.5,1.524,1.507,1.524,1.558,1.507,1.483,1.496,1.462,1.395,1.445,1.467,1.457,1.481,1.474,1.443,NA,NA,NA,NA,NA,NA,NA,NA,NA,NA,NA,NA,NA,NA,NA,NA,NA,NA,NA,NA,NA,NA,NA,NA,NA,NA,NA,NA,NA,NA,NA,NA,NA,NA,NA,NA,NA,NA,NA,NA,NA,NA,NA,NA,NA,NA,NA,NA
"98","20","   Apparel products","RAT233",1.415,1.489,1.493,1.539,1.556,1.628,1.636,1.67,1.694,1.753,1.713,1.577,1.731,1.663,1.613,1.635,1.645,1.688,1.656,1.513,1.665,1.55,1.574,1.61,1.638,1.624,1.663,1.664,1.632,1.596,1.638,1.649,1.655,1.751,1.637,1.648,1.632,1.608,1.587,1.577,1.574,1.578,1.586,1.558,1.549,1.608,1.602,1.642,1.645,1.624,1.676,1.696,1.714,1.575,1.677,1.736,1.714,1.687,1.803,1.634,1.626,1.623,1.602,1.581,1.645,1.616,1.689,1.666,1.66,1.689,1.737,1.708,1.732,1.757,1.714,1.72,1.632,1.64,1.628,1.625,1.675,1.595,1.604,1.634,1.614,1.604,1.612,1.574,1.599,1.563,1.516,1.539,1.553,1.574,1.571,1.606,1.633,1.663,1.67,1.662,1.652,1.636,1.576,1.669,1.644,1.645,1.616,1.606,1.562,1.62,1.678,1.741,1.737,1.723,1.823,1.774,1.789,1.819,1.752,1.849,1.782,1.77,1.69,1.722,1.695,1.757,1.731,1.741,1.717,1.714,1.777,1.744,1.731,1.784,1.833,1.834,1.834,1.788,1.834,1.818,1.808,1.786,1.828,1.798,1.897,1.789,1.726,1.689,1.663,1.671,1.643,1.598,1.631,1.598,1.484,1.545,NA,NA,NA,NA,NA,NA,NA,NA,NA,NA,NA,NA,NA,NA,NA,NA,NA,NA,NA,NA,NA,NA,NA,NA,NA,NA,NA,NA,NA,NA,NA,NA,NA,NA,NA,NA,NA,NA,NA,NA,NA,NA,NA,NA,NA,NA,NA,NA
"99","21","   Paper & allied products","RAT263",1.043,1.054,1.048,1.076,1.068,1.061,1.101,1.124,1.14,1.157,1.167,1.146,1.186,1.166,1.169,1.181,1.141,1.161,1.146,1.152,1.156,1.173,1.108,1.175,1.122,1.12,1.139,1.116,1.129,1.127,1.139,1.136,1.116,1.129,1.147,1.135,1.158,1.132,1.157,1.159,1.161,1.147,1.105,1.149,1.123,1.117,1.11,1.11,1.118,1.107,1.104,1.1,1.097,1.094,1.104,1.103,1.116,1.122,1.124,1.104,1.091,1.101,1.1,1.097,1.115,1.138,1.161,1.195,1.184,1.185,1.177,1.212,1.194,1.187,1.17,1.183,1.17,1.205,1.186,1.172,1.185,1.167,1.173,1.203,1.219,1.235,1.266,1.24,1.234,1.201,1.192,1.171,1.18,1.186,1.222,1.225,1.229,1.225,1.227,1.24,1.267,1.236,1.215,1.236,1.24,1.251,1.261,1.2,1.225,1.235,1.226,1.222,1.216,1.216,1.204,1.224,1.176,1.208,1.19,1.195,1.203,1.186,1.181,1.192,1.176,1.178,1.172,1.139,1.147,1.134,1.122,1.124,1.106,1.105,1.123,1.15,1.141,1.167,1.219,1.198,1.225,1.242,1.238,1.254,1.263,1.254,1.262,1.232,1.214,1.224,1.207,1.222,1.227,1.216,1.204,1.197,NA,NA,NA,NA,NA,NA,NA,NA,NA,NA,NA,NA,NA,NA,NA,NA,NA,NA,NA,NA,NA,NA,NA,NA,NA,NA,NA,NA,NA,NA,NA,NA,NA,NA,NA,NA,NA,NA,NA,NA,NA,NA,NA,NA,NA,NA,NA,NA
"100","22","   Printing & publishing","RAT273",0.788,0.786,0.791,0.768,0.785,0.794,0.787,0.8,0.813,0.806,0.814,0.818,0.771,0.824,0.79,0.814,0.791,0.801,0.804,0.817,0.801,0.829,0.799,0.795,0.787,0.798,0.762,0.805,0.79,0.753,0.822,0.771,0.756,0.766,0.767,0.766,0.777,0.765,0.762,0.768,0.769,0.754,0.748,0.762,0.773,0.755,0.769,0.767,0.756,0.781,0.77,0.787,0.798,0.803,0.793,0.804,0.811,0.814,0.808,0.813,0.83,0.806,0.834,0.813,0.826,0.832,0.834,0.815,0.825,0.835,0.834,0.837,0.81,0.815,0.815,0.806,0.826,0.819,0.859,0.85,0.835,0.855,0.859,0.858,0.862,0.872,0.881,0.89,0.873,0.897,0.876,0.861,0.857,0.848,0.846,0.841,0.87,0.863,0.846,0.838,0.832,0.817,0.8,0.873,0.855,0.822,0.828,0.806,0.842,0.808,0.802,0.81,0.824,0.829,0.82,0.844,0.826,0.802,0.82,0.824,0.808,0.813,0.814,0.822,0.786,0.792,0.807,0.787,0.799,0.827,0.812,0.823,0.825,0.836,0.858,0.856,0.862,0.86,0.871,0.86,0.859,0.853,0.85,0.834,0.85,0.849,0.826,0.814,0.818,0.829,0.816,0.815,0.808,0.845,0.843,0.828,NA,NA,NA,NA,NA,NA,NA,NA,NA,NA,NA,NA,NA,NA,NA,NA,NA,NA,NA,NA,NA,NA,NA,NA,NA,NA,NA,NA,NA,NA,NA,NA,NA,NA,NA,NA,NA,NA,NA,NA,NA,NA,NA,NA,NA,NA,NA,NA
"101","23","   CheMical & allied prod","RAT283",1.181,1.199,1.203,1.213,1.237,1.245,1.254,1.277,1.317,1.312,1.303,1.272,1.258,1.267,1.254,1.279,1.3,1.294,1.325,1.327,1.335,1.321,1.339,1.299,1.284,1.289,1.328,1.3,1.319,1.34,1.35,1.29,1.271,1.283,1.286,1.286,1.259,1.23,1.22,1.214,1.18,1.175,1.199,1.192,1.181,1.195,1.192,1.197,1.223,1.228,1.198,1.201,1.221,1.213,1.233,1.208,1.236,1.219,1.21,1.206,1.213,1.23,1.261,1.262,1.262,1.268,1.272,1.291,1.3,1.295,1.293,1.246,1.253,1.269,1.247,1.27,1.279,1.269,1.308,1.231,1.25,1.256,1.265,1.305,1.301,1.331,1.379,1.324,1.297,1.347,1.317,1.307,1.306,1.287,1.33,1.345,1.292,1.336,1.345,1.326,1.323,1.315,1.308,1.35,1.347,1.367,1.376,1.329,1.355,1.325,1.326,1.336,1.367,1.31,1.337,1.368,1.357,1.355,1.331,1.332,1.331,1.342,1.278,1.294,1.294,1.284,1.322,1.272,1.262,1.295,1.27,1.279,1.287,1.288,1.29,1.361,1.345,1.326,1.341,1.329,1.36,1.343,1.345,1.355,1.365,1.37,1.391,1.371,1.343,1.375,1.335,1.343,1.369,1.331,1.334,1.359,NA,NA,NA,NA,NA,NA,NA,NA,NA,NA,NA,NA,NA,NA,NA,NA,NA,NA,NA,NA,NA,NA,NA,NA,NA,NA,NA,NA,NA,NA,NA,NA,NA,NA,NA,NA,NA,NA,NA,NA,NA,NA,NA,NA,NA,NA,NA,NA
"102","24","   Petroleum products","RAT293",0.779,0.792,0.786,0.822,0.847,0.869,0.869,0.863,0.848,0.868,0.845,0.83,0.81,0.746,0.756,0.758,0.788,0.777,0.764,0.723,0.724,0.698,0.735,0.803,0.715,0.749,0.722,0.715,0.747,0.847,0.753,0.775,0.8,0.788,0.798,0.795,0.79,0.792,0.773,0.776,0.771,0.768,0.739,0.837,0.802,0.802,0.847,0.834,0.803,0.802,0.802,0.833,0.863,0.831,0.841,0.833,0.861,0.834,0.839,0.801,0.819,0.79,0.78,0.836,0.868,0.864,0.873,0.85,0.841,0.867,0.846,0.785,0.882,0.836,0.854,0.892,0.909,0.875,0.847,0.77,0.818,0.876,0.907,0.914,0.853,0.872,0.81,0.819,0.845,0.865,0.846,0.874,0.907,0.907,0.924,0.903,0.85,0.868,0.851,0.853,0.901,0.916,0.898,0.918,0.935,0.937,0.903,0.856,0.847,0.852,0.863,0.919,0.926,0.918,0.901,0.899,0.9,0.92,0.928,0.841,0.811,0.868,0.845,0.844,0.858,0.835,0.879,0.906,0.906,0.91,0.888,0.835,0.861,0.844,0.858,0.881,0.919,0.914,0.878,0.863,0.889,0.862,0.815,0.836,0.854,0.816,0.826,0.842,0.881,0.864,0.854,0.841,0.847,0.827,0.819,0.818,NA,NA,NA,NA,NA,NA,NA,NA,NA,NA,NA,NA,NA,NA,NA,NA,NA,NA,NA,NA,NA,NA,NA,NA,NA,NA,NA,NA,NA,NA,NA,NA,NA,NA,NA,NA,NA,NA,NA,NA,NA,NA,NA,NA,NA,NA,NA,NA
"103","25","   Rubber & plastic product","RAT303",1.4,1.411,1.394,1.369,1.429,1.455,1.435,1.43,1.429,1.452,1.37,1.356,1.347,1.364,1.384,1.394,1.368,1.429,1.335,1.406,1.409,1.363,1.321,1.41,1.395,1.439,1.448,1.387,1.403,1.361,1.401,1.365,1.322,1.321,1.331,1.321,1.297,1.25,1.231,1.261,1.278,1.266,1.296,1.339,1.289,1.26,1.24,1.288,1.272,1.26,1.267,1.279,1.275,1.302,1.306,1.281,1.294,1.301,1.287,1.252,1.254,1.294,1.36,1.306,1.3,1.301,1.335,1.349,1.379,1.397,1.38,1.312,1.356,1.322,1.236,1.286,1.336,1.294,1.275,1.291,1.326,1.336,1.39,1.424,1.417,1.427,1.464,1.42,1.404,1.405,1.361,1.361,1.337,1.327,1.365,1.384,1.333,1.313,1.292,1.283,1.306,1.293,1.259,1.3,1.312,1.298,1.309,1.293,1.274,1.236,1.257,1.283,1.277,1.268,1.291,1.279,1.263,1.266,1.246,1.242,1.26,1.25,1.214,1.215,1.2,1.192,1.231,1.199,1.223,1.227,1.19,1.192,1.21,1.242,1.248,1.279,1.273,1.281,1.315,1.249,1.243,1.247,1.231,1.253,1.285,1.25,1.25,1.225,1.205,1.223,1.219,1.227,1.248,1.249,1.237,1.267,NA,NA,NA,NA,NA,NA,NA,NA,NA,NA,NA,NA,NA,NA,NA,NA,NA,NA,NA,NA,NA,NA,NA,NA,NA,NA,NA,NA,NA,NA,NA,NA,NA,NA,NA,NA,NA,NA,NA,NA,NA,NA,NA,NA,NA,NA,NA,NA
"104","26","   Leather & leather product","RAT313",1.636,1.785,1.898,1.855,1.936,1.978,2.014,1.973,1.99,2.023,2.079,2.081,2.031,1.89,1.922,2.113,1.981,1.858,1.895,1.849,1.8,1.885,1.977,2.03,1.912,2.136,2.113,2.143,2.289,2.094,2.266,2.342,2.276,2.269,2.126,2.063,2.108,2.175,2.195,1.963,1.977,1.996,1.892,1.944,1.974,1.998,2.035,2.129,2.037,1.979,2.137,2.084,2.134,2.167,2.225,2.274,2.405,2.451,2.38,1.815,2.247,2.273,2.506,2.11,2.065,2.124,2.091,2.089,2.245,2.159,2.178,2.355,2.287,2.193,2.047,2.151,2.031,2.268,2.406,2.314,2.391,2.284,2.358,2.22,2.203,2.322,2.237,2.272,2.229,2.104,2.019,2.022,1.949,1.943,1.953,2.019,2.088,1.907,1.836,1.906,1.911,1.76,1.857,1.942,1.821,2.026,1.955,2.04,1.912,1.877,1.853,1.774,1.816,1.794,1.853,1.783,1.741,1.666,1.617,1.687,1.902,1.844,1.843,1.812,1.762,1.877,1.842,1.842,1.875,1.871,1.917,1.921,2.019,2.058,2.208,2.244,2.199,2.029,2.003,2.041,1.983,1.935,1.928,1.913,2.007,2.055,2.009,1.996,1.904,2.022,1.999,1.896,1.921,1.907,1.897,1.978,NA,NA,NA,NA,NA,NA,NA,NA,NA,NA,NA,NA,NA,NA,NA,NA,NA,NA,NA,NA,NA,NA,NA,NA,NA,NA,NA,NA,NA,NA,NA,NA,NA,NA,NA,NA,NA,NA,NA,NA,NA,NA,NA,NA,NA,NA,NA,NA
"105","27"," Trade total","RAT53",1.284,1.302,1.319,1.323,1.311,1.29,1.317,1.343,1.328,1.347,1.343,1.358,1.359,1.366,1.357,1.353,1.341,1.374,1.386,1.363,1.344,1.391,1.396,1.393,1.395,1.41,1.402,1.39,1.397,1.391,1.382,1.381,1.325,1.368,1.367,1.328,1.411,1.362,1.377,1.383,1.392,1.397,1.387,1.364,1.372,1.395,1.415,1.411,1.412,1.398,1.38,1.396,1.388,1.391,1.394,1.404,1.407,1.383,1.382,1.383,1.389,1.415,1.419,1.406,1.414,1.419,1.424,1.392,1.398,1.415,1.415,1.413,1.391,1.39,1.397,1.409,1.416,1.414,1.428,1.419,1.445,1.461,1.466,1.467,1.499,1.473,1.45,1.44,1.429,1.428,1.422,1.435,1.433,1.448,1.453,1.459,1.431,1.43,1.432,1.436,1.439,1.442,1.423,1.434,1.417,1.41,1.419,1.419,1.405,1.428,1.464,1.439,1.426,1.429,1.419,1.413,1.419,1.41,1.419,1.422,1.418,1.408,1.385,1.392,1.413,1.411,1.418,1.399,1.406,1.399,1.409,1.412,1.415,1.43,1.441,1.447,1.438,1.429,1.441,1.427,1.432,1.437,1.424,1.407,1.422,1.41,1.392,1.403,1.399,1.397,1.395,1.393,1.386,1.376,1.375,1.381,NA,NA,NA,NA,NA,NA,NA,NA,NA,NA,NA,NA,NA,NA,NA,NA,NA,NA,NA,NA,NA,NA,NA,NA,NA,NA,NA,NA,NA,NA,NA,NA,NA,NA,NA,NA,NA,NA,NA,NA,NA,NA,NA,NA,NA,NA,NA,NA
"106","28"," Merchant wholesale","RAT5W3",1.304,1.318,1.318,1.332,1.305,1.282,1.314,1.341,1.338,1.356,1.363,1.358,1.357,1.373,1.363,1.357,1.337,1.394,1.396,1.359,1.365,1.386,1.377,1.378,1.372,1.38,1.364,1.349,1.39,1.373,1.363,1.384,1.36,1.366,1.361,1.355,1.396,1.337,1.346,1.349,1.365,1.376,1.357,1.339,1.335,1.358,1.391,1.384,1.401,1.387,1.371,1.383,1.376,1.375,1.378,1.393,1.383,1.354,1.353,1.351,1.35,1.356,1.357,1.346,1.357,1.37,1.388,1.349,1.358,1.364,1.354,1.339,1.359,1.343,1.34,1.36,1.359,1.35,1.379,1.357,1.405,1.422,1.434,1.426,1.464,1.45,1.439,1.414,1.396,1.389,1.382,1.393,1.38,1.389,1.397,1.413,1.392,1.406,1.394,1.386,1.402,1.412,1.366,1.399,1.38,1.387,1.396,1.398,1.365,1.375,1.408,1.389,1.374,1.379,1.375,1.379,1.376,1.37,1.387,1.405,1.38,1.378,1.34,1.353,1.372,1.356,1.368,1.336,1.349,1.345,1.355,1.352,1.349,1.35,1.375,1.38,1.374,1.361,1.387,1.36,1.37,1.366,1.354,1.342,1.363,1.359,1.347,1.369,1.362,1.349,1.335,1.326,1.318,1.302,1.297,1.311,NA,NA,NA,NA,NA,NA,NA,NA,NA,NA,NA,NA,NA,NA,NA,NA,NA,NA,NA,NA,NA,NA,NA,NA,NA,NA,NA,NA,NA,NA,NA,NA,NA,NA,NA,NA,NA,NA,NA,NA,NA,NA,NA,NA,NA,NA,NA,NA
"107","29"," Wholesale less motor vehicle","RAT5WX3",1.295,1.306,1.305,1.326,1.302,1.279,1.302,1.33,1.321,1.344,1.351,1.345,1.346,1.358,1.351,1.341,1.329,1.379,1.388,1.353,1.355,1.376,1.375,1.368,1.363,1.37,1.35,1.336,1.381,1.367,1.365,1.373,1.35,1.359,1.343,1.343,1.37,1.32,1.332,1.327,1.339,1.351,1.333,1.315,1.312,1.335,1.369,1.362,1.373,1.363,1.34,1.37,1.362,1.363,1.361,1.371,1.353,1.332,1.335,1.326,1.333,1.337,1.336,1.32,1.322,1.332,1.351,1.319,1.328,1.334,1.324,1.308,1.339,1.322,1.326,1.328,1.336,1.332,1.356,1.335,1.381,1.399,1.414,1.401,1.431,1.411,1.404,1.381,1.366,1.358,1.356,1.367,1.361,1.374,1.375,1.379,1.366,1.382,1.372,1.361,1.38,1.393,1.344,1.377,1.354,1.36,1.371,1.374,1.344,1.352,1.377,1.367,1.355,1.356,1.357,1.357,1.358,1.351,1.365,1.379,1.363,1.367,1.329,1.339,1.356,1.339,1.352,1.328,1.329,1.324,1.338,1.333,1.324,1.32,1.347,1.352,1.347,1.335,1.358,1.334,1.345,1.339,1.328,1.319,1.344,1.336,1.33,1.346,1.337,1.324,1.308,1.298,1.293,1.276,1.27,1.291,NA,NA,NA,NA,NA,NA,NA,NA,NA,NA,NA,NA,NA,NA,NA,NA,NA,NA,NA,NA,NA,NA,NA,NA,NA,NA,NA,NA,NA,NA,NA,NA,NA,NA,NA,NA,NA,NA,NA,NA,NA,NA,NA,NA,NA,NA,NA,NA
"108","30","  Durable goods","RAT5WD3",1.938,1.913,1.926,1.918,1.882,1.864,1.907,1.948,1.96,1.972,1.983,2.014,1.964,2.015,1.953,1.979,1.924,2.012,2.007,1.935,1.96,1.972,1.948,1.938,1.949,1.987,1.998,1.954,2.003,1.991,1.99,2.066,2.01,2.01,2.03,1.964,2.049,1.928,1.952,1.955,1.992,1.972,1.926,1.927,1.908,1.945,1.978,1.995,2.045,2.013,1.99,1.976,1.958,1.921,1.932,1.966,1.943,1.923,1.876,1.875,1.869,1.894,1.894,1.897,1.893,1.941,1.952,1.88,1.908,1.895,1.853,1.879,1.83,1.813,1.799,1.845,1.822,1.826,1.874,1.852,1.915,1.925,1.953,1.918,1.997,1.993,1.971,1.955,1.914,1.893,1.879,1.874,1.825,1.824,1.851,1.914,1.869,1.857,1.833,1.818,1.864,1.83,1.781,1.831,1.824,1.806,1.787,1.785,1.729,1.732,1.793,1.74,1.731,1.735,1.692,1.709,1.711,1.7,1.712,1.718,1.704,1.697,1.65,1.667,1.692,1.672,1.695,1.624,1.646,1.642,1.641,1.627,1.636,1.642,1.667,1.681,1.66,1.658,1.69,1.639,1.643,1.653,1.632,1.609,1.648,1.646,1.619,1.634,1.608,1.611,1.62,1.614,1.608,1.584,1.574,1.591,NA,NA,NA,NA,NA,NA,NA,NA,NA,NA,NA,NA,NA,NA,NA,NA,NA,NA,NA,NA,NA,NA,NA,NA,NA,NA,NA,NA,NA,NA,NA,NA,NA,NA,NA,NA,NA,NA,NA,NA,NA,NA,NA,NA,NA,NA,NA,NA
"109","31","   Motor vehicles","RAT5013",1.372,1.407,1.418,1.368,1.32,1.295,1.416,1.428,1.457,1.441,1.443,1.44,1.42,1.479,1.436,1.467,1.372,1.483,1.43,1.381,1.417,1.448,1.365,1.437,1.418,1.438,1.457,1.436,1.433,1.388,1.325,1.445,1.406,1.392,1.482,1.42,1.587,1.443,1.437,1.514,1.549,1.558,1.533,1.503,1.5,1.526,1.538,1.532,1.613,1.551,1.616,1.456,1.465,1.445,1.492,1.555,1.613,1.516,1.477,1.53,1.47,1.485,1.508,1.532,1.639,1.679,1.692,1.588,1.604,1.611,1.608,1.62,1.503,1.488,1.435,1.639,1.536,1.481,1.558,1.516,1.587,1.608,1.577,1.619,1.738,1.782,1.741,1.708,1.654,1.671,1.606,1.621,1.544,1.512,1.592,1.72,1.636,1.631,1.595,1.619,1.6,1.569,1.566,1.605,1.616,1.633,1.624,1.616,1.562,1.585,1.719,1.599,1.549,1.601,1.538,1.597,1.547,1.548,1.602,1.665,1.546,1.477,1.448,1.479,1.531,1.531,1.517,1.406,1.543,1.559,1.519,1.532,1.618,1.674,1.664,1.677,1.654,1.637,1.693,1.638,1.642,1.657,1.633,1.584,1.566,1.606,1.529,1.615,1.643,1.629,1.631,1.635,1.592,1.596,1.606,1.527,NA,NA,NA,NA,NA,NA,NA,NA,NA,NA,NA,NA,NA,NA,NA,NA,NA,NA,NA,NA,NA,NA,NA,NA,NA,NA,NA,NA,NA,NA,NA,NA,NA,NA,NA,NA,NA,NA,NA,NA,NA,NA,NA,NA,NA,NA,NA,NA
"110","32","   Furniture & furnishings","RAT5023",1.462,1.465,1.451,1.422,1.335,1.54,1.438,1.515,1.59,1.665,1.555,1.749,1.71,1.718,1.692,1.615,1.599,1.59,1.686,1.662,1.693,1.757,1.68,1.661,1.8,1.729,1.757,1.667,1.594,1.439,1.577,1.59,1.603,1.598,1.684,1.804,1.766,1.813,1.762,1.93,1.977,2.035,1.92,1.88,1.71,1.827,1.893,1.818,1.795,1.715,1.828,1.942,1.937,1.904,1.936,1.905,1.956,1.818,1.728,1.689,1.753,1.773,1.766,1.737,1.759,1.863,1.797,1.747,1.728,1.842,1.754,1.778,1.691,1.633,1.808,1.754,1.657,1.552,1.546,1.57,1.614,1.636,1.698,1.742,1.699,1.814,1.723,1.716,1.665,1.851,1.772,1.706,1.742,1.671,1.711,1.843,1.714,1.71,1.654,1.763,1.759,1.693,1.767,1.75,1.699,1.719,1.631,1.608,1.63,1.649,1.719,1.661,1.65,1.659,1.643,1.649,1.684,1.686,1.79,1.759,1.767,1.72,1.721,1.751,1.801,1.735,1.663,1.626,1.627,1.592,1.621,1.57,1.587,1.622,1.547,1.622,1.607,1.76,1.719,1.706,1.703,1.709,1.679,1.65,1.683,1.683,1.687,1.626,1.571,1.562,1.58,1.603,1.591,1.586,1.517,1.536,NA,NA,NA,NA,NA,NA,NA,NA,NA,NA,NA,NA,NA,NA,NA,NA,NA,NA,NA,NA,NA,NA,NA,NA,NA,NA,NA,NA,NA,NA,NA,NA,NA,NA,NA,NA,NA,NA,NA,NA,NA,NA,NA,NA,NA,NA,NA,NA
"111","33","   Lumber & construction","RAT5033",1.162,1.085,1.123,1.157,1.125,1.082,1.082,1.091,1.087,1.109,1.131,1.147,1.154,1.14,1.093,1.089,1.074,1.101,1.061,1.114,1.102,1.132,1.128,1.104,1.087,1.118,1.184,1.142,1.119,1.236,1.165,1.194,1.16,1.127,1.12,1.069,1.061,1.04,1.021,1.048,1.098,1.032,1.003,1.022,1.031,1.039,1.028,1.056,1.241,1.128,1.084,1.074,1.109,1.079,1.095,1.102,1.084,1.075,1.089,1.034,1.043,1.106,1.139,1.14,1.155,1.15,1.135,1.09,1.092,1.07,1.066,1.156,1.063,1.06,1.063,1.114,1.09,1.075,1.101,1.097,1.122,1.182,1.156,1.288,1.263,1.174,1.198,1.166,1.112,1.134,1.145,1.127,1.149,1.129,1.106,1.204,1.136,1.119,1.14,1.147,1.145,1.151,1.154,1.148,1.127,1.125,1.156,1.129,1.151,1.074,1.236,1.208,1.202,1.176,1.151,1.145,1.133,1.13,1.056,1.029,1.102,1.094,1.066,1.038,1.045,1.082,1.051,1.065,1.051,1.049,1.067,0.983,1.056,1.092,1.095,1.09,1.092,1.072,1.104,1.055,1.098,1.057,1.083,1.071,1.08,1.072,1.055,1.064,1.046,1.05,1.052,1.042,1.074,1.034,1.037,1.062,NA,NA,NA,NA,NA,NA,NA,NA,NA,NA,NA,NA,NA,NA,NA,NA,NA,NA,NA,NA,NA,NA,NA,NA,NA,NA,NA,NA,NA,NA,NA,NA,NA,NA,NA,NA,NA,NA,NA,NA,NA,NA,NA,NA,NA,NA,NA,NA
"112","34","   Professional & commercial","RAT5043",3.247,3.25,3.369,3.361,3.272,3.402,3.398,3.554,3.634,3.588,3.671,3.726,3.759,3.757,3.699,3.792,3.953,4.095,4.124,3.884,3.987,4.013,4.003,4.08,3.929,4.063,4.001,4.003,4.314,4.573,4.601,4.908,4.764,4.682,4.894,4.027,4.252,3.923,3.907,3.935,3.75,3.441,3.593,3.667,3.677,3.752,3.692,3.752,3.892,3.79,3.838,3.762,3.427,3.511,3.555,3.44,3.393,3.477,3.189,3.312,3.387,3.381,3.339,3.253,3.246,3.198,3.2,3.085,3.127,3.096,3.107,3.067,3.227,3.197,3.105,3.195,3.178,3.25,3.32,3.311,3.308,3.384,3.392,3.137,3.298,3.262,3.172,3.176,3.144,2.945,2.848,2.89,2.667,2.66,2.718,2.751,2.705,2.695,2.591,2.326,2.517,2.5,2.306,2.447,2.455,2.313,2.27,2.234,2.092,1.992,2.108,2.005,2.077,1.997,1.974,1.941,1.952,1.882,1.908,1.951,1.939,1.97,1.917,1.979,2.028,1.987,1.966,1.884,1.889,1.883,1.813,1.76,1.71,1.719,1.706,1.711,1.637,1.624,1.649,1.603,1.565,1.547,1.549,1.522,1.523,1.458,1.448,1.419,1.353,1.375,1.347,1.366,1.388,1.345,1.323,1.361,NA,NA,NA,NA,NA,NA,NA,NA,NA,NA,NA,NA,NA,NA,NA,NA,NA,NA,NA,NA,NA,NA,NA,NA,NA,NA,NA,NA,NA,NA,NA,NA,NA,NA,NA,NA,NA,NA,NA,NA,NA,NA,NA,NA,NA,NA,NA,NA
"113","35","   Metals & minerals","RAT5053",1.874,1.84,1.787,1.788,1.879,1.869,1.965,1.912,1.857,1.869,1.933,1.918,1.851,1.935,1.906,1.811,1.721,1.779,1.751,1.776,1.689,1.726,1.737,1.751,1.746,1.738,1.752,1.724,1.758,1.704,1.66,1.736,1.643,1.608,1.583,1.607,1.624,1.497,1.485,1.522,1.547,1.539,1.428,1.406,1.462,1.506,1.516,1.52,1.526,1.546,1.502,1.586,1.746,1.673,1.64,1.699,1.527,1.691,1.611,1.574,1.571,1.656,1.622,1.611,1.52,1.595,1.704,1.56,1.84,1.623,1.544,1.729,1.654,1.596,1.631,1.553,1.451,1.479,1.622,1.62,1.634,1.623,1.639,1.585,1.679,1.647,1.665,1.624,1.67,1.598,1.593,1.595,1.581,1.528,1.563,1.555,1.577,1.628,1.609,1.649,1.611,1.658,1.54,1.548,1.601,1.677,1.526,1.533,1.487,1.556,1.571,1.568,1.545,1.588,1.611,1.669,1.66,1.704,1.679,1.677,1.668,1.608,1.585,1.592,1.551,1.583,1.593,1.553,1.558,1.589,1.639,1.626,1.65,1.676,1.685,1.676,1.699,1.691,1.7,1.688,1.657,1.624,1.585,1.607,1.588,1.574,1.681,1.574,1.518,1.597,1.589,1.576,1.633,1.612,1.581,1.635,NA,NA,NA,NA,NA,NA,NA,NA,NA,NA,NA,NA,NA,NA,NA,NA,NA,NA,NA,NA,NA,NA,NA,NA,NA,NA,NA,NA,NA,NA,NA,NA,NA,NA,NA,NA,NA,NA,NA,NA,NA,NA,NA,NA,NA,NA,NA,NA
"114","36","   Electrical goods","RAT5063",1.486,1.463,1.432,1.465,1.495,1.489,1.537,1.547,1.531,1.491,1.575,1.63,1.627,1.693,1.681,1.756,1.738,1.743,1.736,1.71,1.666,1.63,1.567,1.546,1.602,1.572,1.595,1.68,1.615,1.628,1.714,1.724,1.701,1.726,1.789,1.676,1.728,1.667,1.731,1.665,1.656,1.671,1.595,1.593,1.597,1.639,1.687,1.755,1.753,1.688,1.64,1.604,1.618,1.602,1.614,1.619,1.626,1.578,1.528,1.57,1.562,1.627,1.649,1.616,1.557,1.65,1.663,1.612,1.613,1.614,1.6,1.544,1.554,1.55,1.534,1.57,1.575,1.612,1.635,1.638,1.636,1.618,1.703,1.695,1.708,1.718,1.711,1.72,1.665,1.662,1.655,1.686,1.622,1.659,1.663,1.717,1.685,1.666,1.692,1.713,1.775,1.712,1.702,1.717,1.75,1.78,1.716,1.716,1.679,1.64,1.677,1.579,1.606,1.574,1.521,1.513,1.499,1.489,1.481,1.454,1.481,1.508,1.413,1.425,1.412,1.412,1.502,1.423,1.438,1.378,1.374,1.405,1.373,1.376,1.408,1.405,1.403,1.429,1.471,1.447,1.429,1.466,1.461,1.481,1.51,1.526,1.488,1.536,1.576,1.494,1.517,1.489,1.462,1.453,1.469,1.549,NA,NA,NA,NA,NA,NA,NA,NA,NA,NA,NA,NA,NA,NA,NA,NA,NA,NA,NA,NA,NA,NA,NA,NA,NA,NA,NA,NA,NA,NA,NA,NA,NA,NA,NA,NA,NA,NA,NA,NA,NA,NA,NA,NA,NA,NA,NA,NA
"115","37","   Hardware & plumbing","RAT5073",1.66,1.671,1.643,1.672,1.711,1.596,1.616,1.677,1.732,1.81,1.783,1.751,1.749,1.688,1.772,1.803,1.849,1.889,1.942,1.802,1.827,1.75,1.628,1.724,1.703,1.744,1.795,1.742,1.7,1.762,1.792,1.833,1.781,1.756,1.782,1.748,1.807,1.709,1.685,1.648,1.735,1.69,1.663,1.627,1.631,1.694,1.651,1.717,1.727,1.781,1.701,1.733,1.722,1.641,1.624,1.742,1.776,1.726,1.755,1.7,1.747,1.752,1.823,1.762,1.752,1.882,1.912,1.892,1.911,1.927,1.895,1.857,1.828,1.794,1.749,1.838,1.82,1.868,1.816,1.835,1.849,1.878,1.954,1.858,1.988,2.024,1.981,1.968,1.923,1.963,1.973,1.926,1.929,1.932,1.949,1.973,1.931,1.927,1.969,1.912,2.02,1.944,1.97,2.07,1.998,2.004,1.941,1.975,2.03,1.98,2.034,2.013,1.916,1.95,1.915,1.874,1.927,1.922,1.938,1.952,1.918,1.889,1.847,1.879,1.918,1.928,2.013,1.937,1.94,1.933,1.916,1.91,1.936,1.969,2.023,1.998,1.98,1.949,1.935,1.931,1.959,2.016,1.995,1.921,1.99,2.008,1.993,1.991,1.994,1.952,2.02,1.984,1.902,1.944,1.949,1.997,NA,NA,NA,NA,NA,NA,NA,NA,NA,NA,NA,NA,NA,NA,NA,NA,NA,NA,NA,NA,NA,NA,NA,NA,NA,NA,NA,NA,NA,NA,NA,NA,NA,NA,NA,NA,NA,NA,NA,NA,NA,NA,NA,NA,NA,NA,NA,NA
"116","38","   Machinery equipment","RAT5083",2.685,2.601,2.581,2.59,2.48,2.464,2.52,2.523,2.474,2.49,2.451,2.54,2.449,2.491,2.365,2.442,2.316,2.406,2.469,2.426,2.473,2.415,2.583,2.416,2.513,2.586,2.635,2.484,2.627,2.541,2.508,2.525,2.584,2.514,2.346,2.367,2.466,2.375,2.437,2.384,2.42,2.569,2.388,2.418,2.331,2.434,2.533,2.562,2.456,2.586,2.414,2.519,2.481,2.392,2.383,2.372,2.356,2.342,2.349,2.3,2.286,2.201,2.221,2.243,2.256,2.288,2.301,2.241,2.227,2.204,2.148,2.192,2.148,2.13,2.135,2.118,2.163,2.178,2.242,2.284,2.288,2.312,2.442,2.344,2.501,2.451,2.42,2.4,2.358,2.303,2.394,2.344,2.339,2.404,2.362,2.367,2.359,2.361,2.278,2.335,2.336,2.337,2.362,2.335,2.293,2.172,2.282,2.297,2.165,2.225,2.223,2.186,2.126,2.155,2.076,2.112,2.14,2.113,2.138,2.13,2.103,2.155,2.129,2.169,2.169,2.089,2.114,2.102,2.109,2.137,2.161,2.11,2.154,2.139,2.17,2.249,2.205,2.256,2.239,2.166,2.225,2.282,2.2,2.127,2.257,2.281,2.233,2.231,2.233,2.278,2.316,2.299,2.324,2.206,2.158,2.185,NA,NA,NA,NA,NA,NA,NA,NA,NA,NA,NA,NA,NA,NA,NA,NA,NA,NA,NA,NA,NA,NA,NA,NA,NA,NA,NA,NA,NA,NA,NA,NA,NA,NA,NA,NA,NA,NA,NA,NA,NA,NA,NA,NA,NA,NA,NA,NA
"117","39","   Other durable goods","RAT5093",1.247,1.226,1.335,1.285,1.207,1.135,1.085,1.226,1.319,1.403,1.379,1.397,1.256,1.351,1.238,1.26,1.236,1.383,1.371,1.176,1.267,1.327,1.29,1.217,1.259,1.339,1.249,1.164,1.317,1.284,1.364,1.378,1.279,1.399,1.337,1.475,1.442,1.344,1.457,1.366,1.543,1.432,1.473,1.486,1.417,1.327,1.425,1.381,1.407,1.352,1.381,1.448,1.319,1.307,1.301,1.376,1.286,1.285,1.284,1.285,1.311,1.364,1.311,1.368,1.295,1.308,1.277,1.291,1.276,1.361,1.26,1.274,1.302,1.333,1.328,1.226,1.292,1.318,1.297,1.173,1.42,1.348,1.317,1.241,1.248,1.253,1.281,1.305,1.29,1.298,1.289,1.305,1.301,1.332,1.385,1.431,1.417,1.358,1.355,1.307,1.449,1.345,1.225,1.354,1.33,1.346,1.33,1.345,1.315,1.419,1.338,1.41,1.434,1.444,1.414,1.461,1.513,1.519,1.522,1.509,1.517,1.505,1.444,1.416,1.5,1.433,1.509,1.369,1.299,1.314,1.358,1.403,1.337,1.265,1.382,1.384,1.39,1.321,1.393,1.291,1.32,1.317,1.3,1.296,1.423,1.411,1.366,1.443,1.321,1.35,1.362,1.368,1.316,1.341,1.351,1.321,NA,NA,NA,NA,NA,NA,NA,NA,NA,NA,NA,NA,NA,NA,NA,NA,NA,NA,NA,NA,NA,NA,NA,NA,NA,NA,NA,NA,NA,NA,NA,NA,NA,NA,NA,NA,NA,NA,NA,NA,NA,NA,NA,NA,NA,NA,NA,NA
"118","40","  Nondurable goods","RAT5WN3",0.791,0.819,0.805,0.835,0.817,0.784,0.809,0.823,0.814,0.834,0.842,0.814,0.835,0.833,0.85,0.834,0.835,0.869,0.879,0.866,0.863,0.889,0.883,0.892,0.88,0.872,0.854,0.85,0.876,0.863,0.855,0.853,0.845,0.854,0.831,0.862,0.877,0.859,0.856,0.858,0.857,0.88,0.88,0.856,0.866,0.876,0.909,0.889,0.885,0.883,0.871,0.892,0.899,0.924,0.917,0.92,0.91,0.881,0.901,0.902,0.904,0.895,0.898,0.878,0.891,0.889,0.903,0.893,0.892,0.908,0.914,0.887,0.931,0.915,0.927,0.934,0.945,0.932,0.948,0.926,0.959,0.982,0.987,0.993,1.005,0.987,0.986,0.961,0.961,0.965,0.964,0.983,0.993,1.011,1.005,0.991,0.988,1.016,1.014,1.009,1.004,1.036,0.999,1.016,0.991,1.014,1.039,1.046,1.033,1.044,1.057,1.062,1.044,1.05,1.071,1.067,1.06,1.054,1.075,1.1,1.069,1.069,1.042,1.047,1.058,1.046,1.045,1.044,1.051,1.047,1.066,1.07,1.059,1.053,1.075,1.075,1.077,1.057,1.078,1.07,1.083,1.066,1.057,1.053,1.058,1.052,1.051,1.079,1.087,1.06,1.027,1.013,0.999,0.996,0.993,1.005,NA,NA,NA,NA,NA,NA,NA,NA,NA,NA,NA,NA,NA,NA,NA,NA,NA,NA,NA,NA,NA,NA,NA,NA,NA,NA,NA,NA,NA,NA,NA,NA,NA,NA,NA,NA,NA,NA,NA,NA,NA,NA,NA,NA,NA,NA,NA,NA
"119","41","   Paper products","RAT5113",0.981,0.988,0.991,0.994,0.995,0.935,0.984,0.989,0.989,1.017,1.016,1.037,1.043,1.051,1.023,1.05,1.028,1.055,1.031,1.047,1.073,1.043,1.044,1.062,1,1.041,1.04,1.022,1.022,1.026,1.041,1.02,1.049,1.041,1.053,1.051,1.037,0.986,1.002,0.976,0.974,0.945,0.927,0.9,0.904,0.911,0.891,0.898,0.925,0.911,0.937,0.963,0.955,0.951,0.982,0.976,0.963,0.986,0.977,1.001,1.073,1.045,1.043,1.025,1.059,1.057,1.079,1.072,1.055,1.074,1.05,1.046,1.063,1.068,1.05,1.078,1.069,1.108,1.075,1.102,1.122,1.165,1.163,1.191,1.161,1.185,1.218,1.135,1.191,1.157,1.13,1.187,1.156,1.139,1.198,1.19,1.146,1.18,1.207,1.18,1.179,1.235,1.173,1.248,1.281,1.238,1.227,1.207,1.227,1.186,1.223,1.214,1.207,1.216,1.244,1.258,1.211,1.202,1.137,1.254,1.279,1.279,1.244,1.227,1.213,1.198,1.233,1.18,1.164,1.193,1.253,1.18,1.201,1.224,1.225,1.278,1.238,1.229,1.229,1.246,1.219,1.324,1.296,1.297,1.329,1.285,1.269,1.275,1.256,1.288,1.245,1.228,1.271,1.266,1.254,1.24,NA,NA,NA,NA,NA,NA,NA,NA,NA,NA,NA,NA,NA,NA,NA,NA,NA,NA,NA,NA,NA,NA,NA,NA,NA,NA,NA,NA,NA,NA,NA,NA,NA,NA,NA,NA,NA,NA,NA,NA,NA,NA,NA,NA,NA,NA,NA,NA
"120","42","   Drugs & sundries","RAT5123",1.298,1.284,1.302,1.286,1.266,1.237,1.336,1.31,1.233,1.234,1.213,1.239,1.219,1.237,1.274,1.273,1.257,1.365,1.345,1.334,1.414,1.38,1.434,1.358,1.403,1.446,1.494,1.427,1.496,1.495,1.401,1.361,1.423,1.385,1.355,1.381,1.415,1.394,1.415,1.422,1.359,1.389,1.445,1.446,1.43,1.527,1.573,1.499,1.495,1.445,1.454,1.516,1.469,1.411,1.438,1.446,1.392,1.37,1.406,1.417,1.422,1.447,1.422,1.435,1.419,1.458,1.44,1.473,1.465,1.432,1.36,1.409,1.379,1.397,1.435,1.425,1.463,1.44,1.42,1.376,1.443,1.473,1.505,1.494,1.496,1.462,1.42,1.386,1.439,1.526,1.459,1.488,1.472,1.483,1.51,1.461,1.522,1.552,1.553,1.588,1.515,1.54,1.554,1.574,1.6,1.575,1.552,1.602,1.676,1.64,1.703,1.711,1.703,1.701,1.766,1.76,1.759,1.716,1.723,1.768,1.694,1.732,1.656,1.536,1.637,1.616,1.593,1.598,1.587,1.612,1.663,1.691,1.694,1.599,1.637,1.641,1.691,1.662,1.647,1.595,1.599,1.582,1.503,1.469,1.474,1.497,1.491,1.497,1.443,1.457,1.478,1.463,1.375,1.452,1.464,1.503,NA,NA,NA,NA,NA,NA,NA,NA,NA,NA,NA,NA,NA,NA,NA,NA,NA,NA,NA,NA,NA,NA,NA,NA,NA,NA,NA,NA,NA,NA,NA,NA,NA,NA,NA,NA,NA,NA,NA,NA,NA,NA,NA,NA,NA,NA,NA,NA
"121","43","   Apparel & piece goods","RAT5133",1.723,1.786,1.677,1.698,1.858,1.706,1.835,1.924,1.991,1.941,2.033,1.817,1.803,1.751,1.832,1.778,1.671,1.781,1.727,1.88,1.91,1.904,1.79,1.96,1.757,1.894,1.895,1.799,1.968,1.968,2.178,2.019,1.947,1.799,1.892,2.075,2.1,1.776,1.859,1.998,1.951,1.932,1.939,1.837,1.852,1.842,1.91,1.852,1.876,1.809,1.861,1.848,1.772,1.821,1.75,1.7,1.655,1.716,1.669,1.739,1.654,1.808,1.723,1.669,1.706,1.704,1.687,1.79,1.731,1.748,1.712,1.719,1.815,1.736,1.775,1.851,1.952,1.789,1.817,1.817,2.006,1.948,1.915,1.779,1.852,1.884,1.9,1.736,1.638,1.764,1.744,1.85,1.776,1.813,1.761,1.837,1.757,1.793,1.86,1.974,1.819,2.077,1.931,1.796,1.848,1.796,1.86,1.836,1.851,1.896,1.887,1.791,1.828,1.91,1.936,1.845,1.869,1.828,1.789,2.115,1.816,1.775,1.725,1.736,1.828,1.762,1.91,1.93,1.991,2.007,2.008,2.076,2.152,2.133,2.182,2.196,2.077,2.085,2.093,2.093,2.055,1.991,1.977,1.919,2.12,2.159,1.882,1.931,1.894,1.817,1.768,1.801,1.725,1.713,1.688,1.729,NA,NA,NA,NA,NA,NA,NA,NA,NA,NA,NA,NA,NA,NA,NA,NA,NA,NA,NA,NA,NA,NA,NA,NA,NA,NA,NA,NA,NA,NA,NA,NA,NA,NA,NA,NA,NA,NA,NA,NA,NA,NA,NA,NA,NA,NA,NA,NA
"122","44","   Groceries","RAT5143",0.559,0.581,0.567,0.559,0.553,0.543,0.587,0.572,0.572,0.576,0.576,0.55,0.553,0.563,0.568,0.569,0.571,0.584,0.575,0.584,0.569,0.585,0.578,0.603,0.608,0.618,0.611,0.631,0.637,0.634,0.635,0.617,0.612,0.652,0.661,0.671,0.639,0.644,0.651,0.641,0.653,0.674,0.699,0.679,0.688,0.673,0.68,0.657,0.675,0.656,0.657,0.675,0.651,0.65,0.677,0.656,0.681,0.662,0.649,0.62,0.651,0.66,0.663,0.649,0.657,0.648,0.637,0.628,0.616,0.644,0.659,0.654,0.674,0.661,0.672,0.658,0.658,0.658,0.668,0.662,0.668,0.658,0.683,0.686,0.697,0.683,0.688,0.686,0.683,0.695,0.702,0.671,0.673,0.685,0.684,0.678,0.678,0.688,0.687,0.697,0.711,0.723,0.698,0.722,0.696,0.705,0.721,0.709,0.667,0.706,0.693,0.716,0.703,0.661,0.659,0.672,0.669,0.666,0.7,0.704,0.687,0.676,0.688,0.668,0.665,0.672,0.646,0.648,0.648,0.649,0.645,0.661,0.646,0.645,0.65,0.654,0.644,0.631,0.65,0.632,0.642,0.619,0.632,0.624,0.632,0.631,0.664,0.657,0.65,0.678,0.645,0.644,0.656,0.64,0.628,0.639,NA,NA,NA,NA,NA,NA,NA,NA,NA,NA,NA,NA,NA,NA,NA,NA,NA,NA,NA,NA,NA,NA,NA,NA,NA,NA,NA,NA,NA,NA,NA,NA,NA,NA,NA,NA,NA,NA,NA,NA,NA,NA,NA,NA,NA,NA,NA,NA
"123","45","   Farm products","RAT5153",0.803,0.796,0.83,0.936,0.859,0.803,0.743,0.817,0.788,0.831,0.826,0.777,0.848,0.892,0.949,0.888,0.894,0.976,1.096,1.028,1.104,1.133,1.089,1.155,1.111,1.102,1.127,1.12,1.161,1.154,1.084,1.083,1.032,0.994,0.936,0.932,0.99,0.931,0.899,0.975,1.038,0.942,0.865,0.785,0.837,0.851,0.977,0.942,0.85,0.99,0.922,0.909,0.947,1.173,1.147,1.179,1.109,0.983,1.073,1.074,1.047,0.952,0.959,0.86,0.917,0.896,0.949,0.953,0.982,0.981,1.037,1.089,1.017,1.06,1.084,1.128,1.174,1.098,1.142,1.091,1.075,1.206,1.171,1.239,1.223,1.228,1.216,1.216,1.12,1.157,1.186,1.379,1.362,1.426,1.368,1.326,1.31,1.372,1.341,1.32,1.342,1.326,1.146,1.13,1.066,1.204,1.26,1.275,1.402,1.391,1.425,1.488,1.419,1.451,1.645,1.682,1.542,1.534,1.755,1.66,1.797,1.818,1.655,1.666,1.591,1.551,1.435,1.434,1.551,1.425,1.527,1.554,1.44,1.408,1.446,1.369,1.445,1.412,1.592,1.61,1.623,1.608,1.619,1.711,1.556,1.559,1.463,1.66,1.893,1.589,1.434,1.36,1.194,1.157,1.134,1.146,NA,NA,NA,NA,NA,NA,NA,NA,NA,NA,NA,NA,NA,NA,NA,NA,NA,NA,NA,NA,NA,NA,NA,NA,NA,NA,NA,NA,NA,NA,NA,NA,NA,NA,NA,NA,NA,NA,NA,NA,NA,NA,NA,NA,NA,NA,NA,NA
"124","46","   Chemical & allied product","RAT5163",1.065,1.024,1.036,1.039,1,1.032,1.074,1.088,1.153,1.155,1.126,1.191,1.157,1.146,1.137,1.176,1.163,1.082,1.13,1.138,1.06,1.074,1.111,1.065,1.034,1.025,1.06,1.063,1.048,1.049,1.091,1.033,0.986,1.018,0.963,1.002,0.96,1.078,1.008,0.973,1.025,0.972,0.948,1.03,0.983,0.931,0.939,0.917,0.937,0.902,0.883,0.827,0.879,0.825,0.817,0.87,0.869,0.907,0.874,0.973,0.883,0.85,0.868,0.878,0.899,0.886,0.899,0.907,0.959,0.885,0.864,0.844,0.912,0.873,0.924,0.929,0.918,0.947,0.984,0.775,0.872,0.897,0.909,0.934,0.968,1.006,0.897,0.921,1.001,0.891,0.902,0.913,0.89,0.93,0.956,0.958,0.933,0.963,1.001,1.028,0.982,1,0.99,0.981,0.957,0.943,1.059,0.957,0.97,0.948,1.002,0.99,1.04,1.047,1.061,1.09,1.097,1.115,1.069,1.068,1.046,1.039,0.998,1.011,1.013,1.006,1,0.984,1.011,1.005,0.987,0.986,0.977,0.993,1.008,0.991,1.015,1.025,1.028,1.018,1.056,0.986,0.955,0.978,0.991,1.009,0.997,0.995,0.949,0.956,0.957,0.972,0.984,1.002,1.059,1.028,NA,NA,NA,NA,NA,NA,NA,NA,NA,NA,NA,NA,NA,NA,NA,NA,NA,NA,NA,NA,NA,NA,NA,NA,NA,NA,NA,NA,NA,NA,NA,NA,NA,NA,NA,NA,NA,NA,NA,NA,NA,NA,NA,NA,NA,NA,NA,NA
"125","47","   Petroleum products","RAT5173",0.351,0.364,0.305,0.34,0.35,0.356,0.332,0.343,0.347,0.368,0.358,0.329,0.349,0.34,0.349,0.364,0.38,0.383,0.411,0.366,0.334,0.329,0.34,0.359,0.352,0.316,0.312,0.279,0.274,0.282,0.258,0.284,0.288,0.315,0.304,0.332,0.324,0.31,0.298,0.297,0.291,0.309,0.332,0.321,0.308,0.326,0.331,0.322,0.337,0.345,0.317,0.34,0.34,0.321,0.306,0.318,0.33,0.307,0.317,0.327,0.342,0.318,0.341,0.338,0.336,0.356,0.346,0.327,0.332,0.355,0.361,0.274,0.347,0.341,0.359,0.344,0.343,0.357,0.36,0.377,0.374,0.396,0.376,0.372,0.357,0.341,0.369,0.356,0.368,0.347,0.358,0.35,0.393,0.392,0.39,0.389,0.389,0.395,0.377,0.371,0.376,0.379,0.367,0.382,0.38,0.38,0.391,0.394,0.432,0.411,0.406,0.405,0.401,0.427,0.428,0.431,0.414,0.421,0.412,0.396,0.383,0.412,0.402,0.437,0.435,0.432,0.447,0.448,0.448,0.447,0.473,0.463,0.466,0.463,0.49,0.473,0.491,0.482,0.472,0.467,0.472,0.462,0.444,0.445,0.45,0.428,0.432,0.441,0.419,0.409,0.417,0.44,0.418,0.424,0.421,0.431,NA,NA,NA,NA,NA,NA,NA,NA,NA,NA,NA,NA,NA,NA,NA,NA,NA,NA,NA,NA,NA,NA,NA,NA,NA,NA,NA,NA,NA,NA,NA,NA,NA,NA,NA,NA,NA,NA,NA,NA,NA,NA,NA,NA,NA,NA,NA,NA
"126","48","   Alcoholic beverages","RAT5183",0.977,1.016,1.048,1.046,0.98,0.957,1.012,0.98,1.025,1.008,1.012,1.017,1.068,1.018,1.042,1.035,1.056,1.117,1.022,1.052,0.913,1.237,1.107,1.079,1.092,1.117,1.059,1.093,1.084,1.07,1.077,1.013,1.079,1.009,1.031,1.028,1.086,1.14,1.134,1.062,1.053,1.086,1.057,1.08,1.082,1.049,1.054,1.045,0.981,0.984,0.971,1.02,0.975,0.962,1,1.023,0.979,0.99,0.973,1.01,0.98,1.012,0.986,0.99,1,0.978,0.997,0.97,0.953,0.952,0.982,0.972,0.959,0.933,0.964,0.926,0.974,0.954,0.929,0.921,0.939,0.954,0.957,0.864,1.137,0.976,0.975,0.975,0.948,0.973,0.951,0.949,0.974,0.979,1.001,0.948,0.924,0.906,0.947,0.888,0.956,0.993,1.017,1.058,1.001,1.002,0.995,0.989,0.997,0.993,0.967,0.965,0.939,0.944,0.921,0.924,0.926,0.935,0.938,0.982,0.988,0.994,0.916,0.953,0.998,0.947,0.961,0.985,0.975,0.983,0.954,0.977,0.971,0.993,1.011,0.998,1.021,0.98,1.033,1.022,1.036,0.998,0.998,0.991,0.952,0.954,0.988,1.009,1.002,1.008,1.038,1.005,1.029,1.075,1.032,1.045,NA,NA,NA,NA,NA,NA,NA,NA,NA,NA,NA,NA,NA,NA,NA,NA,NA,NA,NA,NA,NA,NA,NA,NA,NA,NA,NA,NA,NA,NA,NA,NA,NA,NA,NA,NA,NA,NA,NA,NA,NA,NA,NA,NA,NA,NA,NA,NA
"127","49","   Other nondurable goods","RAT5193",0.929,1.009,1.031,1.04,0.99,0.911,1.047,1.038,1.038,1.031,1.087,1.073,1.036,1.015,1.036,1,0.995,1.057,1.023,0.996,1.037,1.114,1.18,0.987,1.068,0.997,0.927,0.94,1.022,0.925,0.909,0.992,0.996,0.952,0.844,0.956,1.057,0.989,0.976,0.946,0.88,1.012,1.042,0.998,1.019,1.073,1.111,1.12,1.145,1.1,1.128,1.141,1.251,1.236,1.213,1.214,1.169,1.14,1.208,1.21,1.152,1.184,1.194,1.215,1.18,1.192,1.226,1.17,1.171,1.156,1.133,1.107,1.127,1.094,1.067,1.145,1.167,1.143,1.201,1.125,1.195,1.151,1.154,1.237,1.201,1.19,1.211,1.194,1.226,1.227,1.194,1.224,1.219,1.267,1.244,1.244,1.249,1.338,1.313,1.275,1.229,1.295,1.294,1.315,1.224,1.278,1.338,1.447,1.275,1.311,1.375,1.363,1.264,1.302,1.312,1.238,1.301,1.281,1.274,1.293,1.293,1.282,1.248,1.269,1.307,1.308,1.317,1.313,1.286,1.282,1.275,1.239,1.246,1.235,1.264,1.331,1.33,1.276,1.256,1.251,1.319,1.318,1.292,1.275,1.308,1.306,1.333,1.319,1.354,1.286,1.275,1.227,1.264,1.218,1.251,1.235,NA,NA,NA,NA,NA,NA,NA,NA,NA,NA,NA,NA,NA,NA,NA,NA,NA,NA,NA,NA,NA,NA,NA,NA,NA,NA,NA,NA,NA,NA,NA,NA,NA,NA,NA,NA,NA,NA,NA,NA,NA,NA,NA,NA,NA,NA,NA,NA
"128","50"," Retail trade","RAT5R3",1.264,1.287,1.32,1.314,1.316,1.297,1.32,1.346,1.32,1.338,1.325,1.357,1.36,1.358,1.351,1.347,1.344,1.355,1.376,1.365,1.323,1.393,1.412,1.404,1.412,1.435,1.435,1.426,1.401,1.406,1.397,1.378,1.295,1.368,1.371,1.303,1.425,1.383,1.403,1.41,1.414,1.414,1.411,1.384,1.403,1.426,1.434,1.433,1.419,1.407,1.387,1.406,1.397,1.403,1.407,1.412,1.428,1.408,1.406,1.41,1.421,1.467,1.473,1.459,1.463,1.463,1.455,1.428,1.432,1.46,1.468,1.479,1.417,1.431,1.447,1.452,1.468,1.472,1.471,1.475,1.479,1.494,1.494,1.504,1.531,1.493,1.46,1.463,1.459,1.462,1.458,1.472,1.481,1.502,1.504,1.501,1.466,1.452,1.467,1.481,1.472,1.47,1.476,1.466,1.451,1.431,1.44,1.438,1.442,1.476,1.514,1.483,1.474,1.474,1.459,1.443,1.457,1.446,1.447,1.437,1.451,1.434,1.425,1.426,1.449,1.46,1.463,1.457,1.458,1.446,1.457,1.467,1.474,1.505,1.501,1.508,1.496,1.492,1.491,1.489,1.488,1.503,1.489,1.467,1.475,1.456,1.433,1.433,1.432,1.439,1.449,1.454,1.448,1.444,1.447,1.444,NA,NA,NA,NA,NA,NA,NA,NA,NA,NA,NA,NA,NA,NA,NA,NA,NA,NA,NA,NA,NA,NA,NA,NA,NA,NA,NA,NA,NA,NA,NA,NA,NA,NA,NA,NA,NA,NA,NA,NA,NA,NA,NA,NA,NA,NA,NA,NA
"129","51","   Retail less motor vehicle","RAT5RX3",1.205,1.23,1.247,1.249,1.255,1.243,1.266,1.27,1.255,1.276,1.263,1.283,1.288,1.289,1.288,1.279,1.282,1.29,1.299,1.292,1.293,1.304,1.3,1.299,1.306,1.314,1.296,1.301,1.293,1.287,1.275,1.278,1.291,1.289,1.285,1.268,1.279,1.261,1.278,1.282,1.283,1.294,1.297,1.294,1.302,1.301,1.303,1.308,1.314,1.318,1.305,1.311,1.3,1.305,1.305,1.308,1.306,1.29,1.287,1.291,1.287,1.316,1.318,1.313,1.323,1.33,1.335,1.335,1.333,1.345,1.342,1.328,1.335,1.329,1.333,1.349,1.359,1.347,1.346,1.345,1.343,1.354,1.349,1.358,1.378,1.365,1.34,1.34,1.337,1.341,1.337,1.342,1.359,1.363,1.366,1.386,1.342,1.341,1.351,1.362,1.348,1.357,1.365,1.345,1.343,1.332,1.337,1.334,1.339,1.351,1.384,1.361,1.355,1.351,1.352,1.348,1.349,1.351,1.359,1.358,1.36,1.347,1.335,1.345,1.357,1.369,1.361,1.359,1.363,1.363,1.367,1.368,1.363,1.386,1.379,1.383,1.377,1.375,1.373,1.385,1.38,1.388,1.376,1.353,1.366,1.359,1.35,1.34,1.336,1.333,1.346,1.341,1.335,1.336,1.333,1.331,NA,NA,NA,NA,NA,NA,NA,NA,NA,NA,NA,NA,NA,NA,NA,NA,NA,NA,NA,NA,NA,NA,NA,NA,NA,NA,NA,NA,NA,NA,NA,NA,NA,NA,NA,NA,NA,NA,NA,NA,NA,NA,NA,NA,NA,NA,NA,NA
"130","52","    Durable goods","RAT5RD3",1.859,1.879,1.966,1.93,1.924,1.884,1.911,1.992,1.94,1.935,1.906,1.981,1.979,1.967,1.946,1.944,1.922,1.948,1.997,1.97,1.822,2.041,2.105,2.06,2.074,2.142,2.193,2.135,2.064,2.09,2.081,2.007,1.699,1.948,1.966,1.758,2.165,2.027,2.042,2.063,2.09,2.069,2.038,1.946,2.009,2.089,2.105,2.097,2.041,1.983,1.953,1.993,1.992,1.994,2.023,2.041,2.104,2.052,2.051,2.039,2.095,2.191,2.208,2.148,2.138,2.137,2.104,2.015,2.045,2.125,2.138,2.207,1.965,2.033,2.091,2.09,2.126,2.169,2.15,2.166,2.189,2.198,2.221,2.249,2.335,2.201,2.143,2.148,2.143,2.145,2.138,2.18,2.154,2.205,2.207,2.158,2.109,2.055,2.094,2.127,2.123,2.082,2.076,2.095,2.033,1.99,2.018,2,1.988,2.096,2.154,2.085,2.059,2.056,2.013,1.966,2.02,1.982,1.965,1.937,1.995,1.967,1.94,1.918,1.964,1.98,2.003,1.976,1.963,1.929,1.954,1.981,2.016,2.068,2.065,2.087,2.054,2.041,2.035,2.012,2.032,2.041,2.019,1.996,2.001,1.958,1.905,1.923,1.912,1.939,1.941,1.965,1.957,1.944,1.954,1.951,NA,NA,NA,NA,NA,NA,NA,NA,NA,NA,NA,NA,NA,NA,NA,NA,NA,NA,NA,NA,NA,NA,NA,NA,NA,NA,NA,NA,NA,NA,NA,NA,NA,NA,NA,NA,NA,NA,NA,NA,NA,NA,NA,NA,NA,NA,NA,NA
"131","53","     Automotives","RAT553",1.524,1.54,1.648,1.6,1.589,1.546,1.567,1.692,1.628,1.613,1.601,1.674,1.657,1.644,1.61,1.623,1.593,1.621,1.689,1.659,1.457,1.768,1.873,1.829,1.842,1.924,2.027,1.938,1.842,1.888,1.899,1.782,1.342,1.695,1.726,1.455,2.091,1.882,1.888,1.904,1.925,1.871,1.839,1.708,1.787,1.907,1.936,1.909,1.811,1.741,1.699,1.765,1.765,1.776,1.797,1.814,1.921,1.868,1.862,1.863,1.935,2.054,2.066,2.014,1.998,1.975,1.912,1.774,1.807,1.913,1.96,2.081,1.72,1.831,1.899,1.858,1.901,1.97,1.958,1.986,2.012,2.039,2.076,2.1,2.202,2.038,1.971,1.979,1.966,1.965,1.955,2.025,1.972,2.069,2.064,1.973,1.966,1.891,1.927,1.957,1.967,1.914,1.911,1.958,1.877,1.815,1.846,1.852,1.844,1.968,2.027,1.951,1.925,1.945,1.867,1.809,1.877,1.807,1.773,1.734,1.781,1.748,1.747,1.717,1.793,1.802,1.842,1.82,1.809,1.752,1.784,1.831,1.886,1.951,1.954,1.963,1.935,1.916,1.915,1.862,1.885,1.916,1.899,1.884,1.871,1.804,1.739,1.785,1.792,1.838,1.833,1.871,1.858,1.837,1.867,1.867,NA,NA,NA,NA,NA,NA,NA,NA,NA,NA,NA,NA,NA,NA,NA,NA,NA,NA,NA,NA,NA,NA,NA,NA,NA,NA,NA,NA,NA,NA,NA,NA,NA,NA,NA,NA,NA,NA,NA,NA,NA,NA,NA,NA,NA,NA,NA,NA
"132","54","      Motor vehicle dealers","RAT55X3",1.482,1.494,1.605,1.556,1.544,1.5,1.521,1.655,1.585,1.571,1.557,1.642,1.623,1.608,1.576,1.592,1.561,1.589,1.657,1.624,1.409,1.741,1.862,1.808,1.818,1.906,2.016,1.919,1.812,1.863,1.876,1.751,1.293,1.66,1.696,1.406,2.087,1.861,1.868,1.889,1.915,1.854,1.828,1.688,1.767,1.903,1.929,1.898,1.797,1.72,1.68,1.75,1.75,1.764,1.781,1.798,1.911,1.853,1.843,1.846,1.925,2.049,2.063,2.006,1.986,1.961,1.894,1.748,1.787,1.899,1.956,2.088,1.697,1.818,1.892,1.841,1.886,1.961,1.947,1.976,2.004,2.031,2.065,2.091,2.194,2.018,1.947,1.963,1.955,1.954,1.943,2.017,1.96,2.063,2.062,1.959,1.958,1.88,1.923,1.95,1.96,1.905,1.902,1.95,1.867,1.805,1.832,1.837,1.826,1.961,2.018,1.939,1.913,1.934,1.85,1.79,1.86,1.787,1.752,1.71,1.766,1.733,1.732,1.698,1.774,1.784,1.83,1.803,1.79,1.729,1.764,1.812,1.871,1.934,1.94,1.952,1.92,1.899,1.899,1.843,1.867,1.9,1.884,1.867,1.851,1.78,1.711,1.757,1.762,1.811,1.805,1.846,1.833,1.812,1.841,1.839,NA,NA,NA,NA,NA,NA,NA,NA,NA,NA,NA,NA,NA,NA,NA,NA,NA,NA,NA,NA,NA,NA,NA,NA,NA,NA,NA,NA,NA,NA,NA,NA,NA,NA,NA,NA,NA,NA,NA,NA,NA,NA,NA,NA,NA,NA,NA,NA
"133","55","      Auto & home supply stores","RAT5533",2.036,2.094,2.188,2.149,2.157,2.126,2.132,2.138,2.143,2.134,2.176,2.096,2.095,2.117,2.047,2.022,2.004,2.026,2.099,2.115,2.102,2.116,2.041,2.113,2.179,2.179,2.203,2.217,2.255,2.236,2.213,2.208,2.112,2.16,2.126,2.227,2.182,2.179,2.175,2.13,2.085,2.116,2.021,2.011,2.072,1.998,2.057,2.077,2.015,2.027,1.967,1.979,1.975,1.956,2.026,2.041,2.069,2.09,2.124,2.126,2.092,2.153,2.142,2.146,2.177,2.191,2.172,2.147,2.088,2.108,2.038,2.044,2.043,2.019,2.016,2.091,2.113,2.107,2.117,2.147,2.152,2.177,2.248,2.242,2.344,2.316,2.284,2.198,2.127,2.135,2.131,2.148,2.157,2.171,2.129,2.189,2.108,2.069,2.008,2.087,2.088,2.058,2.062,2.083,2.035,1.966,2.068,2.067,2.118,2.083,2.169,2.135,2.121,2.111,2.133,2.09,2.129,2.104,2.093,2.111,2.016,1.971,1.982,2.024,2.09,2.077,2.029,2.089,2.094,2.122,2.086,2.127,2.115,2.198,2.154,2.134,2.167,2.196,2.166,2.167,2.154,2.164,2.131,2.151,2.182,2.183,2.182,2.224,2.252,2.258,2.278,2.269,2.246,2.23,2.29,2.301,NA,NA,NA,NA,NA,NA,NA,NA,NA,NA,NA,NA,NA,NA,NA,NA,NA,NA,NA,NA,NA,NA,NA,NA,NA,NA,NA,NA,NA,NA,NA,NA,NA,NA,NA,NA,NA,NA,NA,NA,NA,NA,NA,NA,NA,NA,NA,NA
"134","56","     Lumber & building stores","RAT523",1.845,1.791,1.847,1.888,1.853,1.819,1.84,1.833,1.843,1.921,1.836,1.867,1.901,1.921,1.896,1.822,1.855,1.849,1.846,1.878,1.896,1.916,1.902,1.902,1.855,1.91,1.837,1.806,1.851,1.798,1.809,1.809,1.837,1.827,1.847,1.797,1.758,1.768,1.768,1.79,1.829,1.893,1.827,1.839,1.841,1.78,1.772,1.8,1.869,1.792,1.781,1.771,1.726,1.763,1.831,1.814,1.788,1.753,1.794,1.757,1.826,1.94,1.992,1.898,1.923,1.95,1.935,1.911,1.952,1.983,1.939,1.935,1.916,1.874,1.909,2.004,2.019,1.94,1.921,1.925,1.962,1.94,1.917,2.025,2.08,1.942,1.976,1.871,1.939,1.943,1.932,1.936,1.91,1.918,1.963,1.934,1.862,1.856,1.887,1.982,1.925,1.904,1.915,1.921,1.891,1.884,1.91,1.832,1.878,1.928,2.011,1.968,1.889,1.877,1.874,1.831,1.851,1.843,1.85,1.787,1.885,1.929,1.838,1.822,1.831,1.859,1.852,1.819,1.795,1.81,1.822,1.848,1.826,1.838,1.848,1.928,1.922,1.909,1.916,1.926,1.952,1.923,1.882,1.855,1.897,1.892,1.902,1.827,1.837,1.801,1.801,1.798,1.803,1.786,1.811,1.83,NA,NA,NA,NA,NA,NA,NA,NA,NA,NA,NA,NA,NA,NA,NA,NA,NA,NA,NA,NA,NA,NA,NA,NA,NA,NA,NA,NA,NA,NA,NA,NA,NA,NA,NA,NA,NA,NA,NA,NA,NA,NA,NA,NA,NA,NA,NA,NA
"135","57","     Furniture & furnishings","RAT573",2.6,2.691,2.608,2.626,2.68,2.656,2.694,2.657,2.535,2.556,2.543,2.592,2.595,2.548,2.583,2.625,2.567,2.584,2.609,2.532,2.491,2.478,2.529,2.462,2.491,2.517,2.499,2.499,2.418,2.456,2.388,2.406,2.389,2.372,2.337,2.352,2.373,2.357,2.32,2.363,2.396,2.407,2.382,2.373,2.415,2.449,2.457,2.482,2.409,2.398,2.418,2.415,2.411,2.374,2.384,2.419,2.452,2.38,2.345,2.32,2.291,2.349,2.362,2.314,2.318,2.331,2.401,2.368,2.371,2.418,2.405,2.406,2.388,2.441,2.439,2.459,2.457,2.498,2.522,2.539,2.513,2.499,2.509,2.51,2.568,2.523,2.438,2.472,2.444,2.442,2.421,2.404,2.436,2.449,2.458,2.441,2.337,2.316,2.36,2.372,2.367,2.305,2.289,2.269,2.233,2.225,2.244,2.209,2.163,2.198,2.225,2.197,2.19,2.205,2.231,2.224,2.219,2.21,2.238,2.274,2.363,2.261,2.158,2.215,2.232,2.224,2.209,2.203,2.219,2.229,2.213,2.189,2.185,2.237,2.243,2.264,2.214,2.2,2.175,2.18,2.174,2.137,2.131,2.107,2.131,2.152,2.077,2.099,2.09,2.063,2.098,2.091,2.058,2.06,2.023,2.006,NA,NA,NA,NA,NA,NA,NA,NA,NA,NA,NA,NA,NA,NA,NA,NA,NA,NA,NA,NA,NA,NA,NA,NA,NA,NA,NA,NA,NA,NA,NA,NA,NA,NA,NA,NA,NA,NA,NA,NA,NA,NA,NA,NA,NA,NA,NA,NA
"136","58","     Other durable goods","RAT59X3",2.98,3.099,3.233,3.106,3.095,3.04,3.075,3.091,3.069,3.047,3.008,3.162,3.231,3.223,3.229,3.212,3.224,3.29,3.305,3.282,3.272,3.207,3.184,3.11,3.229,3.259,3.241,3.29,3.204,3.215,3.094,3.05,3.044,2.988,2.967,2.837,2.843,2.75,2.928,2.925,2.959,2.965,2.995,2.949,2.96,3.03,3.01,3.015,3.047,3.051,2.991,2.981,3.05,2.978,3,3.064,3.019,3.016,3.027,2.983,3.031,3.006,3.007,2.947,2.895,2.942,2.926,2.981,2.988,2.998,2.935,2.913,2.784,2.714,2.82,2.881,2.955,3.05,2.964,2.923,2.962,2.948,2.972,2.921,2.981,2.911,2.807,2.91,2.876,2.908,2.945,2.95,2.999,2.922,2.897,2.987,2.836,2.805,2.848,2.843,2.833,2.847,2.816,2.74,2.719,2.688,2.71,2.658,2.589,2.782,2.832,2.718,2.743,2.607,2.61,2.58,2.659,2.733,2.738,2.747,2.769,2.758,2.773,2.691,2.635,2.687,2.699,2.639,2.594,2.576,2.638,2.601,2.643,2.677,2.621,2.622,2.54,2.572,2.55,2.607,2.632,2.63,2.588,2.53,2.572,2.554,2.487,2.443,2.323,2.404,2.406,2.426,2.468,2.465,2.405,2.379,NA,NA,NA,NA,NA,NA,NA,NA,NA,NA,NA,NA,NA,NA,NA,NA,NA,NA,NA,NA,NA,NA,NA,NA,NA,NA,NA,NA,NA,NA,NA,NA,NA,NA,NA,NA,NA,NA,NA,NA,NA,NA,NA,NA,NA,NA,NA,NA
"137","59","    Nondurable goods","RAT5RN3",0.945,0.965,0.978,0.98,0.988,0.979,1,1.008,0.996,1.013,1.006,1.017,1.019,1.022,1.018,1.012,1.015,1.02,1.028,1.021,1.024,1.035,1.033,1.035,1.039,1.044,1.027,1.031,1.026,1.02,1.012,1.014,1.03,1.032,1.029,1.019,1.032,1.017,1.031,1.033,1.027,1.033,1.042,1.04,1.044,1.042,1.041,1.043,1.047,1.056,1.046,1.052,1.038,1.046,1.039,1.04,1.038,1.026,1.021,1.028,1.019,1.043,1.044,1.047,1.059,1.063,1.065,1.065,1.062,1.071,1.073,1.061,1.075,1.069,1.066,1.075,1.082,1.068,1.072,1.072,1.066,1.079,1.073,1.08,1.094,1.092,1.074,1.075,1.074,1.077,1.074,1.08,1.094,1.104,1.108,1.125,1.097,1.1,1.104,1.109,1.097,1.11,1.12,1.102,1.106,1.097,1.098,1.102,1.111,1.113,1.14,1.124,1.121,1.121,1.119,1.121,1.116,1.115,1.12,1.117,1.108,1.097,1.094,1.105,1.119,1.127,1.118,1.118,1.126,1.125,1.127,1.128,1.122,1.141,1.136,1.134,1.133,1.131,1.131,1.138,1.129,1.143,1.133,1.113,1.122,1.114,1.108,1.1,1.1,1.097,1.11,1.105,1.098,1.099,1.1,1.098,NA,NA,NA,NA,NA,NA,NA,NA,NA,NA,NA,NA,NA,NA,NA,NA,NA,NA,NA,NA,NA,NA,NA,NA,NA,NA,NA,NA,NA,NA,NA,NA,NA,NA,NA,NA,NA,NA,NA,NA,NA,NA,NA,NA,NA,NA,NA,NA
"138","60","     Food stores","RAT543",0.607,0.607,0.605,0.608,0.611,0.614,0.615,0.62,0.613,0.622,0.626,0.638,0.635,0.638,0.645,0.646,0.65,0.653,0.658,0.659,0.659,0.671,0.667,0.672,0.678,0.685,0.679,0.68,0.685,0.679,0.67,0.69,0.691,0.694,0.686,0.677,0.679,0.689,0.694,0.688,0.686,0.686,0.685,0.683,0.678,0.672,0.678,0.678,0.681,0.688,0.69,0.69,0.686,0.693,0.694,0.697,0.697,0.697,0.69,0.705,0.697,0.7,0.705,0.711,0.712,0.715,0.719,0.72,0.721,0.737,0.743,0.731,0.743,0.735,0.73,0.735,0.744,0.741,0.75,0.754,0.747,0.749,0.745,0.759,0.775,0.778,0.774,0.779,0.771,0.782,0.78,0.782,0.781,0.785,0.788,0.793,0.776,0.785,0.784,0.786,0.787,0.787,0.785,0.781,0.79,0.788,0.789,0.788,0.789,0.784,0.801,0.796,0.795,0.795,0.789,0.793,0.797,0.795,0.796,0.795,0.798,0.79,0.795,0.794,0.793,0.798,0.807,0.802,0.803,0.805,0.803,0.81,0.8,0.81,0.812,0.812,0.811,0.812,0.819,0.824,0.826,0.824,0.823,0.821,0.817,0.825,0.821,0.826,0.828,0.82,0.824,0.828,0.827,0.832,0.834,0.836,NA,NA,NA,NA,NA,NA,NA,NA,NA,NA,NA,NA,NA,NA,NA,NA,NA,NA,NA,NA,NA,NA,NA,NA,NA,NA,NA,NA,NA,NA,NA,NA,NA,NA,NA,NA,NA,NA,NA,NA,NA,NA,NA,NA,NA,NA,NA,NA
"139","61","     Apparel stores","RAT563",2.406,2.46,2.542,2.517,2.519,2.408,2.55,2.566,2.476,2.516,2.446,2.451,2.453,2.422,2.354,2.329,2.299,2.35,2.373,2.329,2.34,2.398,2.399,2.435,2.384,2.405,2.305,2.327,2.254,2.255,2.268,2.221,2.266,2.254,2.276,2.255,2.364,2.241,2.305,2.354,2.368,2.333,2.305,2.344,2.316,2.312,2.336,2.272,2.255,2.23,2.221,2.257,2.24,2.257,2.237,2.215,2.207,2.188,2.184,2.174,2.13,2.254,2.285,2.206,2.239,2.243,2.245,2.198,2.214,2.205,2.198,2.163,2.172,2.168,2.205,2.272,2.237,2.203,2.231,2.251,2.213,2.249,2.219,2.218,2.243,2.167,2.143,2.103,2.138,2.159,2.095,2.108,2.215,2.198,2.207,2.259,2.195,2.153,2.176,2.155,2.146,2.094,2.159,2.127,2.082,2.105,2.146,2.149,2.138,2.225,2.329,2.191,2.175,2.183,2.197,2.207,2.188,2.155,2.157,2.17,2.158,2.074,2.053,2.108,2.143,2.165,2.121,2.096,2.152,2.107,2.081,2.093,2.096,2.161,2.139,2.181,2.153,2.103,2.099,2.121,2.029,2.105,2.042,1.976,2.016,1.938,1.976,1.867,1.871,1.861,1.896,1.867,1.83,1.852,1.938,1.911,NA,NA,NA,NA,NA,NA,NA,NA,NA,NA,NA,NA,NA,NA,NA,NA,NA,NA,NA,NA,NA,NA,NA,NA,NA,NA,NA,NA,NA,NA,NA,NA,NA,NA,NA,NA,NA,NA,NA,NA,NA,NA,NA,NA,NA,NA,NA,NA
"140","62","     Department stores","RAT5313",2.022,2.079,2.208,2.171,2.173,2.149,2.258,2.292,2.256,2.27,2.235,2.281,2.283,2.27,2.269,2.201,2.218,2.22,2.2,2.176,2.199,2.196,2.194,2.22,2.217,2.187,2.147,2.156,2.17,2.129,2.098,2.093,2.139,2.188,2.183,2.177,2.168,2.121,2.149,2.151,2.128,2.142,2.205,2.177,2.188,2.191,2.179,2.153,2.224,2.285,2.243,2.28,2.212,2.224,2.192,2.199,2.194,2.168,2.168,2.184,2.134,2.259,2.244,2.219,2.299,2.3,2.303,2.294,2.287,2.313,2.356,2.32,2.351,2.392,2.339,2.393,2.384,2.335,2.352,2.364,2.356,2.383,2.366,2.343,2.387,2.351,2.308,2.281,2.305,2.352,2.317,2.311,2.368,2.377,2.349,2.409,2.371,2.277,2.353,2.379,2.33,2.367,2.417,2.362,2.355,2.337,2.327,2.32,2.345,2.394,2.525,2.42,2.416,2.406,2.358,2.376,2.358,2.319,2.345,2.341,2.235,2.234,2.215,2.266,2.326,2.35,2.304,2.286,2.301,2.267,2.269,2.269,2.238,2.324,2.278,2.256,2.267,2.238,2.221,2.264,2.227,2.277,2.251,2.256,2.259,2.239,2.269,2.202,2.197,2.212,2.228,2.21,2.19,2.185,2.203,2.144,NA,NA,NA,NA,NA,NA,NA,NA,NA,NA,NA,NA,NA,NA,NA,NA,NA,NA,NA,NA,NA,NA,NA,NA,NA,NA,NA,NA,NA,NA,NA,NA,NA,NA,NA,NA,NA,NA,NA,NA,NA,NA,NA,NA,NA,NA,NA,NA
"141","63","     Other general mdse stores","RAT53X3",1.685,1.799,1.818,1.9,1.861,1.783,1.883,1.913,1.908,2.002,1.937,1.982,1.928,1.905,1.886,1.914,1.967,2.009,2.078,1.99,1.956,2.05,2.006,2.111,2.073,2.016,1.922,1.939,1.952,1.929,1.901,1.915,1.982,1.904,1.932,1.88,2.038,1.905,1.938,1.897,1.844,1.874,1.898,1.825,1.861,1.845,1.915,1.982,1.906,1.93,1.906,1.903,1.871,1.909,1.909,1.838,1.817,1.731,1.674,1.602,1.575,1.648,1.613,1.6,1.592,1.566,1.577,1.596,1.528,1.535,1.484,1.518,1.467,1.45,1.462,1.446,1.458,1.423,1.401,1.442,1.46,1.43,1.392,1.368,1.4,1.545,1.37,1.35,1.32,1.342,1.367,1.39,1.369,1.354,1.388,1.398,1.258,1.287,1.284,1.342,1.322,1.354,1.379,1.328,1.387,1.399,1.435,1.437,1.417,1.402,1.455,1.498,1.451,1.441,1.421,1.438,1.452,1.498,1.52,1.489,1.44,1.446,1.454,1.445,1.513,1.535,1.492,1.493,1.474,1.483,1.528,1.506,1.485,1.61,1.587,1.565,1.528,1.522,1.522,1.528,1.486,1.499,1.515,1.454,1.524,1.441,1.413,1.4,1.397,1.4,1.426,1.396,1.406,1.39,1.377,1.353,NA,NA,NA,NA,NA,NA,NA,NA,NA,NA,NA,NA,NA,NA,NA,NA,NA,NA,NA,NA,NA,NA,NA,NA,NA,NA,NA,NA,NA,NA,NA,NA,NA,NA,NA,NA,NA,NA,NA,NA,NA,NA,NA,NA,NA,NA,NA,NA
"142","64","     Other nondurable goods","RAT5Y3",0.601,0.612,0.61,0.607,0.612,0.607,0.611,0.612,0.609,0.621,0.623,0.62,0.633,0.643,0.643,0.649,0.649,0.651,0.661,0.656,0.659,0.66,0.655,0.646,0.654,0.662,0.66,0.659,0.65,0.653,0.652,0.65,0.663,0.66,0.663,0.656,0.656,0.642,0.654,0.66,0.656,0.666,0.671,0.673,0.682,0.687,0.676,0.689,0.689,0.691,0.678,0.682,0.676,0.681,0.675,0.677,0.676,0.662,0.662,0.665,0.671,0.674,0.67,0.678,0.681,0.682,0.681,0.684,0.681,0.684,0.677,0.672,0.686,0.679,0.682,0.687,0.699,0.687,0.682,0.673,0.673,0.685,0.687,0.693,0.7,0.695,0.685,0.69,0.692,0.679,0.684,0.69,0.696,0.713,0.718,0.723,0.706,0.72,0.711,0.706,0.696,0.709,0.708,0.688,0.689,0.674,0.669,0.673,0.677,0.672,0.673,0.669,0.666,0.672,0.679,0.675,0.669,0.674,0.678,0.678,0.691,0.683,0.68,0.682,0.684,0.683,0.679,0.685,0.691,0.695,0.697,0.693,0.691,0.685,0.687,0.686,0.686,0.69,0.69,0.694,0.693,0.702,0.692,0.67,0.678,0.675,0.659,0.667,0.667,0.662,0.675,0.664,0.663,0.662,0.652,0.664,NA,NA,NA,NA,NA,NA,NA,NA,NA,NA,NA,NA,NA,NA,NA,NA,NA,NA,NA,NA,NA,NA,NA,NA,NA,NA,NA,NA,NA,NA,NA,NA,NA,NA,NA,NA,NA,NA,NA,NA,NA,NA,NA,NA,NA,NA,NA,NA
