"","Table 1#5#5# Gross Domestic Product, Expanded Detail            ","F2","F3","F4","F5","F6","F7","F8","F9","F10","F11","F12","F13","F14","F15","F16","F17","F18","F19","F20","F21","F22","F23","F24","F25","F26","F27","F28","F29","F30","F31","F32","F33","F34","F35","F36","F37","F38","F39","F40","F41","F42","F43","F44","F45","F46","F47","F48","F49","F50","F51","F52","F53","F54","F55","F56","F57","F58","F59","F60","F61","F62","F63","F64","F65","F66","F67","F68","F69","F70","F71","F72","F73","F74","F75","F76","F77","F78","F79","F80","F81","F82","F83","F84","F85","F86","F87","F88","F89","F90","F91","F92","F93","F94","F95","F96","F97","F98","F99","F100","F101","F102","F103","F104","F105","F106","F107","F108","F109","F110","F111","F112","F113","F114","F115","F116","F117","F118","F119","F120","F121","F122","F123","F124","F125","F126","F127","F128","F129","F130","F131","F132","F133","F134","F135","F136","F137","F138","F139","F140","F141","F142","F143","F144","F145","F146","F147","F148","F149","F150","F151","F152","F153","F154","F155","F156","F157","F158","F159","F160","F161","F162","F163","F164","F165","F166","F167","F168","F169","F170","F171","F172","F173","F174","F175","F176","F177","F178"
"1","[Billions of dollars]; Seasonally adjusted at annual rates                                                                 ",NA,NA,NA,NA,NA,NA,NA,NA,NA,NA,NA,NA,NA,NA,NA,NA,NA,NA,NA,NA,NA,NA,NA,NA,NA,NA,NA,NA,NA,NA,NA,NA,NA,NA,NA,NA,NA,NA,NA,NA,NA,NA,NA,NA,NA,NA,NA,NA,NA,NA,NA,NA,NA,NA,NA,NA,NA,NA,NA,NA,NA,NA,NA,NA,NA,NA,NA,NA,NA,NA,NA,NA,NA,NA,NA,NA,NA,NA,NA,NA,NA,NA,NA,NA,NA,NA,NA,NA,NA,NA,NA,NA,NA,NA,NA,NA,NA,NA,NA,NA,NA,NA,NA,NA,NA,NA,NA,NA,NA,NA,NA,NA,NA,NA,NA,NA,NA,NA,NA,NA,NA,NA,NA,NA,NA,NA,NA,NA,NA,NA,NA,NA,NA,NA,NA,NA,NA,NA,NA,NA,NA,NA,NA,NA,NA,NA,NA,NA,NA,NA,NA,NA,NA,NA,NA,NA,NA,NA,NA,NA,NA,NA,NA,NA,NA,NA,NA,NA,NA,NA,NA,NA,NA,NA,NA,NA,NA
"2","Quarterly data from 1969 To 2012",NA,NA,NA,NA,NA,NA,NA,NA,NA,NA,NA,NA,NA,NA,NA,NA,NA,NA,NA,NA,NA,NA,NA,NA,NA,NA,NA,NA,NA,NA,NA,NA,NA,NA,NA,NA,NA,NA,NA,NA,NA,NA,NA,NA,NA,NA,NA,NA,NA,NA,NA,NA,NA,NA,NA,NA,NA,NA,NA,NA,NA,NA,NA,NA,NA,NA,NA,NA,NA,NA,NA,NA,NA,NA,NA,NA,NA,NA,NA,NA,NA,NA,NA,NA,NA,NA,NA,NA,NA,NA,NA,NA,NA,NA,NA,NA,NA,NA,NA,NA,NA,NA,NA,NA,NA,NA,NA,NA,NA,NA,NA,NA,NA,NA,NA,NA,NA,NA,NA,NA,NA,NA,NA,NA,NA,NA,NA,NA,NA,NA,NA,NA,NA,NA,NA,NA,NA,NA,NA,NA,NA,NA,NA,NA,NA,NA,NA,NA,NA,NA,NA,NA,NA,NA,NA,NA,NA,NA,NA,NA,NA,NA,NA,NA,NA,NA,NA,NA,NA,NA,NA,NA,NA,NA,NA,NA,NA
"3","Bureau of Economic Analysis",NA,NA,NA,NA,NA,NA,NA,NA,NA,NA,NA,NA,NA,NA,NA,NA,NA,NA,NA,NA,NA,NA,NA,NA,NA,NA,NA,NA,NA,NA,NA,NA,NA,NA,NA,NA,NA,NA,NA,NA,NA,NA,NA,NA,NA,NA,NA,NA,NA,NA,NA,NA,NA,NA,NA,NA,NA,NA,NA,NA,NA,NA,NA,NA,NA,NA,NA,NA,NA,NA,NA,NA,NA,NA,NA,NA,NA,NA,NA,NA,NA,NA,NA,NA,NA,NA,NA,NA,NA,NA,NA,NA,NA,NA,NA,NA,NA,NA,NA,NA,NA,NA,NA,NA,NA,NA,NA,NA,NA,NA,NA,NA,NA,NA,NA,NA,NA,NA,NA,NA,NA,NA,NA,NA,NA,NA,NA,NA,NA,NA,NA,NA,NA,NA,NA,NA,NA,NA,NA,NA,NA,NA,NA,NA,NA,NA,NA,NA,NA,NA,NA,NA,NA,NA,NA,NA,NA,NA,NA,NA,NA,NA,NA,NA,NA,NA,NA,NA,NA,NA,NA,NA,NA,NA,NA,NA,NA
"4","Data published October 26, 2012  ",NA,NA,NA,NA,NA,NA,NA,NA,NA,NA,NA,NA,NA,NA,NA,NA,NA,NA,NA,NA,NA,NA,NA,NA,NA,NA,NA,NA,NA,NA,NA,NA,NA,NA,NA,NA,NA,NA,NA,NA,NA,NA,NA,NA,NA,NA,NA,NA,NA,NA,NA,NA,NA,NA,NA,NA,NA,NA,NA,NA,NA,NA,NA,NA,NA,NA,NA,NA,NA,NA,NA,NA,NA,NA,NA,NA,NA,NA,NA,NA,NA,NA,NA,NA,NA,NA,NA,NA,NA,NA,NA,NA,NA,NA,NA,NA,NA,NA,NA,NA,NA,NA,NA,NA,NA,NA,NA,NA,NA,NA,NA,NA,NA,NA,NA,NA,NA,NA,NA,NA,NA,NA,NA,NA,NA,NA,NA,NA,NA,NA,NA,NA,NA,NA,NA,NA,NA,NA,NA,NA,NA,NA,NA,NA,NA,NA,NA,NA,NA,NA,NA,NA,NA,NA,NA,NA,NA,NA,NA,NA,NA,NA,NA,NA,NA,NA,NA,NA,NA,NA,NA,NA,NA,NA,NA,NA,NA
"5","File created 10/25/2012 2:47:41 PM",NA,NA,NA,NA,NA,NA,NA,NA,NA,NA,NA,NA,NA,NA,NA,NA,NA,NA,NA,NA,NA,NA,NA,NA,NA,NA,NA,NA,NA,NA,NA,NA,NA,NA,NA,NA,NA,NA,NA,NA,NA,NA,NA,NA,NA,NA,NA,NA,NA,NA,NA,NA,NA,NA,NA,NA,NA,NA,NA,NA,NA,NA,NA,NA,NA,NA,NA,NA,NA,NA,NA,NA,NA,NA,NA,NA,NA,NA,NA,NA,NA,NA,NA,NA,NA,NA,NA,NA,NA,NA,NA,NA,NA,NA,NA,NA,NA,NA,NA,NA,NA,NA,NA,NA,NA,NA,NA,NA,NA,NA,NA,NA,NA,NA,NA,NA,NA,NA,NA,NA,NA,NA,NA,NA,NA,NA,NA,NA,NA,NA,NA,NA,NA,NA,NA,NA,NA,NA,NA,NA,NA,NA,NA,NA,NA,NA,NA,NA,NA,NA,NA,NA,NA,NA,NA,NA,NA,NA,NA,NA,NA,NA,NA,NA,NA,NA,NA,NA,NA,NA,NA,NA,NA,NA,NA,NA,NA
"6",NA,NA,NA,NA,NA,NA,NA,NA,NA,NA,NA,NA,NA,NA,NA,NA,NA,NA,NA,NA,NA,NA,NA,NA,NA,NA,NA,NA,NA,NA,NA,NA,NA,NA,NA,NA,NA,NA,NA,NA,NA,NA,NA,NA,NA,NA,NA,NA,NA,NA,NA,NA,NA,NA,NA,NA,NA,NA,NA,NA,NA,NA,NA,NA,NA,NA,NA,NA,NA,NA,NA,NA,NA,NA,NA,NA,NA,NA,NA,NA,NA,NA,NA,NA,NA,NA,NA,NA,NA,NA,NA,NA,NA,NA,NA,NA,NA,NA,NA,NA,NA,NA,NA,NA,NA,NA,NA,NA,NA,NA,NA,NA,NA,NA,NA,NA,NA,NA,NA,NA,NA,NA,NA,NA,NA,NA,NA,NA,NA,NA,NA,NA,NA,NA,NA,NA,NA,NA,NA,NA,NA,NA,NA,NA,NA,NA,NA,NA,NA,NA,NA,NA,NA,NA,NA,NA,NA,NA,NA,NA,NA,NA,NA,NA,NA,NA,NA,NA,NA,NA,NA,NA,NA,NA,NA,NA,NA,NA
"7","Line",NA,NA,1969,1969,1969,1969,1970,1970,1970,1970,1971,1971,1971,1971,1972,1972,1972,1972,1973,1973,1973,1973,1974,1974,1974,1974,1975,1975,1975,1975,1976,1976,1976,1976,1977,1977,1977,1977,1978,1978,1978,1978,1979,1979,1979,1979,1980,1980,1980,1980,1981,1981,1981,1981,1982,1982,1982,1982,1983,1983,1983,1983,1984,1984,1984,1984,1985,1985,1985,1985,1986,1986,1986,1986,1987,1987,1987,1987,1988,1988,1988,1988,1989,1989,1989,1989,1990,1990,1990,1990,1991,1991,1991,1991,1992,1992,1992,1992,1993,1993,1993,1993,1994,1994,1994,1994,1995,1995,1995,1995,1996,1996,1996,1996,1997,1997,1997,1997,1998,1998,1998,1998,1999,1999,1999,1999,2000,2000,2000,2000,2001,2001,2001,2001,2002,2002,2002,2002,2003,2003,2003,2003,2004,2004,2004,2004,2005,2005,2005,2005,2006,2006,2006,2006,2007,2007,2007,2007,2008,2008,2008,2008,2009,2009,2009,2009,2010,2010,2010,2010,2011,2011,2011,2011,2012,2012,2012
"8",NA,NA,NA,1,2,3,4,1,2,3,4,1,2,3,4,1,2,3,4,1,2,3,4,1,2,3,4,1,2,3,4,1,2,3,4,1,2,3,4,1,2,3,4,1,2,3,4,1,2,3,4,1,2,3,4,1,2,3,4,1,2,3,4,1,2,3,4,1,2,3,4,1,2,3,4,1,2,3,4,1,2,3,4,1,2,3,4,1,2,3,4,1,2,3,4,1,2,3,4,1,2,3,4,1,2,3,4,1,2,3,4,1,2,3,4,1,2,3,4,1,2,3,4,1,2,3,4,1,2,3,4,1,2,3,4,1,2,3,4,1,2,3,4,1,2,3,4,1,2,3,4,1,2,3,4,1,2,3,4,1,2,3,4,1,2,3,4,1,2,3,4,1,2,3,4,1,2,3
"9","1","    Gross domestic product","A191RC1",960.9,976.1,996.3,1004.5,1017.1,1033.1,1050.5,1052.7,1098.1,1118.8,1139.1,1151.4,1190.1,1225.6,1249.3,1286.6,1335.1,1371.5,1390.7,1431.8,1446.5,1484.8,1513.7,1552.8,1569.4,1605,1662.4,1713.9,1771.9,1804.2,1837.7,1884.5,1938.5,2005.2,2066,2110.8,2149.1,2274.7,2335.2,2416,2463.3,2526.4,2599.7,2659.4,2724.1,2728,2785.2,2915.3,3051.4,3084.3,3177,3194.7,3184.9,3240.9,3274.4,3312.5,3381,3482.2,3587.1,3688.1,3807.4,3906.3,3976,4034,4117.2,4175.7,4258.3,4318.7,4382.4,4423.2,4491.3,4543.3,4611.1,4686.7,4764.5,4883.1,4948.6,5059.3,5142.8,5251,5360.3,5453.6,5532.9,5581.7,5708.1,5797.4,5850.6,5846,5880.2,5962,6033.7,6092.5,6190.7,6295.2,6389.7,6493.6,6544.5,6622.7,6688.3,6813.8,6916.3,7044.3,7131.8,7248.2,7307.7,7355.8,7452.5,7542.5,7638.2,7800,7892.7,8023,8137,8276.8,8409.9,8505.7,8600.6,8698.6,8847.2,9027.5,9148.6,9252.6,9405.1,9607.7,9709.5,9949.1,10017.5,10129.8,10165.1,10301.3,10305.2,10373.1,10498.7,10601.9,10701.7,10766.9,10887.4,11011.6,11255.1,11414.8,11589.9,11762.9,11936.3,12123.9,12361.8,12500,12728.6,12901.4,13161.4,13330.4,13432.8,13584.2,13758.5,13976.8,14126.2,14253.2,14273.9,14415.5,14395.1,14081.7,13923.4,13885.4,13952.2,14133.6,14270.3,14413.5,14576,14735.9,14814.9,15003.6,15163.2,15321,15478.3,15585.6,15775.7
"10","2","Personal consumption expenditures","DPCERC1",588.4,599.8,610.1,622.1,633.2,643.1,655.1,661.8,680.8,694.9,707.3,723.5,740.9,759.4,777.9,802.7,827.3,842.9,861.4,876.5,894.7,923.2,952,961.8,988.1,1016.8,1050.6,1079.6,1113.4,1133,1162.4,1196.2,1231.7,1259.7,1290.9,1329.1,1359.1,1416.7,1447.7,1487,1522.6,1563.2,1617.7,1661.2,1708,1710,1768.7,1836.6,1892.4,1924,1963.4,1978.2,2016.2,2042.7,2090.7,2152.4,2192.2,2256.4,2326.5,2379.2,2425.5,2484.1,2522.8,2572,2643.4,2687.4,2755.9,2783.7,2827.2,2859.2,2930.6,2969.9,3004.8,3071.9,3138.3,3173,3253.5,3313,3380.4,3453.3,3507.7,3570,3626.8,3673.5,3758.7,3811.8,3875.2,3896,3909.7,3963.3,4008.7,4038.6,4140.1,4193.5,4267.7,4346.2,4384.9,4452.1,4516.3,4581.1,4650.4,4709.8,4786.3,4856.7,4888.7,4957.5,5022.9,5080.1,5156.5,5248.8,5304.4,5384.7,5467.1,5504,5613.3,5698.1,5757.5,5870.2,5968,6078.2,6157.4,6290,6398.9,6524.9,6683,6775.7,6881.7,6981.1,7058.1,7118.7,7151.2,7267.2,7309,7403.4,7491.2,7553.2,7645.9,7727.4,7882,7961.2,8098.1,8193.9,8316.5,8473.8,8591.9,8730.3,8895.8,8996.1,9126.2,9249.3,9371.7,9456.8,9601.7,9720.9,9817.7,9948.7,10018.5,10126.5,10135.8,9861.3,9768.4,9763.9,9888.8,9962.5,10069.1,10148.3,10243.6,10401.9,10566.3,10684.9,10791.2,10873.8,11007.2,11067.2,11171.9
"11","3","  Goods","DGDSRC1",298.8,302.7,306.6,310.6,314.1,317.6,321.7,321.8,333.9,339.8,343.9,350.9,357.7,368.4,377.7,391.5,407.3,412.7,420.7,425.9,435.5,448.6,464,458.1,468,481.5,502.8,513.1,530.7,539,550.5,565.1,580.4,592.9,603.9,624.3,629.2,661,672.4,691.7,707.9,722.2,753.3,768.4,792,777.8,801.9,827.5,860.1,863.8,881.1,872.5,886.3,887.9,901.8,921.1,925.9,962.6,990.8,1015.8,1037.9,1063.6,1066.6,1086.6,1110.4,1126,1156.9,1157.1,1170.9,1174.7,1216.7,1220.1,1215.9,1251.4,1281.2,1276.7,1308.8,1326.8,1341.2,1372.5,1389,1421.1,1441.9,1443.2,1489.6,1479.3,1496.7,1499.7,1485.8,1497,1508.7,1498.2,1533.8,1548.2,1573.1,1597.9,1607,1634.2,1649.2,1679.1,1705.7,1726.8,1758.9,1794.8,1788.1,1803.9,1826.2,1843.9,1871,1915.9,1925.9,1957.9,1986.7,1974.5,2020.5,2045.4,2045.2,2090.6,2121.8,2182.5,2207.1,2275.6,2314.4,2362.8,2417.9,2442.7,2475.5,2500.4,2506.8,2518.4,2524,2586.9,2569.6,2599.2,2632,2639.1,2673.9,2683.8,2769.4,2785.1,2838.6,2860.3,2897.9,2971.7,3000.9,3049.2,3126.8,3130.1,3181.1,3211.6,3255.9,3250.3,3296.7,3349.2,3378.7,3431.2,3422.3,3466.9,3456.1,3181.4,3125.5,3142,3244.4,3265.5,3318.2,3321.7,3361,3458.6,3561.4,3604.3,3643.6,3690,3755.9,3741.5,3799.5
"12","4","    Durable goods","DDURRC1",90,90.4,90.6,90.8,89.6,91,92,87.3,98.1,101,103.4,107.3,110.7,114.1,117.6,123.4,131.8,131.3,130.8,128.2,126.7,130.6,136.3,127.1,131.8,136.7,146.8,153.4,163.3,165.9,169.8,175.5,183.9,189.2,194,200.7,198.2,216.2,216.7,222.3,223.3,222.1,230.9,229,232.1,211.9,225.4,236.2,246,240.9,251.9,236.8,246.4,249.2,252.1,264.4,268.9,289.6,302.4,319.3,331.4,341.3,342.1,353.8,368,373.3,396.5,383.8,391.6,407.3,445.7,441.1,418.5,439.1,460.5,449.9,470.4,473.2,470.4,486.2,486.4,493.3,505.6,491.9,515.4,498.4,493.6,480.9,471.7,475.2,484.3,477.5,496.2,501,512.1,523.1,527.9,547.8,556.6,573.8,588.8,598.7,609.3,631.8,621.2,626.9,642.5,652.3,659.8,676.3,679.4,689.6,705.6,696.6,722.8,737.1,737.9,769.8,786,826.4,821.3,856.4,873.1,878.6,923.5,905,915,919.5,930.9,923.9,928.9,1001.7,981.3,986.4,1010.4,990.3,981.4,1011.4,1043.3,1043.6,1057.5,1062.9,1075.8,1095.2,1105.2,1134.7,1142.3,1111.2,1150.5,1145.8,1156.9,1166.6,1175.6,1187,1194.5,1196.8,1163,1146.6,1106.6,1019.3,1016.3,1010.4,1052.7,1038.9,1049.1,1070.2,1082.6,1115.7,1133.9,1131.8,1144.8,1175.1,1204.6,1200.3,1217.8
"13","5","      Motor vehicles and parts","DMOTRC1",37.6,37.1,37.7,37.3,34.9,36.2,36.4,30.6,41,42.5,43.7,45.8,46.8,48.4,49.6,52.7,57.1,55.8,54,50.5,47,48.1,52.1,45.4,47.7,48.6,55.5,58.9,65.8,67,68.7,71.2,78.3,78.7,79.9,82.3,80.5,92.4,91.2,92.6,92.7,86.8,91.8,89.4,91.8,74.7,84.2,87.1,96.7,89.8,98.8,86.7,97.2,96.9,98.7,107.3,106,121.5,127.1,137.1,143.4,147.2,146.1,152,162.8,165.7,185.4,166.3,169.5,180.3,208.1,192.2,169.5,186.3,204.3,192.6,205.9,202.3,196.8,203.8,206.1,207.7,216.8,200.5,218.4,206.2,202.9,192.9,181.7,181.4,191.7,188.2,198.4,202.3,206.5,212,210.9,223.6,226,238.4,247.1,245.7,247.7,258.9,250.1,251.6,257.6,263.5,269.1,273.4,273.7,277.7,291,279.5,296.9,304.9,294.2,315,320.7,350.9,333.6,357.3,361,350.9,379.3,353.6,358.8,361.3,372.5,365.6,368.9,426.1,393.8,395.3,421.4,395,389.1,403.2,412.3,399.6,400.1,399.7,403.5,412.2,407.4,423.9,424.2,377.4,393.3,392.2,398.2,395.6,396.8,402.9,400.6,399.3,378.9,354.1,332.6,291.5,299.2,303.6,341.3,320,321.1,336.5,346.3,367,374.5,362.2,367.4,390.3,402.1,396,401.8
"14","6","      Furnishings and durable household equipment","DFDHRC1",27.3,27.9,27.5,27.7,27.8,28,28.1,28.7,29,29.5,30.2,31.1,32.3,32.8,34,35,37.1,37.7,38.2,38.9,40.1,41.2,41.8,40.4,40.8,41.9,43.1,44.5,45.8,46.4,47.4,49,51.1,52.6,53.9,55.8,55.3,59,59.9,61.8,62.5,64.3,66.9,67.3,67.4,66,67.4,70.6,71.5,71.8,72,70.6,70.1,71.3,71.9,73.9,76.1,77.9,81.2,83.9,85.8,88.8,89.4,91.4,92,93.4,95.1,97.9,100.1,101.9,105.2,106.5,107.9,108.9,110.7,110.7,112.3,114.5,115.2,118.6,120.1,121.3,121.8,122.4,124.6,121.2,119.8,118.1,118.4,119.9,118.9,117.9,122,123,125.1,127.1,128.3,130.8,132.6,133.8,135.2,139.3,142.5,145.1,144.2,145,148.1,149.7,148.8,153.9,154.4,157.1,157.9,158.9,161.7,163.5,168.1,171.6,174.9,179.6,184.6,188.1,193.6,198.4,204.2,207.7,210.1,210.4,212.7,213.2,214.4,219.5,224.8,226.5,224.8,227.3,224.5,229.6,235.2,237.8,242.3,244.7,248.3,252.7,255.3,259.7,262.6,267.6,273.9,270.3,270.9,270.7,273.2,271.2,270.9,269.8,264.2,265.1,257.5,244.7,237.8,234.6,234,235.2,238.9,242.4,240.7,243.4,245.9,249.6,253.5,257.9,264.6,264,268.3
"15","7","      Recreational goods and vehicles","DREQRC1",16.4,16.7,16.7,17,17.8,17.6,17.9,18.3,18.4,19,19.3,20.1,21.2,22,23,24.2,25.5,25.1,25.5,25.3,25.5,26.6,27.6,26.6,27.8,30.2,31.1,32.4,33.3,33.7,34.3,35.5,35.9,37.3,38.4,39.4,40,41.5,41.7,43.5,44.5,46.3,46.4,46.1,45.5,44.6,46.5,49.3,48.5,49.6,51.2,50.2,49.9,51.1,51.5,52.6,54.9,57.2,59.7,62.9,65.8,67.1,68,70.5,73,73.3,73.7,76.2,77.7,79.6,84.9,89.8,89.8,91.7,93,92.7,96.3,99.3,100.2,103.8,100.8,103.6,105.2,106,106.7,105.7,105.2,104.6,106.2,108.1,109.2,107.5,109.5,108.9,111.3,114.3,118.6,122.2,124.8,128.3,131.8,138.4,142,149.1,148.8,151.3,156.8,157.9,159.7,164.7,166.3,169,170.6,172.4,176.3,179.2,184.1,189.2,195.6,199.4,204.1,210.2,215.5,221.1,231.4,232.8,235.3,236.8,235.5,237.7,239,246.9,251,251.3,250.9,252.8,253.4,259.6,271.2,278.7,284.8,288.1,292.8,296.3,304.9,311.8,314.8,319.8,331.6,330.3,333.1,341.4,342.6,345.9,352.5,356.7,349.9,355.7,346.7,323.7,321.1,311.9,315.8,320.4,323,325.4,327,331.3,336.5,338.7,341,344.2,350.2,351,356.5
"16","8","      Other durable goods","DODGRC1",8.7,8.7,8.7,8.8,9.1,9.1,9.6,9.7,9.7,9.9,10.2,10.4,10.5,10.8,11.1,11.5,12.2,12.7,13.1,13.6,14,14.6,14.8,14.8,15.5,16,17,17.6,18.4,18.9,19.4,19.8,18.7,20.6,21.8,23.2,22.3,23.2,24,24.4,23.6,24.7,25.8,26.2,27.3,26.6,27.3,29.3,29.3,29.7,30,29.3,29.2,29.9,30,30.5,31.9,33,34.3,35.4,36.4,38.1,38.6,40,40.2,40.8,42.2,43.2,44.2,45.4,47.5,52.7,51.3,52.2,52.6,53.9,56,57.1,58.1,60,59.5,60.8,61.8,63,65.7,65.2,65.6,65.3,65.4,65.9,64.5,63.9,66.3,66.8,69.1,69.8,70.1,71.2,73.4,73.3,74.7,75.3,77.1,78.7,78.1,79,80,81.1,82.3,84.4,84.9,85.8,86.1,85.8,87.9,89.5,91.5,93.9,94.8,96.4,99,100.8,103,108.1,108.7,110.9,110.8,111,110.2,107.4,106.5,109.3,111.8,113.3,113.3,115.2,114.3,119,124.7,127.5,130.3,130.5,131.2,134,137.6,139.4,140.7,146.4,151.8,152.9,154.7,158.9,162.9,167,170.4,171,170,171.6,169.8,159.4,158.2,160.2,161.6,163.2,166.1,165.9,168.7,174,177.1,181.3,182.9,182.7,187.7,189.4,191.2
"17","9","    Nondurable goods","DNDGRC1",208.8,212.2,216,219.7,224.5,226.5,229.7,234.5,235.8,238.8,240.4,243.6,247,254.3,260.1,268.1,275.5,281.4,289.9,297.7,308.9,318,327.7,330.9,336.2,344.8,356,359.7,367.4,373.1,380.6,389.6,396.5,403.7,409.9,423.6,431.1,444.8,455.6,469.4,484.6,500.1,522.3,539.4,559.9,565.9,576.5,591.3,614,622.8,629.1,635.7,639.9,638.7,649.7,656.7,657,673,688.4,696.5,706.5,722.4,724.6,732.8,742.4,752.8,760.5,773.3,779.3,767.5,771,779,797.4,812.3,820.7,826.8,838.4,853.5,870.8,886.3,902.5,927.7,936.3,951.3,974.2,980.9,1003.1,1018.8,1014.1,1021.8,1024.4,1020.7,1037.7,1047.2,1061.1,1074.8,1079.1,1086.3,1092.5,1105.3,1116.8,1128.1,1149.6,1163,1166.9,1177,1183.7,1191.7,1211.2,1239.5,1246.5,1268.3,1281.1,1277.9,1297.7,1308.2,1307.3,1320.8,1335.8,1356.2,1385.8,1419.2,1441.3,1484.2,1494.3,1537.7,1560.5,1580.9,1575.9,1594.5,1595.1,1585.2,1588.3,1612.8,1621.6,1648.8,1692.6,1672.4,1726.1,1741.4,1781.1,1797.3,1822.1,1876.5,1895.7,1914.4,1984.5,2018.9,2030.5,2065.8,2099,2083.6,2121.2,2162.2,2184.3,2234.4,2259.4,2320.3,2349.4,2162.2,2109.2,2131.6,2191.7,2226.7,2269.1,2251.5,2278.4,2342.9,2427.5,2472.4,2498.7,2515,2551.3,2541.2,2581.7
"18","10","      Food and beverages purchased for off-premises consumption","DFXARC1",93.1,94.1,95.9,98.4,101.6,102.6,104.1,105.7,105.7,107.2,107.1,108.4,109.7,113.8,115.8,118.6,121.1,124,129.7,132,137.6,139.6,145.8,149.1,151.5,154.8,159.8,160.2,163.3,165.8,168.5,171.5,175,178.9,180.3,184.9,188.6,193.8,198.5,203.5,210.9,215.7,220.1,226.8,232.8,236,241.3,246.6,250.6,254,256.7,260.1,262.3,265.9,268.6,271.8,270.9,275.7,279.8,281.7,285.4,290.6,293.5,294.8,297.8,300.5,303.8,309.7,314.5,314.1,316.3,320.7,321.9,324,325.2,326.1,333,339.9,347.1,351.3,357.8,362,367.8,374,383,390,395.8,396,400.6,406.3,405.1,399.9,402.7,402.2,404.9,408,408.3,411.4,414.4,419.7,423.9,430.2,435.2,439.1,440.8,442.5,443.8,447.9,453.4,460.1,464.3,469.8,473.5,471.8,476.4,477.4,478.6,483.7,488.8,495,502.9,509.3,515.6,526.5,524.1,535.6,541.3,548.8,552,559.3,562,565.5,566.2,567.5,569.2,575.5,582.6,580.8,591.9,594.9,603.8,607.4,614.5,626.2,632.9,639.4,647.6,658.1,662.8,669.9,675.5,688.6,698.7,704.6,714.5,727.1,732.5,749.2,757.1,746.7,739.7,739.8,741.1,748.7,758,753.3,757.7,773.5,791.8,807.3,817.3,824.4,827,827.5,831.3
"19","11","      Clothing and footwear","DCLORC1",43.4,44,44.8,45.1,44.9,45,45.3,46.6,47.4,49,49.5,50.3,51,52.5,54.2,56.3,58.3,59,59.4,60.3,61.6,62.7,63.6,61.8,64.1,66.5,68.1,68.8,70.3,71,73,74.5,75.7,77.4,79.8,84.3,84.7,89.1,90.5,93,93.2,94.7,98.1,99.5,100.2,100.6,103.9,107.3,110.9,112.5,114.7,114.6,116.1,114.9,117.2,118.9,120.5,125.3,127.9,132.1,134.4,138.2,137.3,140.6,143.1,145.7,148,150.6,153.4,157,158.9,159.5,164.2,166.7,169.5,170.6,172.7,175,179.3,185.8,186.2,189.6,191.5,194.3,195.7,195.7,195.9,193.7,196.2,200.3,201.3,198.5,205.8,208.9,213.5,216.9,215.4,217.9,220.2,222.7,224.9,225.5,227.7,231.7,228.5,229.7,233.4,233.4,235,239.8,240.4,243,243.7,244.4,249.9,252,254.6,257.7,257.4,261.5,267.5,271.5,272.2,273.3,275.9,280.1,282.5,284.8,280.6,278.4,275.3,277.1,279.2,278.7,275.5,282,279.1,283.3,291.1,291.2,298.1,295.2,297.5,304,308.3,314,312.5,321.3,323.1,325.4,328.2,332.6,336.8,334.1,334.6,336.2,332.5,339.1,333.3,318.9,317.6,313.2,317.3,319.8,327.1,329.4,331,339.1,342.3,347.5,351.1,355.9,363.1,363,369.6
"20","12","      Gasoline and other energy goods","DGOERC1",24.3,25,25.1,25.5,25.9,26.1,26.3,26.9,27.4,27.4,27.7,28.1,28.3,28.4,29.5,31.4,32.5,33.5,34.2,37.1,39.2,44.2,45.6,46.4,45.7,46.9,49.4,50.1,51.1,51.6,53.2,56.1,56.6,57.3,57.9,59.5,60.2,60.6,61.2,63.8,68.8,75.1,86.1,91.6,101.6,102.9,101,102.1,113.4,114.4,112.6,113.3,112,106.1,108.7,106.7,103,105.3,109.3,108.3,108,109.6,107,108.2,108.1,111.5,111,111.4,106.6,89.5,84.8,83.8,91.7,96.2,97.9,99.7,98.4,99.6,100.9,100.5,103.5,116.2,110.7,111.4,116.4,113.8,125.5,141.1,124.7,119.6,119.8,120.4,120.1,124.1,126.8,129,128.6,126.4,125.1,127.4,127.4,124.8,132.2,132.5,134.5,135.8,132.6,130.7,139.1,147.8,143.5,148.6,152.2,144.3,146.5,147.7,136.6,132.6,133.3,130.9,127.9,146.2,155.9,165.2,178.4,187.7,194,195.2,191.1,196.2,185.7,161.4,154.1,174.7,180.4,189.1,218.9,191.7,211.3,216,234.7,240.6,247.4,275,276,275.1,330.9,333.2,323,341.6,361.6,314.7,330.6,363.4,368,397.1,418.3,444,466.9,312.6,261.4,275.7,321.5,338.7,357.9,335.2,344.2,372.2,419.2,431.4,435,427.6,440.5,428.5,446.8
"21","13","      Other nondurable goods","DONGRC1",48.1,49,50.2,50.8,52.1,52.8,54,55.3,55.4,55.2,56,56.7,57.9,59.6,60.7,61.8,63.5,64.9,66.6,68.3,70.4,71.5,72.7,73.6,75,76.6,78.7,80.6,82.7,84.6,85.8,87.5,89.2,90.1,91.9,95,97.5,101.4,105.5,109,111.7,114.6,118.1,121.5,125.3,126.5,130.3,135.3,139.1,142,145.1,147.7,149.6,151.9,155.3,159.4,162.6,166.7,171.5,174.5,178.6,184,186.8,189.1,193.4,195.1,197.7,201.6,204.7,206.8,211.1,214.9,219.7,225.4,228,230.4,234.2,239,243.5,248.8,255.1,260,266.3,271.7,279.1,281.4,286,288,292.6,295.6,298.2,301.8,309.1,312,315.9,320.9,326.8,330.5,332.9,335.5,340.7,347.7,354.4,359.7,363,369.1,373.8,379.7,383.7,391.8,398.3,407,411.8,417.4,424.9,431.1,437.5,446.8,456.3,468.7,487.4,492.2,497.7,519.3,515.8,534.4,542.6,552.1,552.1,560.6,572.1,581.2,588.8,591.9,596.5,602.2,612,616.7,631.8,639.4,644.6,654.2,662.7,671.3,678.5,685.9,693.5,706.3,721.7,729,733.7,747.7,755.1,760.1,767.2,774,776.1,788,792.1,784,790.4,802.9,811.8,819.5,826,833.5,845.5,858.2,874.2,886.3,895.3,907.1,920.6,922.3,934.1
"22","14","  Services","DSERRC1",289.6,297.1,303.5,311.5,319.1,325.6,333.4,340,346.9,355,363.4,372.6,383.1,391,400.3,411.2,420,430.2,440.6,450.6,459.2,474.6,488,503.8,520.1,535.3,547.9,566.5,582.6,594.1,612,631.1,651.3,666.7,687,704.8,729.8,755.7,775.4,795.3,814.7,841,864.4,892.8,916,932.2,966.9,1009.1,1032.3,1060.2,1082.4,1105.7,1129.9,1154.7,1188.9,1231.3,1266.3,1293.7,1335.7,1363.4,1387.6,1420.5,1456.1,1485.3,1533,1561.4,1598.9,1626.6,1656.4,1684.4,1713.9,1749.8,1788.9,1820.5,1857.1,1896.2,1944.7,1986.3,2039.2,2080.8,2118.7,2148.9,2184.8,2230.3,2269.2,2332.6,2378.5,2396.3,2423.9,2466.3,2500,2540.4,2606.3,2645.3,2694.5,2748.4,2777.9,2817.9,2867.1,2902,2944.7,2983,3027.4,3061.8,3100.6,3153.6,3196.7,3236.2,3285.5,3332.9,3378.5,3426.8,3480.4,3529.5,3592.9,3652.8,3712.3,3779.6,3846.2,3895.7,3950.3,4014.3,4084.4,4162.1,4265.1,4332.9,4406.2,4480.7,4551.4,4600.3,4627.3,4680.3,4739.4,4804.1,4859.2,4914.1,4972,5043.6,5112.6,5176.2,5259.5,5333.7,5418.6,5502.1,5591,5681.2,5769,5866,5945.1,6037.6,6115.8,6206.6,6305,6371.8,6439,6517.6,6596.2,6659.6,6679.7,6679.9,6642.9,6621.9,6644.4,6697,6750.9,6826.6,6882.6,6943.3,7004.9,7080.6,7147.6,7183.8,7251.3,7325.7,7372.4
"23","15","    Household consumption expenditures (for services)","DHCERC1",279.9,287.2,293.3,301,308.4,314.6,322.1,328.6,335.2,343,350.9,359.5,370,377.6,386.8,396.8,406,415.6,425.9,435.5,443.5,458.1,471.4,486.8,502.8,517.7,529.5,547.6,562.7,574.2,592,610.6,630.2,645.7,665,681.7,706.3,731.6,750.6,769.8,787.8,813.5,836.8,863.7,885.8,900.9,934.5,975.3,997.8,1024.6,1045.7,1067.5,1090.9,1115.2,1148.3,1190.1,1224.7,1251.6,1292.5,1318.8,1342.3,1373.4,1407.9,1435.6,1484,1511.6,1548.2,1574.9,1602.8,1628.9,1657.9,1693.4,1731.8,1763,1797.8,1835.9,1881.1,1920.5,1971.2,2011.2,2049.4,2077.7,2112.1,2156.6,2194,2254.2,2296.7,2313.3,2341.4,2382.7,2415.2,2454.3,2517.4,2553.8,2600.6,2653.3,2684.5,2724.2,2772.1,2805.7,2846.4,2882.1,2923.4,2955.7,2995.4,3047.1,3089.1,3126.7,3172.2,3216.7,3260.9,3311.1,3369.6,3419.4,3480.9,3536.6,3590.2,3651.2,3711.9,3756.7,3810,3871,3937.7,4010.9,4108.4,4171.4,4238.4,4305.3,4371.5,4415.4,4438.4,4489.1,4543.1,4601.3,4650.5,4702,4760.6,4832,4901,4965.7,5050.1,5124.1,5208.8,5293.3,5390.9,5475.9,5555,5638.7,5715.5,5801.1,5869.5,5959,6056.2,6126.3,6182.3,6252.8,6325,6377.8,6389.2,6385.1,6360.5,6345.5,6366.6,6415.4,6472.5,6546.3,6603.6,6662.4,6722.1,6790.5,6848.1,6888.5,6956.4,7019.4,7059.4
"24","16","      Housing and utilities","DHUTRC1",97.7,99.5,102.2,104.5,106.2,107.9,110.5,113.1,115.8,118.6,121.3,124.1,126.8,129.6,132.2,136.1,138.6,141.8,145.3,148.3,151.5,156.4,160.8,165.6,170,174.9,178.7,182.5,187,190.9,196.5,204.3,210.2,213.3,221.1,226.6,234.5,241.3,246.7,254.7,262.4,268.1,276,287.1,296.1,305.7,316.9,328.6,333.8,347.9,357.7,368.5,378.1,381.7,388.9,399.2,405.6,415.7,426.6,436.8,441.3,454.1,463.9,473.7,487.6,492,505.2,517.8,521.7,531.7,540.6,548.8,555.3,567,577.1,587.8,600,607,620,630.8,640.1,647.2,658.4,676.7,675.2,692.2,706.1,712,719.7,733.9,740.4,748.2,755.1,766.9,774.5,788.2,797,805.8,821.9,833.3,849.5,863.9,871.8,880.6,891.4,908.2,923.6,932,948.8,957.7,962,976.5,987.9,1001.3,1014.7,1035.6,1040.9,1061.2,1076.3,1082.5,1101,1118.1,1136.9,1144.1,1159.6,1184.4,1208.1,1242.1,1271.2,1281.3,1295.7,1302.8,1313,1328.4,1339.2,1358.4,1375.4,1389.9,1397.4,1412.9,1428.6,1449.3,1470.7,1500.9,1531.8,1566.3,1600.4,1631.8,1643.2,1676.8,1707.8,1716.9,1735.9,1749.7,1763.4,1775.6,1802,1825.2,1838.6,1858.4,1870.2,1868.8,1870.1,1877.2,1882.5,1885.6,1896.8,1902.8,1909.7,1926,1945.2,1938.9,1935.2,1968.3,1988.4
"25","17","      Health care","DHLCRC1",40.3,41.6,42.5,43.8,45.5,46.7,48.3,50.3,51.3,52.9,54.6,56.1,57.6,59,60.6,62.1,64.4,66.5,68.1,69.7,71.9,74.6,77.4,80.4,84.5,87.7,89.5,94.2,97.3,100.3,103.4,106.4,109.7,114.8,118,120.3,125.2,129.5,132.8,137.2,141.7,146.1,151,156.6,162.4,165.7,174.7,183.8,191.4,199,206.2,211,215.4,221.1,228.3,236,243.6,250.2,256.2,262.5,269.2,273.6,278.7,284.4,291,297.7,306.1,314,320.6,325.8,332.6,341.6,350.6,361,371.9,380.5,392.7,404.4,416.7,426.4,437.1,444.8,454.5,468.4,483.1,499.4,515.2,527.1,536.3,548.1,561.3,577.3,593.1,607.8,620.5,629.8,638.8,645,652.8,658.7,667.1,675.5,684.7,694.6,707.8,715.6,723.6,732.6,736.3,748,754.8,769.1,776.3,785.4,796.5,805.6,820.2,829.3,836.7,842,848.9,856.1,867.8,881.5,893.8,910,926.7,943.2,966.2,985,1006.1,1028.9,1052.4,1074.9,1094.2,1110,1123,1139.1,1156,1174.5,1195,1218,1241.6,1259.3,1287.8,1300.9,1316.3,1330.6,1351.2,1367.4,1377.6,1398.4,1434.3,1447.5,1462.2,1486.9,1513,1526.5,1539,1552,1573.5,1595.4,1613.1,1624.3,1626.8,1648.3,1674.7,1702.2,1726.7,1749.6,1754.2,1775.9,1800.4,1803.5,1805.6
"26","18","      Transportation services","DTRSRC1",17.1,17.7,18.2,18.8,19.4,19.7,20.3,20.7,21.2,22,22.8,23.4,24,24.3,24.7,25.2,25.6,25.9,26.2,26.6,27.4,28.1,28.8,29.6,30.5,31.4,32.6,33.7,34.9,35.7,36.4,37.6,39.4,40.8,42.3,43,43.7,45,45.8,46.3,48.1,49.9,51.3,53.5,54.2,53.8,56,57.4,59.3,58.8,60.5,60.5,60,60.9,62.4,63.6,65,67.1,70.3,73.2,76.8,79.2,80.4,83.8,87.4,89.6,91,92.5,93.4,94,95.4,97.2,99.5,101.8,104.4,106.6,109.4,112.6,115.9,118.7,121.1,121.8,122,122.5,124.7,126.7,126.9,127.2,122.9,122.8,123.9,125.2,129.3,130.8,135.4,139,141.7,144.1,147.3,151.3,155.5,160.1,164.2,167.8,170.6,175.5,180.8,184.9,187.5,192.2,197,203.1,208.4,212.8,216.6,219.5,222.3,225,229.1,232.3,236,240.6,246.1,250.4,255.5,260.7,264.7,268.1,268.2,266.3,260.5,255.9,256.6,256.8,256.1,257.4,259.7,260.4,265,267.7,270.6,272.2,274.3,277.8,280.8,284.1,287.8,291.1,293.1,297.2,298.2,301.5,305,306.1,307.8,309.1,309.3,309.4,306.9,297.9,289.8,283.5,282,282.6,283.3,286.5,288.8,291.9,296.6,301.1,304.4,306.1,309.4,313,312.8
"27","19","      Recreation services","DRCARC1",12.6,13,12.9,13.2,13.7,13.9,14.1,14.3,14.6,14.9,15.2,15.8,15.9,16.1,16.5,16.9,17.6,18.2,18.5,19.1,19.6,20.4,21.4,22.4,23.1,23.2,23.8,24.6,25.2,25.9,27.1,28,28.2,29,30,31,31.7,32.3,33.4,34.1,35.3,36.3,37.3,38,39.1,39.9,41.3,43.1,44.7,46.5,48.2,49.1,50.7,51.7,53.1,54.4,56.4,58.8,60.3,62.2,63.6,65.1,67,68.7,71,73.1,74.8,76.9,78.4,79.3,80.6,83.1,84.6,86.1,88,90.4,93.8,97.6,100.9,104.6,107.8,109.7,112,113.1,117.2,120.9,123.5,125.5,124.9,126,127.7,130.2,135.1,138.3,141.1,144.7,147.9,151.5,156.1,158,160.6,163.1,166.4,168.5,173.7,179.6,183.3,187.8,189.8,193.6,198.3,200.5,204.1,207.3,209.5,212.4,216.5,218,222,225.7,229.6,235.5,242.5,247.6,250.2,254.2,258.2,259.3,263.4,263.2,263,264.6,267.9,271.1,273.5,278.8,281.1,286.6,293.3,299.3,306.7,312.1,315.9,318.4,323,325.8,328.9,335.3,341.9,347.6,353.2,363.1,367.8,374.1,377.9,381.5,384.8,385.6,382.3,375,372.8,369.1,369.6,371.3,374.3,374.5,380.3,384.9,385.9,394.3,397.6,400.3,404.6,409.5,416.9
"28","20","      Food services and accommodations","DFSARC1",36,37.3,37.7,38.7,40.3,41.7,42.3,42.3,42.5,43.2,44.2,45.2,47,48.2,49.6,50.7,52.7,53.5,55.5,57.6,57.9,59.7,61.4,63.5,65.5,68,69,72.8,75.1,76.8,79.3,80.1,84.8,85.6,85.7,86.6,90.2,95.2,100,103,107.1,108.5,111.4,116.7,118.5,119.5,122.1,126.8,131.6,133.9,134.6,135.6,137.1,141,144.6,147.3,150.1,152,155.1,157,161.6,162.7,167,168.4,170.5,174.6,175.4,176.7,181.4,185.3,187.8,192.3,198.1,202.2,205.1,212.1,214.9,222.4,230.3,235.7,237.5,239.8,244.8,248.3,257,262.1,266.7,265.2,266.4,274.1,275.8,277.2,285.1,280.6,284.2,295.3,293.5,297.8,301.7,301.4,302.1,307.9,311.2,313.4,312.7,316.2,318.5,319.5,321,325.6,328.5,334.4,340,342.1,347.8,348.4,354.2,360.8,364.3,372.7,373.1,377.9,382,393.3,402.9,409,413.7,414.9,421.2,420.3,421.1,422.4,431.7,437,440.4,443.7,448.4,459.2,470.3,478.8,487.7,493.7,503,511.9,520.3,530.9,536.8,547.6,562.1,563.7,571.1,583.9,588.4,595.7,604,613.9,612.4,620,622,618.6,610.8,606,604.6,607.6,617.9,628.1,634.8,643.2,654.8,666.3,676.3,686.4,700.5,709,713.4
"29","21","      Financial services and insurance","DIFSRC1",27.3,28.2,28.8,29.8,30,30.6,31.4,32.3,33.3,33.8,34.5,35,37,37.7,39,39.7,40.1,41,41.9,43,43,44.5,46.9,49.2,52.1,53.6,54.2,56.2,57.5,57.7,59.9,61.9,63.1,65.7,69.5,72.9,76.5,81,81.6,83.5,80.1,89.2,90.9,90.2,91.9,91.6,95.9,103,104.1,102.8,100.2,100.8,104.7,109.7,119,131.8,141.4,139.4,152.6,150.1,147.3,154.2,161.8,162.9,178,178.8,183.1,182.2,191,194.6,197.7,203.4,208.1,204.6,206.7,209.1,213.9,217,222.1,224.7,231.5,234.6,236.3,240.5,243.9,253.6,256.4,258.9,273.7,278.9,284.4,290.9,304.8,306.7,313.8,321.7,330.8,340,344.5,348.8,349.4,345.5,350,351.2,354.4,361.4,368.5,374.5,383.5,390.4,395.6,405,416.7,423.9,438.4,446.2,453.9,463.4,474.7,486.6,494.8,507.1,517.9,537.1,574.2,567.7,567.5,570.4,566.4,565.6,549.8,569.3,568.5,573.6,580.2,582.3,581.9,597.9,610.2,620,634.6,644.3,656.3,671.6,680.9,695.1,705.2,712.5,719.7,727.4,731,752.3,768.2,783.2,797.9,811.9,817,819.7,807.7,783.6,746.8,733.9,735.2,751.2,779.8,804.5,800.4,800.4,800.1,800.6,815,812.5,827.5,830.9,836.9
"30","22","      Other services","DOTSRC1",48.9,49.9,50.9,52.1,53.3,54.2,55.2,55.6,56.5,57.4,58.3,59.9,61.7,62.7,64.1,66.2,66.9,68.7,70.4,71.3,72.3,74.4,74.7,76,77.2,78.9,81.6,83.6,85.8,86.8,89.4,92.5,94.8,96.4,98.5,101.3,104.5,107.4,110.3,111.1,113.1,115.2,118.8,121.7,123.7,124.8,127.6,132.6,132.8,135.6,138.4,142,144.9,149.1,152,157.7,162.6,168.4,171.4,177,182.5,184.5,189.1,193.7,198.4,205.8,212.5,214.7,216.3,218.3,223.1,227,235.6,240.3,244.5,249.3,256.5,259.4,265.1,270.4,274.3,279.7,284.1,287.1,292.8,299.3,301.9,297.5,297.5,299,301.7,305.3,314.9,322.6,331.2,334.6,334.8,340,347.7,354.3,362.1,366.1,375,379.5,384.8,390.7,390.9,395.5,405.1,409.3,424.7,422.3,436.1,446.6,457.5,468.9,482.2,493.5,508.7,514.8,526.5,535.7,544.5,556.7,572.1,585.3,599.5,607.4,615,633.6,642.1,645.2,653,659.6,666.8,671.4,691.2,698.9,708.8,712.5,726.7,734.5,747.1,753.4,766.3,772.8,779.6,789.7,804.3,821,830.5,843,856.6,870,869,873.9,886.5,891.4,892.6,899.7,896.7,888.9,892,901.3,907.9,918.7,927.8,937,948.4,952.6,955.3,968.4,978.7,985.2,985.4
"31","23","    Final consumption expenditures of nonprofit institutions serving households (NPISHs) \1\","DNPIRC1",9.7,9.9,10.2,10.5,10.7,10.9,11.3,11.4,11.7,12,12.5,13.1,13.2,13.4,13.5,14.4,14.1,14.6,14.7,15.1,15.7,16.5,16.6,17,17.3,17.6,18.4,18.9,19.9,19.9,20,20.5,21.1,21.1,21.9,23.1,23.5,24.1,24.8,25.5,26.9,27.6,27.6,29.1,30.1,31.3,32.4,33.8,34.5,35.6,36.7,38.2,39,39.6,40.6,41.2,41.7,42.2,43.2,44.6,45.3,47.1,48.2,49.8,49.1,49.8,50.8,51.8,53.5,55.5,56,56.4,57,57.5,59.3,60.3,63.5,65.8,68.1,69.6,69.3,71.2,72.7,73.7,75.2,78.4,81.9,83,82.5,83.5,84.8,86.1,88.9,91.5,94,95,93.4,93.8,95,96.3,98.3,100.9,104.1,106.2,105.2,106.5,107.6,109.4,113.4,116.1,117.7,115.7,110.8,110.1,111.9,116.2,122.1,128.5,134.4,139,140.4,143.3,146.8,151.2,156.7,161.6,167.8,175.4,179.8,184.9,188.9,191.2,196.3,202.8,208.7,212.2,211.4,211.6,211.6,210.5,209.4,209.6,209.7,208.7,200.1,205.3,214,227.3,229.6,236.5,246.3,247.5,248.7,245.5,256.7,264.7,271.2,281.8,290.5,294.8,282.4,276.4,277.8,281.5,278.4,280.3,279,280.9,282.8,290.1,299.6,295.3,295,306.3,313
"32","24","      Gross output of nonprofit institutions \2\","DNPERC1",33.1,34.2,35.1,36.2,37.4,38,39.2,40.2,41.3,42.8,44.2,45.4,46.6,47.5,48.6,49.9,50.6,52.3,53.2,54.7,56.4,59.3,60.7,62.5,64.8,66.9,68.9,72.2,75,76.1,78.3,80.2,83,85.5,87,89.7,93.1,97,99.7,102.6,106.2,109.4,111.8,116.7,121.2,124.1,130.4,136.1,140.7,145.6,149.8,155.1,159.1,163.4,168.2,173,176.5,179.7,182.5,186.7,190.6,194.9,198.3,202.7,205.2,208.7,213.8,219.1,224.4,228.7,231.4,235.7,240.6,246.4,253.3,258.6,267.2,275,283.9,289.9,295.1,301.4,307.9,315.2,323.5,333.8,344.7,350.7,354.8,362.9,370.5,379.9,388.6,397.2,406,411.4,416,420.6,426.5,430.1,434.5,440.7,448.6,454.9,456.2,460.7,465,471.6,476.7,486.1,491.9,500.5,500.2,504.2,511.9,520.9,535.1,545.8,556.6,564.7,571.8,579.4,588.9,601.1,611.3,624.8,638.6,653.2,667.6,681.1,695.6,707.9,726,744.4,759.7,768.7,775.3,781.4,789.2,797.7,807.7,821,835.9,845.8,853.4,864.4,880.1,899.3,914.6,929.3,941.6,955.2,975.6,981.6,991.6,1008.7,1025.9,1041.3,1055.4,1063.4,1066.4,1073.1,1084.2,1091.2,1090.7,1105.8,1121,1135.9,1146.7,1162.8,1167.8,1180.5,1198.4,1206.8,1212.8
"33","25","      Less: Receipts from sales of goods and services by nonprofit institutions \3\","DNPSRC1",23.4,24.3,24.9,25.7,26.6,27.1,27.9,28.9,29.6,30.7,31.6,32.3,33.4,34.1,35.1,35.5,36.5,37.7,38.5,39.7,40.7,42.9,44.1,45.5,47.5,49.4,50.5,53.3,55.1,56.2,58.3,59.7,61.9,64.4,65.1,66.6,69.6,72.9,75,77.1,79.3,81.8,84.2,87.7,91.1,92.8,98,102.4,106.1,110,113.1,116.9,120.1,123.9,127.7,131.7,134.8,137.6,139.3,142.2,145.3,147.9,150.1,152.9,156.1,159,163,167.4,170.9,173.2,175.4,179.3,183.5,188.9,194,198.3,203.7,209.2,215.8,220.2,225.8,230.3,235.2,241.5,248.4,255.4,262.8,267.7,272.3,279.3,285.7,293.8,299.7,305.7,312,316.4,322.6,326.8,331.5,333.8,336.2,339.8,344.5,348.8,351,354.2,357.5,362.2,363.4,370,374.2,384.9,389.4,394.1,400,404.7,413,417.4,422.2,425.6,431.4,436.1,442.1,449.9,454.6,463.3,470.7,477.8,487.7,496.1,506.7,516.7,529.7,541.6,550.9,556.5,563.9,569.9,577.6,587.2,598.3,611.4,626.1,637.1,653.2,659.1,666.1,672,685,692.8,695.3,707.6,726.9,736.1,734.8,744,754.7,759.5,764.9,768.6,784,796.8,806.4,809.7,812.3,825.5,842,855,864,872.7,868.2,885.2,903.5,900.5,899.8
"34","26","Gross private domestic investment","A006RC1",155.7,155.7,160.3,154.1,150.7,153.9,156.1,148.9,171.3,178.8,183.4,179.2,193.2,206.5,212.4,218.4,232.5,246,241.8,257.6,244.1,252.3,245.4,255.8,218.7,216.8,237.8,247.6,274.8,291.6,296.5,304.9,326.6,354.9,378.4,385.5,396.8,430.9,451.4,472.8,481.1,493,497.9,499.5,505.2,470.4,443.5,497.9,563.1,551.4,592.8,582.2,526.5,530.8,528.7,482.9,496.6,542.2,577.7,640.7,709.7,735.1,753.5,744.3,720,735.3,727.2,762.2,763.8,753,732.5,736.7,765,767.6,769.5,837.8,797.6,820.4,825.7,842.6,884.1,878.2,870.3,867.3,880,882.5,866.8,814.6,787.9,784.1,805.3,834.3,810.2,865.4,876.8,906.7,931.3,942.3,943.4,996.4,1043.6,1106.9,1092.9,1145.7,1160.6,1132.7,1126.2,1156.7,1170,1227.8,1279.8,1283.1,1320.6,1385,1414.9,1434.1,1494.9,1471.5,1512.7,1564,1617.3,1604.7,1644.5,1699.5,1688.8,1810.9,1791.7,1797.4,1701.3,1699.4,1670.4,1576.6,1628,1648.1,1650.4,1661.3,1671.5,1678.5,1745.1,1823.6,1853.6,1956,2001.3,2063.3,2130.8,2115.3,2166.7,2276.3,2336.6,2352.1,2333.4,2286.5,2277.4,2329.6,2313.4,2260.5,2185.7,2165.4,2086.3,1913,1645.8,1495.3,1465.6,1590.4,1660.4,1724.7,1793.3,1770.9,1755.9,1819,1853.8,1991.1,2032.2,2041.7,2048.6
"35","27","  Fixed investment","A007RC1",144.2,146.4,150.1,148.3,148.8,148.8,151,152.9,159,167.9,173.2,179.5,189.9,194.5,198.6,210.9,222,227.8,232,232.6,231.5,234.9,239.9,235.4,228.7,230.7,239.2,247.3,260.1,269.1,275.7,294.4,311.8,335.4,347.5,361.4,371.3,406.6,426.4,444.3,457.3,465.6,485.7,491,495.3,462.7,477.3,507,524.4,539.7,548.8,557.4,548,535,522.9,522.8,531.7,549.9,581.9,616.8,636.7,665.8,682.1,696.3,703.8,713.7,710.9,729.1,733.5,737.3,739.5,749.5,737,751.1,768.5,774.7,780.6,800.7,807.5,823.5,835.9,842.1,860.4,850.6,866.1,848.8,844.9,825.9,803.4,802.1,804.4,803.2,810,842.2,856.3,885.3,895.4,918.2,936.8,979.8,998.3,1025.5,1039.7,1070.5,1099.5,1098.9,1114.9,1138.2,1163.2,1197.4,1228.7,1248.5,1270.8,1296.6,1346.9,1356.3,1389.9,1434.2,1460.3,1503.9,1534,1569.7,1603.9,1615.2,1672.8,1720.5,1734.5,1742.9,1732,1711,1700.5,1657.4,1641.4,1634.9,1632.1,1631.4,1642.8,1681.6,1740.9,1787.8,1802.2,1880,1940.5,1991.8,2040.1,2099.4,2155.6,2194.1,2270.6,2279.7,2264.3,2254.1,2260.3,2282.1,2274,2247.9,2205.2,2183.7,2130.5,1995.5,1812.5,1698,1666.1,1637.2,1627.2,1683,1683.8,1721.9,1722.3,1784.2,1857.8,1909,1959.7,1986.9,1999.9
"36","28","    Nonresidential","A008RC1",101,103,106.9,107.6,108.1,109.4,110.6,107.9,110.4,113.4,114.8,118,123.3,126.3,129.1,136.6,144.1,152.1,157,159.9,162.6,167.4,172.5,175.4,171,170.8,174.6,178.6,183.9,188.5,195.1,201.9,214.2,223.8,232.5,244.5,250.4,276,290.6,305.3,318.8,324.9,342.3,349.6,361.3,350.9,361.1,376.2,393.1,410.8,428.4,447.8,443.2,432,419.4,411.2,400.5,402.9,419.5,446,460.1,484.4,500.7,513.3,520.5,528.5,522.2,533.6,527.2,517.5,513.5,521.2,506.8,518.2,534.2,537.2,546.2,562.3,567.5,579.1,591.3,601.9,621.9,615.8,626.9,617.9,626.1,618.9,608.2,601.4,594.1,589,585.6,607.1,619,636.7,642.8,660.3,667.5,695.7,704.8,720.5,734.7,765.6,797.7,805.5,811.2,825.8,841.4,860.5,889,910.6,930.1,949.9,995.6,998.8,1025,1055.8,1066.7,1097.1,1120.7,1147.4,1174.5,1177,1223.5,1270.1,1288.4,1292.7,1273.7,1240.6,1219.6,1177.3,1149.5,1128.3,1120.6,1103.3,1097.7,1123.8,1150.8,1170.4,1164.6,1204.4,1244,1279.1,1305.2,1334.9,1362.9,1386.3,1457.2,1495.3,1522.7,1546.1,1579.6,1624.9,1660.7,1684.6,1689.3,1689,1665.9,1580.9,1442.9,1356,1312.9,1285.4,1285.8,1325.2,1353.8,1388.8,1390.8,1448,1519.4,1560.1,1595.5,1614.1,1611.9
"37","29","      Structures","B009RC1",35.8,36.7,38.9,39.4,39.5,40.3,40.6,40.8,41.5,42.3,43.1,43.8,45.8,46.6,47.3,49,51.3,54.1,56.8,57.7,59,61.3,61.4,63.2,61.7,60.4,61.3,62,64.1,65.1,66.7,67.8,69.7,73.6,76.4,78.5,80,90.3,98.6,105.5,107.9,112.8,121.8,128.3,132.6,132.3,135.8,144.1,150,161,169.7,188.5,186.6,182.5,172.9,168.3,158.6,149.5,152.6,156.6,165.7,175.8,182.5,185.5,194.9,195.2,192.2,195.8,191.7,174.5,169,170.9,166.9,169.6,177.6,182.7,178.6,184.2,183.5,184.9,189.5,189.6,197.7,198.1,204.1,204.6,205.5,197.4,194.9,189.9,177.5,172.2,169.9,170.6,173,176.7,173.7,175.1,177.5,182.4,176.2,187.4,189.4,194.1,201.4,206.7,210.5,210.5,214.4,219.9,225.5,238.6,243,243.1,255.1,259.9,260.7,277.7,280.1,282,282.8,281.2,283,288.8,297.8,313,328.2,333.5,329,335.3,342.6,312,297.8,284.8,274.6,273.7,274.2,282.6,284.1,286.6,290.8,300.9,312.4,322.4,338.4,346.5,352.3,369.7,396.8,428.6,447.6,461.7,479.5,512.3,545.5,562.2,570.9,589.6,594.7,590,530.5,467.1,421,385.6,362.7,376.6,377.1,389,362.4,397,421.8,438.2,454.7,458.9,454.9
"38","30","      Equipment and software","B010RC1",65.2,66.4,68,68.2,68.7,69.1,70,67.1,68.9,71,71.7,74.2,77.6,79.7,81.8,87.6,92.8,98,100.1,102.2,103.6,106.1,111.1,112.1,109.3,110.4,113.3,116.6,119.8,123.4,128.4,134.1,144.5,150.1,156.1,165.9,170.3,185.8,192,199.8,210.9,212.1,220.5,221.3,228.8,218.6,225.3,232.2,243,249.8,258.6,259.3,256.6,249.6,246.5,243,241.9,253.4,266.8,289.3,294.3,308.6,318.2,327.8,325.6,333.3,329.9,337.8,335.5,343,344.4,350.3,339.9,348.6,356.7,354.5,367.6,378.2,384,394.2,401.8,412.3,424.2,417.8,422.7,413.3,420.6,421.5,413.3,411.5,416.6,416.9,415.7,436.5,446,460,469.1,485.2,490,513.3,528.6,533.1,545.3,571.6,596.3,598.7,600.6,615.4,627,640.6,663.5,672,687.1,706.9,740.5,738.9,764.3,778.1,786.5,815.1,837.9,866.2,891.5,888.2,925.7,957.1,960.2,959.2,944.7,905.4,877.1,865.3,851.7,843.5,846,829.5,823.4,841.2,866.8,883.9,873.8,903.5,931.5,956.7,966.8,988.4,1010.6,1016.5,1060.5,1066.7,1075.1,1084.4,1100.1,1112.6,1115.1,1122.4,1118.4,1099.4,1071.2,990.9,912.4,888.9,891.9,899.8,923.1,948.6,976.8,999.8,1028.4,1051,1097.6,1122,1140.8,1155.2,1157
"39","31","        Information processing equipment and software","A679RC1",13,14.2,15.2,16,16.7,17,16.4,16.5,16.2,17.3,17.6,18.3,19.1,19.1,19.5,20.1,21.6,22.7,23.4,24.7,25.1,25.6,27.9,29.3,29.1,28.5,28.2,28.4,29.4,31.6,33.7,36.2,36.8,38.6,39.6,41.6,43.7,47.8,50.4,52.9,55.5,56.7,59.4,62.3,65.4,66.7,70.7,72.3,76.5,79.5,82.9,87,90.2,87.5,88.4,86.9,92.1,97.4,101.3,109.5,112,119.2,124.2,130.7,128.9,131.4,128.7,132.5,133,136.5,136.3,141.3,137.6,138.9,143.6,144.6,148.9,154.3,156.9,159.7,164.9,171.7,176.3,177.4,178.4,176.7,174.6,179,177.6,181.1,184.5,188.5,190.2,197.3,205.6,206.6,211.3,213.3,222.1,223.6,228.8,232.4,236.4,243.3,252.3,262.5,263.7,273.5,281.5,285.9,294.2,299,311.5,323.2,340.6,345.9,357.1,362.5,365.7,379.1,393.6,416.2,429.5,429,455.7,476.6,484.6,496,484.3,459.1,438.4,428.3,422.1,420.5,424.9,411.6,416.9,419.5,437.3,449.9,447.8,452.4,458.3,462.7,466.8,473,479.7,481.6,498.7,500.5,510.1,511.6,531.4,532.1,534.9,548,550.3,550.2,538.6,506.4,495.5,494.1,505.4,513.5,511.9,511.1,518.5,529.1,529.8,538.6,541.6,548.5,556.3,552,549.3
"40","32","          Computers and peripheral equipment","B935RC1",2.1,2.4,2.6,2.7,3.1,3,2.4,2.4,2.3,2.8,2.9,3.1,3.7,3.4,3.5,3.2,3.4,3.7,3.4,3.7,3.5,3.2,4.4,4.4,4.1,3.5,3.3,3.5,3.7,4.4,4.5,5,5.2,5.6,5.8,6.1,6.3,7.3,8,8.7,9.3,9.8,10.4,11.1,10.9,11.9,13.5,13.8,15.4,15.9,17.2,20,20.8,18.1,18.3,18.2,21.3,23.3,25.2,25.8,27.7,30.1,32.9,35.7,33.3,35,32.4,34.2,33.7,34.3,32.3,33.3,35,35.1,36.3,36.7,36.6,37.7,38.6,38.9,41,43.7,44.3,43.3,40.9,38.6,36.6,38.5,36.4,36.5,37.6,40.4,40.1,44.5,45.9,45.5,47.7,46.7,49.2,48,50.1,51.4,52.3,55.7,59.1,65.8,67,72.5,72.5,71.5,73.5,73.7,76.5,80.4,84.9,83.7,87.7,88.6,86.4,88.8,94.5,99.9,99.5,95.1,97.6,104.9,105.8,104.5,99.7,90,79.8,80.8,82.5,79.3,80.5,76.7,76.4,75.1,77.8,81.3,78.5,79.3,80.5,82.5,77.9,77.8,78.5,81.3,84,84.1,86.7,84.8,88.1,84.7,86.1,89.3,90.6,90.8,84.1,74.2,73.8,73.4,71.9,75.1,73.1,73.3,71.7,73.1,72.3,79,80.3,81.6,84.3,79.3,74.5
"41","33","          Software \4\","B985RC1",1.5,1.7,1.9,2.1,2.3,2.4,2.4,2.3,2.2,2.3,2.5,2.6,2.7,2.8,2.8,2.8,3,3.1,3.3,3.5,3.6,3.7,4,4.4,4.8,4.8,4.7,4.7,4.8,5.1,5.3,5.6,5.5,5.5,5.5,5.5,5.7,6.1,6.5,7,7.5,7.9,8.4,8.8,9.1,9.5,10.1,10.6,11.1,11.5,12,12.8,13.7,14.1,14.2,14.1,14.8,15.8,17,17.9,18.7,19.7,20.9,22.2,23,23.7,23.9,24.5,24.8,25.5,25.8,26.4,27.3,28.4,29.6,30.7,31.9,33.3,34.9,36.5,38.4,40.7,43.2,45.2,46.3,47.6,47,49.7,52,53.3,54,55.5,55.7,56.9,58.4,60.5,62.5,63.7,65.1,65.9,66.8,67.7,68.8,69.7,71,73.3,75.8,78.4,81,83.7,86.5,90.7,99.5,104.5,110.1,115.8,118.5,122.3,128.1,135.1,142.8,154,163.4,169.1,176.3,183.1,186.2,192.2,193,189.3,184.7,179.4,180.3,182.8,187.1,182,184.4,186.2,195.1,199.4,201.1,201.8,208,211.8,213.5,218.8,219.7,220,223.3,227.5,232.1,236.2,242.8,243.3,245.3,248.7,256,258.2,259.5,255.2,253.7,255.6,256.8,261.5,259.5,257.5,261.3,265.5,271.1,275.8,281.1,286.9,288.1,292.1,295.8
"42","34","          Other","A937RC1",9.4,10.1,10.8,11.2,11.3,11.7,11.6,11.8,11.7,12.2,12.2,12.6,12.7,12.9,13.2,14.1,15.2,15.9,16.7,17.5,18.1,18.7,19.5,20.5,20.2,20.1,20.2,20.2,20.9,22.1,23.8,25.6,26.2,27.5,28.4,30,31.7,34.3,35.9,37.2,38.8,39,40.6,42.4,45.3,45.3,47.1,47.9,50,52.1,53.6,54.2,55.7,55.3,55.8,54.6,56,58.3,59.1,65.8,65.6,69.4,70.3,72.9,72.5,72.6,72.4,73.8,74.6,76.6,78.1,81.6,75.3,75.5,77.7,77.2,80.3,83.2,83.4,84.3,85.4,87.3,88.9,88.9,91.2,90.6,91.1,90.9,89.3,91.3,92.9,92.6,94.4,95.9,101.3,100.6,101.1,102.9,107.8,109.7,111.9,113.3,115.3,117.8,122.2,123.3,120.9,122.6,128,130.7,134.2,134.6,135.4,138.3,145.6,146.4,150.8,151.7,151.1,155.2,156.3,162.3,166.7,164.9,181.9,188.6,192.6,199.4,191.7,179.8,173.9,168.2,159.3,158.5,157.3,153,156.2,158.2,164.4,169.2,168.2,171.3,169.8,168.4,175.4,176.3,181.6,180.3,191.4,188.9,191.4,190.5,200.6,204.2,203.5,210,203.6,201.2,195.1,177,168,165.2,176.7,177,179.4,180.4,185.5,190.4,186.5,183.8,180.3,180,183.9,180.5,179
"43","35","        Industrial equipment","A680RC1",18.3,18.8,19.5,19.5,20.3,20.3,20.5,20,19.2,19.1,19.4,20.1,20,21,21.9,22.7,23.7,25.4,26.7,28.3,29.3,30.4,31.2,31.7,30.5,30.9,31.7,32.1,33.3,33.8,34.3,35.1,36.8,37.8,40.4,42.7,44.3,46.9,49.3,50.5,54.1,54.9,56.2,59.4,60.3,59.8,60.1,62.8,64,65.1,66.2,66.6,64.6,63.9,62.4,59.8,56.9,57.3,59.8,61.5,65.4,67.3,68.9,70.9,70.4,72.6,71.9,74.9,74.7,74.4,76.3,76.3,75.9,75.6,77.3,78,79.1,83.4,86.2,88,91.7,92.8,95.2,93.5,94.3,91,92.4,90.9,90.6,88.9,89.2,88.5,88.8,91,94.3,97.8,98.9,100,101.7,108.4,109.4,111,114.9,119.2,125.3,129.1,131,130.5,134.3,137.1,136.3,138.4,137.9,140.5,141.4,141.9,149.3,148.2,145.5,146.3,146.4,148.4,150.5,151.2,158.6,163,166.2,163.8,164.7,153.3,146.8,142.7,143.6,139.9,142,141.4,140.9,146.6,143.1,139.6,134.9,139.4,144.8,149,154.3,154.2,161.2,168.9,168,180.7,181.4,183.7,182.7,197.8,199.7,191.9,194.5,196.7,197.5,189.2,163.8,155.2,151.7,149.9,146.9,156.4,156.5,161.3,169.6,171.6,187,196.6,190.7,197.8,197.9
"44","36","        Transportation equipment","A681RC1",19.4,19.1,19,18.1,16.8,16.5,17.1,14.6,17.7,18.3,18.2,19.5,21,21.2,21,24.2,25.2,26.9,27.1,27,26.8,26.8,27.4,24.2,24,23.9,25.8,27,28.3,29,30.2,32.4,36.9,38.4,39.3,42.6,43.1,48.4,48.3,49.6,54.1,52.5,55.4,52.6,51.7,45.6,48.1,48.1,50.5,50,52,49.8,49.5,46.8,43.9,47.1,47.2,49.3,54.8,62.7,60.4,64.4,66.1,66.7,66.4,68.9,70.5,70,67.4,70.9,72.2,71.4,65.6,71.2,70,65.5,71.9,72.4,71.5,75.6,68.9,68.9,69.4,64.4,68.7,65.9,73.2,72.1,73,70.3,72.9,70,66.8,78.1,72.8,81.2,80.9,92.5,85.9,98.4,105.2,102.4,105.1,118.2,124.6,112.9,111.6,115.2,113.5,118.3,130.4,130.5,130.8,134.4,143.1,133.9,135.1,140.7,148.5,164.3,167.7,173.1,181.5,175.2,174.6,177,170.9,160.6,154.1,154.9,151.1,156.8,150,142.6,138.2,135.4,122.2,131,136.1,142.3,141.2,156.6,167.4,179.3,174.8,181.1,188.1,182.8,203.8,195.5,195.3,198.2,199,188.8,186.2,186.6,183.6,161.6,138.9,103.6,73.5,74.4,76.5,79.4,101.9,117.3,135.1,138.6,149.2,155.6,170.7,183.1,193.6,200.5,198
"45","37","        Other equipment","A862RC1",14.4,14.3,14.3,14.6,14.9,15.3,16.1,16,15.8,16.3,16.5,16.3,17.5,18.4,19.3,20.6,22.4,22.9,23,22.2,22.4,23.3,24.6,27,25.7,27.2,27.5,29.1,28.8,29,30.3,30.4,33.9,35.4,36.7,39,39.3,42.8,44.1,46.8,47.1,48,49.6,47,51.4,46.4,46.4,49.1,52.1,55.3,57.5,55.9,52.2,51.3,51.9,49.2,45.7,49.4,50.9,55.6,56.5,57.7,59,59.4,59.9,60.4,58.9,60.5,60.5,61.2,59.6,61.3,60.8,62.8,65.8,66.4,67.8,68,69.5,70.8,76.3,78.9,83.2,82.4,81.3,79.7,80.4,79.6,72.1,71.1,70,70,70,70,73.3,74.5,78,79.4,80.3,82.9,85.1,87.3,88.9,90.9,94.1,94.3,94.3,96.2,97.7,99.3,102.6,104.2,106.9,108.8,115.5,117.2,122.7,126.7,126.8,125.5,130.2,128.5,130,132.7,136.7,140.4,138.5,138.8,141.6,138,140.8,137.5,135.9,140.5,140.8,141.1,143.3,144.1,150.3,152.1,149.9,155.2,161,165.6,170.9,180.1,181.5,183.3,190,190,188.2,191,187,193.9,194.4,195.8,190.1,191,196.2,191.7,179.5,165.2,158.3,156.9,162.4,163.8,166.7,170.9,179.8,185.2,198.2,193.7,200.1,204.9,211.8
"46","38","    Residential","A011RC1",43.2,43.4,43.2,40.7,40.7,39.4,40.4,45,48.6,54.6,58.3,61.5,66.6,68.2,69.6,74.3,77.9,75.8,75,72.7,69,67.5,67.4,60,57.7,59.9,64.6,68.7,76.2,80.7,80.6,92.5,97.6,111.7,115,116.9,121,130.6,135.8,139,138.5,140.6,143.5,141.4,134,111.7,116.3,130.8,131.3,128.9,120.4,109.6,104.8,102.9,103.5,111.5,131.2,147,162.4,170.8,176.6,181.4,181.4,183,183.3,185.1,188.8,195.5,206.3,219.8,226.1,228.3,230.1,232.9,234.2,237.5,234.4,238.4,240,244.4,244.6,240.2,238.4,234.8,239.2,230.9,218.8,207,195.2,200.7,210.3,214.2,224.4,235.1,237.3,248.6,252.6,257.9,269.3,284.1,293.5,305,304.9,304.9,301.8,293.5,303.8,312.4,321.8,336.9,339.7,337.9,340.7,346.7,351.3,357.5,364.9,378.4,393.6,406.8,413.3,422.3,429.4,438.1,449.2,450.5,446,450.2,458.3,470.4,480.9,480.1,491.9,506.6,511.5,528.1,545.2,557.8,590.1,617.4,637.6,675.6,696.6,712.7,734.9,764.5,792.7,807.9,813.4,784.4,741.6,708,680.7,657.2,613.4,563.4,515.9,494.6,464.6,414.6,369.6,342,353.1,351.9,341.3,357.8,330,333.1,331.4,336.2,338.5,348.8,364.2,372.8,388
"47","39","  Change in private inventories","A014RC1",11.5,9.2,10.2,5.8,1.8,5.1,5.1,-4,12.3,10.9,10.2,-0.3,3.2,12,13.7,7.5,10.6,18.2,9.8,25,12.5,17.4,5.6,20.4,-10,-14,-1.4,0.3,14.7,22.4,20.8,10.5,14.8,19.5,30.9,24.1,25.5,24.3,25,28.5,23.9,27.4,12.1,8.6,9.9,7.8,-33.9,-9.1,38.8,11.7,44,24.8,-21.5,-4.2,5.8,-39.8,-35.1,-7.7,-4.2,23.9,73,69.3,71.3,48,16.2,21.6,16.3,33.1,30.3,15.7,-7,-12.7,28,16.5,1,63.1,17,19.7,18.2,19.1,48.2,36,10,16.6,13.9,33.7,21.9,-11.3,-15.5,-18,0.8,31.1,0.2,23.2,20.5,21.4,35.9,24.1,6.6,16.6,45.3,81.4,53.2,75.2,61.1,33.7,11.3,18.5,6.9,30.5,51.1,34.6,49.8,88.4,68,77.8,105.1,37.3,52.4,60,83.3,35.1,40.6,84.3,16.1,90.4,57.2,54.5,-30.7,-11.6,-30.1,-80.8,-13.4,13.2,18.3,30,28.6,-3.1,4.2,35.8,51.4,76,60.8,71.5,90.7,15.9,11,82.2,66,72.4,69.1,32.3,17,47.5,39.4,12.6,-19.5,-18.3,-44.1,-82.5,-166.7,-202.7,-200.5,-46.8,33.2,41.7,109.5,49,33.7,34.8,-4.1,82.1,72.6,54.8,48.7
"48","40","    Farm","B018RC1",1.8,1.4,-1.2,-1.9,1.6,0.4,-1.8,-3.5,2.5,4.2,2.3,-2.3,-0.5,2,1,-1.4,-4.2,5,2.6,2.8,-3.3,1,-0.1,-8.7,7.1,3.1,0.8,2.5,-0.5,-1.8,2,-3,-1.3,5.3,4.4,9.8,-0.6,0.4,7.2,-1.5,4.2,3.1,6.6,0.3,-0.6,-5.2,-12.5,-6.1,6.8,9.9,11.8,6.5,5.1,4.3,9,4.6,-7.3,-13,-32.4,-8.8,5.5,5.6,6.8,5,7.9,4.2,6.6,4.3,2.5,-3.5,-3.1,-1.8,-7.7,-10.7,-4,-3.3,-4.4,-12.2,-11.2,-19.7,7.2,2.9,-5.5,-4.6,1.8,-1.5,4,5.2,0,-0.7,-10.9,6.4,8,9.4,5.1,2.5,-5.6,-4.9,-12.5,-1.7,16.5,17.1,10.7,3.7,-5.8,-13.7,-20.4,-4.4,1.1,11.8,17.1,4.5,-0.5,0.8,8.3,4.7,5.6,-4.9,0.6,3.9,4,-0.3,-9.1,-5.6,-17.8,5.9,-1.1,7.5,5.6,-3,1.8,-4.2,3.3,-10.3,-2.3,-0.7,2.9,-1.4,1,-2.1,4.4,18.4,7.7,4.7,-6.5,0.3,4.4,2.3,3.7,-8.1,-6.3,-3.6,5.2,-5,-2.3,-0.8,-6.5,4,6.2,2.7,0.5,-0.5,-5,-1.6,-1.3,-4.8,-11.3,-11.8,-7.9,-8.6,-4.8,-3.1,-4.1,-12.7,-27.4
"49","41","    Nonfarm","A015RC1",9.7,7.8,11.4,7.7,0.2,4.7,6.9,-0.5,9.7,6.7,7.9,2,3.7,10,12.7,8.9,14.8,13.2,7.2,22.2,15.9,16.4,5.7,29.2,-17.1,-17.1,-2.2,-2.1,15.2,24.3,18.8,13.6,16.1,14.2,26.5,14.4,26.1,23.9,17.8,30,19.6,24.3,5.5,8.3,10.5,13,-21.4,-3,31.9,1.8,32.1,18.3,-26.5,-8.5,-3.2,-44.4,-27.8,5.3,28.2,32.7,67.5,63.7,64.5,43,8.3,17.4,9.7,28.8,27.8,19.1,-3.9,-11,35.6,27.2,5,66.4,21.4,31.9,29.4,38.8,41,33.2,15.5,21.2,12.1,35.3,17.9,-16.6,-15.6,-17.3,11.7,24.7,-7.8,13.8,15.4,18.9,41.6,29,19.1,18.3,28.8,64.3,42.5,71.5,67,47.4,31.7,22.8,5.8,18.6,34,30.2,50.3,87.6,59.6,73.1,99.5,42.2,51.9,56.2,79.3,35.3,49.6,90,33.9,84.5,58.4,47,-36.2,-8.6,-31.9,-76.6,-16.7,23.5,20.6,30.7,25.8,-1.7,3.2,37.9,46.9,57.6,53.1,66.8,97.2,15.5,6.7,79.9,62.3,80.6,75.4,36,11.8,52.5,41.6,13.4,-13,-22.3,-50.3,-85.2,-167.2,-202.1,-195.4,-45.2,34.6,46.6,120.8,60.8,41.6,43.5,0.7,85.2,76.7,67.5,76.1
"50","42","Net exports of goods and services","A019RC1",0.2,1.2,1,3.3,3.4,5.4,3.8,3.2,4.4,-0.2,-0.1,-1.7,-3.5,-4.3,-2.6,-3.1,-1.4,2.5,6.4,9,6.4,-2.7,-7,0,16.5,21.6,12,13.8,4.7,-0.5,-4.1,-6.6,-21.1,-21.1,-20.6,-29.6,-38.7,-22.6,-23.8,-16.4,-18.2,-22.2,-23,-26.8,-35.8,-15.2,5.5,-6.7,-14.3,-13.5,-7.6,-14.8,-16.3,-4.4,-29.7,-29.6,-24.6,-45.4,-65.2,-71.4,-95,-104.3,-103.9,-107.8,-91.9,-115.4,-118.6,-134.9,-127.4,-129.8,-139.3,-133.6,-141,-147.3,-145.7,-145.7,-124.4,-107.2,-100.2,-108.7,-102.1,-89.5,-76.3,-83.6,-89.2,-68.4,-74.4,-78.5,-45.6,-21.6,-19.5,-21.2,-18.5,-31.1,-36.5,-45.3,-54.3,-62,-67.9,-73.4,-80.7,-91.3,-96.7,-102.3,-106.2,-110.6,-75.4,-70.6,-89.1,-93.8,-114,-88.3,-108.1,-84.7,-96.2,-116.5,-134.5,-161.8,-173.9,-177.1,-212,-250.9,-282.9,-302.5,-357.9,-364.4,-395.9,-410,-395.4,-363.8,-367,-357.8,-374.9,-418.1,-435.8,-479.9,-503.6,-504.3,-499.5,-509.1,-546.3,-606.1,-635.9,-686.5,-677.4,-690.2,-734,-789.3,-775.8,-781.4,-805.7,-714.3,-724.9,-729.7,-703.4,-694.3,-742.3,-746.1,-756.9,-593.7,-385.4,-331.6,-398.6,-439.3,-490.2,-521.1,-533.1,-502.1,-555.4,-572.5,-549.5,-594.8,-615.8,-576.9,-536.5
"51","43","  Exports","B020RC1",44,53.9,53.3,56.5,56.9,60.6,60.3,61.1,63.1,63.1,65.4,60.3,68.6,67.2,71.5,76.1,84,91.9,97.6,107.6,116.7,126.7,126.6,136.6,141.4,136.8,134.1,142.5,143.6,146.6,151.8,156.1,155.4,161.9,162.3,157.8,164.6,186.2,191.3,205.4,211.7,220.9,234.3,253.7,268.5,277.4,284.7,292.5,305.5,308.4,302.3,304.7,293.2,294.7,279.6,265.3,270.7,272.5,278.2,286.6,293,302.2,305.7,308.6,305.4,303.1,295.6,304,312,314.2,320.2,335,336.7,355,371.6,391.8,418.4,438.9,452.7,465.6,484,505.8,508.2,514.5,537.6,546.4,555.7,568.8,574.7,592.3,602.2,617.1,627.3,627.9,641.4,643.2,645,654.3,651.4,671.7,681.2,706.3,737.1,758.3,780.7,797.7,830.5,838.6,847.6,859,859.7,904.3,919.1,955,974.7,968.9,963.8,947.8,936,967.9,958.7,971.2,998.8,1028.5,1052.8,1089.2,1119.1,1111.8,1097.1,1056.6,997.1,960.1,973.4,1005.9,1020.6,1012.2,1012.5,1011.6,1041.4,1098.6,1138.8,1170.8,1185.4,1225.9,1262.4,1298.5,1308.2,1351.3,1414,1456,1476,1538.2,1575.5,1619.1,1690.3,1761.8,1819.3,1922.8,1933.8,1711.1,1523.5,1525.3,1594.7,1706.3,1751.9,1814.3,1861.2,1950.4,2030.5,2092.8,2133.3,2120.3,2157.9,2188.5,2180.6
"52","44","    Goods","A253RC1",31.6,39.9,39.5,42,43,45,44.8,45.4,45.9,45.7,48.4,42.2,49.7,48.9,51.8,56.8,64.4,70.9,75.6,84.8,93.1,100.6,101.2,109,112,105.9,107.1,113.4,113.5,116.3,119,122.3,121.3,126.2,126.1,121,125,146.1,149.3,161.2,167,175.7,188,205.4,217.8,224.2,226.9,234.2,242.2,242,234.2,238,224.9,226,211.6,197.6,200.7,202.8,207.4,218.3,218.3,224.6,228.4,231.2,225.7,223.5,217.4,222.4,220.5,223,224.5,235.9,234.3,248.7,264.2,283,304.6,321.4,331.6,345.5,354.8,374.8,372.4,375.5,390.7,394.6,398.2,403.1,414.5,421.3,425.9,432.6,440.9,441.6,452.7,456.6,452.2,458.5,454.4,474.7,477.6,496.4,524,542.2,562.2,575.6,595.6,599.7,608.2,611.9,615.4,637.8,658.3,687,704.7,700.8,694.5,672.8,666.8,689.4,673.5,680.5,703.9,730.9,749.5,777.1,810.9,799.9,788.9,749.8,704.5,681.7,679.5,706.3,715.6,699.9,709,710.6,723.5,764.2,787.1,811.3,824.1,845.4,871.6,906,907.4,939.4,985.1,1016.5,1030.6,1065.4,1105.4,1138.3,1179.3,1225.1,1279.1,1363.7,1374.5,1172.6,1012,1010.6,1073.7,1162.5,1206.1,1257.3,1288.1,1362.6,1425.8,1471.8,1498.5,1501.9,1525.8,1550.5,1537.4
"53","45","    Services","A646RC1",12.3,14,13.9,14.5,13.9,15.6,15.5,15.7,17.2,17.4,16.9,18.1,18.9,18.3,19.6,19.3,19.6,21,22,22.8,23.7,26.1,25.4,27.6,29.3,30.9,27,29.1,30.1,30.4,32.8,33.8,34,35.7,36.2,36.8,39.6,40.1,42,44.2,44.7,45.2,46.2,48.3,50.7,53.2,57.8,58.3,63.3,66.4,68.2,66.7,68.3,68.8,68,67.7,70,69.7,70.8,68.3,74.7,77.6,77.4,77.4,79.7,79.6,78.2,81.6,91.5,91.2,95.7,99.1,102.3,106.3,107.4,108.8,113.8,117.5,121,120.1,129.2,131.1,135.8,139.1,146.9,151.8,157.5,165.7,160.2,171.1,176.2,184.5,186.4,186.3,188.7,186.7,192.8,195.8,197,197,203.6,209.9,213,216.1,218.5,222.1,234.9,238.9,239.5,247,244.3,266.6,260.9,268,270,268.1,269.3,275,269.2,278.5,285.2,290.7,294.9,297.7,303.3,312.2,308.2,311.9,308.1,306.8,292.7,278.4,294,299.7,305,312.3,303.5,301,317.9,334.5,351.7,359.5,361.3,380.5,390.7,392.4,400.8,411.9,428.9,439.6,445.3,472.8,470.2,480.8,511,536.7,540.2,559.1,559.3,538.6,511.5,514.7,521.1,543.8,545.7,557,573,587.7,604.7,621,634.8,618.4,632.1,637.9,643.3
"54","46","  Imports","B021RC1",43.8,52.7,52.4,53.1,53.5,55.2,56.4,57.9,58.7,63.3,65.5,61.9,72.2,71.4,74.1,79.2,85.4,89.5,91.1,98.7,110.3,129.4,133.6,136.6,124.9,115.2,122.1,128.7,138.9,147.1,155.8,162.7,176.4,183,182.9,187.4,203.3,208.8,215.1,221.8,229.8,243.1,257.3,280.5,304.3,292.6,279.2,299.2,319.7,322,309.9,319.4,309.5,299.1,309.3,294.9,295.3,318,343.4,358,388,406.5,409.6,416.4,397.3,418.6,414.2,438.9,439.4,444,459.4,468.6,477.7,502.3,517.3,537.5,542.7,546.1,552.8,574.3,586.2,595.4,584.4,598.2,626.8,614.8,630.1,647.3,620.3,613.9,621.7,638.3,645.8,659,677.9,688.5,699.3,716.3,719.3,745,761.8,797.6,833.8,860.6,886.9,908.3,905.8,909.2,936.7,952.8,973.8,992.6,1027.2,1039.7,1070.9,1085.3,1098.2,1109.6,1109.9,1145,1170.6,1222.2,1281.7,1331,1410.7,1453.6,1515,1521.8,1492.5,1420.3,1364.2,1317.9,1348.3,1424,1456.4,1492.1,1516.1,1515.9,1540.8,1607.8,1685.1,1776.9,1821.3,1912.4,1939.8,1988.7,2042.1,2140.6,2189.8,2237.4,2281.7,2252.5,2300.4,2348.9,2393.7,2456.1,2561.6,2668.9,2690.6,2304.8,1908.9,1856.9,1993.3,2145.5,2242,2335.4,2394.3,2452.5,2585.9,2665.3,2682.8,2715.1,2773.7,2765.4,2717.1
"55","47","    Goods","A255RC1",30.8,39.1,38.5,38.8,39.3,40.1,41.2,42.8,43.4,47.4,49.6,45.7,55.1,54.1,57.3,61.3,66.5,70,72.1,78.8,88.8,106.4,110.6,112.3,100.9,92.3,98.8,104,113.5,121.3,128.9,134.7,147.6,153.2,153.2,156.6,170.3,175.1,179.4,184.8,192.2,204.1,216.8,238.1,259.7,248.5,234.1,252,270.2,271.8,260.5,268.8,257.6,245.8,257.2,241.5,242.5,262.8,285.9,299.6,322.5,337.9,339.9,345,325.4,344.4,340.5,362.8,357.7,365.1,374.8,382.5,389.5,409.1,422.8,437.7,441.5,445.7,451.1,470.2,482,490.7,477.4,489,510.4,495.8,506.3,519.8,497,491,500.4,514.5,523.5,537.9,553.9,564.5,575.9,590.1,592.1,612.9,627.2,662,695.7,722.3,745.5,764.3,759.7,760.4,784.5,798.4,814.4,832.5,861.5,872,898.4,910.8,920.8,926.9,922.5,952.8,975.5,1020.8,1073.9,1120.6,1188.9,1227.6,1280.5,1289,1261.6,1184.8,1139.5,1100.9,1119.1,1192.4,1219.2,1244.7,1268,1271,1281.6,1336.4,1401.1,1483,1521.4,1601.2,1628.9,1671.7,1720,1811.4,1842.9,1884.3,1925,1887.5,1938.8,1978,2012.7,2073.5,2162.3,2261.9,2270,1891.3,1521.5,1475.1,1605.1,1748.1,1841.2,1932.6,1978.3,2035.8,2165.2,2234.9,2239.6,2277.3,2324.3,2312.4,2259
"56","48","    Services","B656RC1",13,13.6,13.8,14.3,14.2,15.1,15.3,15.1,15.3,15.9,15.8,16.2,17.1,17.3,16.8,17.9,18.9,19.4,19,19.9,21.5,23,23,24.3,24,23,23.3,24.7,25.4,25.8,26.9,27.9,28.8,29.9,29.7,30.8,32.9,33.7,35.7,37.1,37.6,39,40.5,42.4,44.7,44.1,45.1,47.2,49.5,50.2,49.4,50.6,51.9,53.3,52.1,53.4,52.7,55.2,57.5,58.4,65.5,68.6,69.7,71.3,71.9,74.1,73.6,76,81.7,78.9,84.7,86.2,88.1,93.3,94.5,99.8,101.2,100.4,101.7,104.1,104.2,104.7,107,109.1,116.4,119,123.8,127.5,123.4,122.9,121.2,123.8,122.4,121.1,124,124,123.4,126.1,127.1,132.1,134.6,135.5,138.1,138.2,141.4,144.1,146.1,148.8,152.2,154.4,159.3,160.2,165.8,167.7,172.5,174.5,177.4,182.7,187.4,192.2,195.2,201.4,207.8,210.4,221.8,226,234.5,232.8,230.9,235.5,224.7,217,229.2,231.6,237.2,247.4,248.1,244.8,259.2,271.4,284,293.9,299.9,311.2,310.9,317,322.1,329.2,346.9,353.1,356.6,365,361.6,370.9,381,382.6,399.4,407,420.7,413.5,387.4,381.8,388.2,397.4,400.8,402.8,416,416.7,420.7,430.4,443.2,437.8,449.3,453,458.1
"57","49","Government consumption expenditures and gross investment","A822RC1",216.5,219.4,224.9,224.9,229.8,230.6,235.5,238.8,241.6,245.3,248.5,250.3,259.6,263.9,261.6,268.6,276.7,280,281.1,288.8,301.4,312,323.2,335.1,346.2,349.8,362,372.9,379.1,380.1,382.8,390,401.3,411.8,417.3,425.8,431.9,449.7,459.9,472.7,477.8,492.5,507.2,525.5,546.7,562.7,567.5,587.5,610.1,622.4,628.4,649,658.5,671.9,684.7,706.7,716.7,729.1,748.1,739.7,767.2,791.4,803.6,825.5,845.6,868.4,893.9,907.7,918.8,940.9,967.4,970.2,982.4,994.6,1002.5,1018.1,1021.9,1033,1036.9,1063.8,1070.7,1095,1112.1,1124.6,1158.6,1171.4,1183,1213.8,1228.1,1236.2,1239.2,1240.8,1258.8,1267.3,1281.7,1286,1282.6,1290.3,1296.6,1309.7,1302.9,1318.8,1349.3,1348.1,1364.6,1376.3,1378.8,1376.4,1400.7,1417.1,1422.6,1443.5,1457.4,1472.4,1477.9,1490,1482.6,1518.7,1540.4,1562.5,1585.8,1608.8,1644.6,1685.9,1695.6,1726.9,1740,1761.3,1801.1,1846.9,1850.6,1887.2,1936.6,1968.5,1996,2032.3,2073.6,2110,2127.5,2139.1,2184.5,2219,2254.4,2273.3,2316.5,2344.6,2400.1,2418.3,2474.5,2510.5,2533.3,2555.2,2604.4,2656,2698.4,2738.2,2812,2869.6,2929.8,2901.1,2894.6,2957.8,2996.4,3020,3030.9,3061.7,3072.3,3065.2,3048.1,3072.2,3067.7,3051,3054.6,3053.7,3091.7
"58","50","  Federal","A823RC1",112.1,112,115.4,113.6,115,112.7,112.7,113.3,112.8,113.5,114.7,113.6,119.7,122.6,116.8,119.4,123.3,123.3,120.3,122.8,128.6,131.1,136.1,142.5,144,144.9,151.3,156,156.3,157.8,159.8,164.8,169.8,174.8,176.5,180.5,182.9,189.2,192.4,199.1,202.2,207.9,211.7,220.4,231.6,243,243.6,256.7,266.5,278.7,281.4,294.1,298.7,305.1,312.3,327,332.8,342.1,354.1,342.4,359.2,373.9,375.2,388.8,398,407.6,420.7,424.6,421.3,434.7,451.9,445.8,451.6,458.6,460.5,467.5,460.1,459,456.1,471.1,469.3,481.4,489,486.1,500.8,506,505,518.2,529.2,531.7,526,519.2,525.7,528.9,538.6,538.4,526.8,522.9,522.4,527.9,512,515,529.1,518.2,523.1,521.7,520.1,510.2,527.9,530.9,523.6,525.5,523.6,533.5,532.4,534.4,519.5,534.8,531.8,537.9,541.2,544.3,558.9,575.3,562.4,583.2,579.4,579.3,594.3,608.7,616.3,627.4,657.8,674.4,685.4,705,725.2,762.1,765.2,773.4,805.1,819.9,839.1,834.5,862,867.2,894.1,881.9,928.5,930.3,932.2,935.9,944,968.7,992.1,1000.6,1042.7,1066,1100.6,1111.2,1104.9,1135.9,1157.6,1175.9,1193.7,1225.1,1239.8,1233.8,1215.2,1234.3,1227.5,1211.2,1207.7,1210.7,1241.4
"59","51","    National defense","A824RC1",88.9,88.3,90.8,89.9,90,86.6,86.7,87.1,86.1,84.4,84,83.7,87.7,89.8,84,86.3,89.2,89.2,85.9,88.1,91.7,94.9,96,99.6,100.7,100.3,106,108.7,108.7,110,111.5,114.2,117.9,121.2,121.7,122.7,125.1,129.4,131.8,135.6,138.3,143.4,146.1,153,160.5,165,167.7,178.6,184.8,193.8,197.8,208.5,213.8,222.7,228.5,238.5,241.3,248.7,252.4,260,273.9,279.4,280.2,292.7,298.2,306,318,322.5,318.4,329.3,342.3,333.2,340.7,349.3,355.4,354.5,354.4,353.8,350.8,359.9,353.9,362.1,368.7,363.7,370.9,372.5,369.5,382.5,389.2,388.5,382,372.7,372.1,375.2,382.9,377,364.7,361.9,360.1,365.3,348.5,352.6,364.6,349.5,351.7,352.1,349.3,342.1,355.4,358.9,352.6,352.4,343.9,351.9,350.2,353.4,334,347.3,352.3,350.7,351,352.9,365,375.6,360.6,376.9,372.7,374,383.7,389.7,395.6,402.8,420.3,431.9,440.4,458.2,466.4,507.2,503.1,515.1,535.9,545.6,565.4,556.2,578.5,586.1,606.1,585.5,615.5,624.1,623.3,636.6,637.6,657,674.7,679.9,706,724.7,758.4,762.1,748,772,788.5,795.5,799.3,815.5,831.6,824.5,804.9,827.7,837.8,812.8,806.4,807.8,834.6
"60","52","      Consumption expenditures","A997RC1",75.7,77.6,79.1,80.1,78.3,75.6,76.2,76,78.1,77,75.8,77.4,80.6,81.2,77.6,78.4,79.3,79.9,78.3,80.1,82,84.2,84.4,87.5,89,89.9,91.2,93.4,93.4,96,95.6,98.1,100.8,103.6,105.2,107,109.4,111.8,113.9,115.7,119.1,123.5,122.4,130.1,136,141,144.6,153.1,159.2,165,167.7,177.2,183,187,193.9,200.8,203.3,208.2,209.4,214,227,231.6,233.7,239,246.2,249,256.7,262.7,261.6,268.6,273.1,268.2,276.8,282.2,286.2,289,293.3,292.4,289.8,298.2,292.1,300.8,302.5,302.2,307.4,306.8,302.7,315,325.7,322.5,317.8,312.9,311.6,312.9,320.1,316.4,308.8,306.1,306.2,309,299,299.5,307.2,297.6,299.1,298.6,298.8,291.4,299.7,305.3,301.7,306,300.9,308.4,302.7,306,291.3,302.3,303.4,304.2,306.6,304.7,314.3,326.3,311.6,328.2,322.9,324.7,335.4,338.5,343.4,350.8,368.2,375.2,380.3,398.9,407,444.9,439.1,449.7,470.2,477.7,492.5,484.4,507.5,511.7,529.4,510.7,538.3,541.2,543.7,552.3,555.8,569,585.8,590.9,614.2,620.9,648.5,649.6,642.2,659.4,674.6,681.5,689.4,700.3,713.2,707,697.3,716.7,730.5,704,703.5,701.1,728.2
"61","53","      Gross investment","A788RC1",13.1,10.7,11.7,9.8,11.7,10.9,10.6,11.1,8,7.5,8.3,6.3,7,8.6,6.4,7.8,9.9,9.3,7.7,8,9.8,10.7,11.7,12.1,11.7,10.4,14.8,15.2,15.2,13.9,15.9,16.1,17.1,17.6,16.5,15.7,15.8,17.6,17.9,20,19.2,19.9,23.7,22.9,24.4,24,23.2,25.6,25.6,28.8,30,31.3,30.8,35.7,34.7,37.8,38,40.6,42.9,46,46.8,47.7,46.5,53.7,52,57,61.3,59.8,56.8,60.7,69.2,65,63.9,67.1,69.2,65.5,61.1,61.4,61,61.7,61.7,61.4,66.2,61.5,63.6,65.7,66.9,67.5,63.5,66.1,64.2,59.9,60.5,62.3,62.8,60.6,55.9,55.9,53.9,56.3,49.5,53.1,57.4,51.9,52.7,53.4,50.5,50.7,55.7,53.5,51,46.4,43,43.5,47.4,47.3,42.6,45,48.9,46.5,44.4,48.3,50.7,49.4,49,48.7,49.8,49.4,48.3,51.2,52.2,52,52,56.8,60.1,59.3,59.4,62.3,64,65.4,65.8,67.9,72.9,71.8,71,74.3,76.7,74.8,77.2,82.8,79.6,84.3,81.8,88,88.9,89,91.8,103.8,109.9,112.6,105.7,112.5,113.9,114,109.9,115.3,118.4,117.5,107.6,111,107.3,108.8,102.9,106.7,106.5
"62","54","    Nondefense","A825RC1",23.3,23.7,24.6,23.7,25,26.1,26,26.2,26.8,29.1,30.6,29.8,32,32.8,32.8,33.1,34.1,34,34.4,34.7,36.8,36.2,40,42.9,43.3,44.6,45.3,47.3,47.7,47.8,48.3,50.6,51.9,53.6,54.8,57.8,57.8,59.8,60.7,63.5,63.9,64.5,65.6,67.5,71.2,77.9,75.8,78.1,81.7,84.9,83.6,85.6,84.9,82.4,83.8,88.5,91.6,93.3,101.7,82.4,85.3,94.5,95.1,96.1,99.8,101.6,102.7,102.2,103,105.4,109.6,112.6,110.8,109.3,105.1,113,105.7,105.2,105.3,111.2,115.4,119.3,120.3,122.4,129.8,133.4,135.4,135.8,140,143.2,144,146.5,153.6,153.8,155.7,161.4,162.1,161,162.3,162.6,163.5,162.5,164.5,168.8,171.4,169.7,170.7,168.1,172.5,172.1,171,173.1,179.7,181.6,182.2,181,185.5,187.5,179.5,187.2,190.2,191.4,193.9,199.7,201.9,206.3,206.6,205.3,210.6,219,220.7,224.6,237.5,242.5,245,246.9,258.8,254.9,262.2,258.3,269.2,274.2,273.7,278.3,283.5,281.1,288,296.4,313,306.2,308.9,299.3,306.4,311.7,317.4,320.7,336.7,341.3,342.1,349,356.9,364,369.1,380.4,394.3,409.6,408.1,409.3,410.3,406.6,389.7,398.4,401.3,402.9,406.8
"63","55","      Consumption expenditures","A542RC1",19.6,20,21,20.2,21.4,22.3,22.2,22.2,22.8,24.9,26.3,25.5,27.5,28.2,28.3,28.6,29.2,29.2,29.5,29.8,32,30.4,34.6,36.8,36.8,38.3,39,40.5,40.7,40.5,41,43.3,44.5,45.8,46.3,49.5,48.9,50.2,50.2,53.3,54,54.4,54.8,57.4,59.7,66.1,63.4,65.9,68.9,72,70.5,72.4,72.2,69.4,71.1,75.8,77.2,79.1,86.8,67.9,70,78.7,79.5,80.1,83,85.4,85.3,85,85.5,88.3,92.5,94.4,92.4,89.6,85.6,93,87.4,86.8,86.4,92.5,96.1,99,99.8,101.5,106.9,110.5,112.9,113.8,117,118.6,119.1,119.8,126.5,127.2,129,133,132.6,132.3,134.2,135.8,138.8,138.6,139.8,142.4,144,143.3,143.8,141.5,143.8,142.8,141.7,145.3,151.2,152.9,153.4,154.6,155,156.2,148.9,156.9,158.7,158.1,161,163.6,170.4,175.2,175.6,175.4,180.4,188.4,190.3,193.5,204.5,209.6,211.6,213.7,226.1,220.9,228.3,225.1,236.2,240,239.9,244.5,249.4,247.1,251.1,256.4,272.1,267.2,269.4,259.8,267,271.4,276.2,279.6,294.4,297.8,297.7,303.9,312.3,320.1,324.1,333.5,344.8,356.7,355.1,356.6,356.9,354.3,338.5,348,352.1,353.7,357.8
"64","56","      Gross investment","A798RC1",3.7,3.7,3.6,3.5,3.5,3.7,3.8,3.9,3.9,4.1,4.4,4.3,4.5,4.6,4.5,4.5,4.9,4.8,4.9,5,4.8,5.8,5.4,6.1,6.5,6.3,6.4,6.8,6.9,7.4,7.3,7.4,7.4,7.8,8.5,8.3,8.9,9.6,10.5,10.2,9.9,10.1,10.9,10.1,11.5,11.9,12.4,12.2,12.8,12.8,13.1,13.2,12.7,12.9,12.6,12.7,14.4,14.2,14.9,14.5,15.3,15.8,15.6,16,16.8,16.3,17.4,17.2,17.5,17.1,17.1,18.3,18.4,19.7,19.6,19.9,18.3,18.4,18.9,18.7,19.3,20.3,20.5,20.9,22.9,23,22.5,22,23.1,24.6,24.9,26.8,27.1,26.6,26.7,28.4,29.5,28.7,28.1,26.8,24.7,23.8,24.7,26.4,27.4,26.3,26.9,26.6,28.7,29.3,29.3,27.8,28.6,28.7,28.7,26.4,30.5,31.2,30.6,30.3,31.5,33.3,32.9,36.1,31.4,31,31.1,29.9,30.3,30.6,30.4,31.1,33,32.9,33.4,33.1,32.7,34,33.9,33.2,33,34.3,33.8,33.7,34.1,34.1,36.8,40,40.9,39,39.4,39.5,39.4,40.3,41.2,41.1,42.3,43.5,44.4,45.1,44.6,43.8,45,46.9,49.6,52.8,53,52.8,53.5,52.3,51.2,50.4,49.2,49.2,49
"65","57","  State and local","A829RC1",104.4,107.4,109.5,111.3,114.9,118,122.7,125.6,128.7,131.8,133.8,136.8,139.9,141.3,144.8,149.2,153.4,156.8,160.8,165.9,172.8,181,187.1,192.6,202.2,204.9,210.7,216.9,222.8,222.3,223,225.2,231.5,237,240.8,245.3,249,260.6,267.4,273.6,275.5,284.6,295.5,305,315.1,319.8,324,330.7,343.6,343.8,347,354.8,359.9,366.8,372.4,379.7,383.9,387,394,397.3,408,417.4,428.4,436.7,447.6,460.7,473.2,483,497.5,506.2,515.5,524.4,530.9,536,542,550.6,561.8,574,580.8,592.7,601.4,613.6,623.2,638.5,657.8,665.4,678,695.6,698.9,704.5,713.2,721.5,733.1,738.4,743.1,747.7,755.8,767.4,774.2,781.9,791,803.7,820.2,829.9,841.5,854.6,858.7,866.2,872.8,886.2,898.9,918,933.7,939,945.6,955.6,963.1,983.9,1008.6,1024.6,1044.6,1064.5,1085.7,1110.6,1133.2,1143.7,1160.6,1182,1206.7,1238.2,1234.2,1259.8,1278.9,1294.1,1310.6,1327.3,1348.4,1347.8,1362.3,1365.7,1379.4,1399.2,1415.3,1438.8,1454.6,1477.3,1506,1536.4,1546.1,1580.2,1601.2,1619.4,1660.3,1687.3,1706.4,1737.6,1769.3,1803.7,1829.2,1789.9,1789.7,1821.9,1838.8,1844.1,1837.2,1836.6,1832.5,1831.4,1832.8,1837.9,1840.2,1839.7,1846.9,1843,1850.2
"66","58","    Consumption expenditures","A991RC1",75.9,78.4,81.2,83.9,87.3,90,93,95.8,99,101.6,104.2,106.1,109.1,111.6,114.6,117.2,120.7,124.2,127.7,131.4,136,140.9,146.3,151.8,157.8,163.5,167.9,171.1,174.5,177.8,180.9,184.6,189.2,193.3,198.2,202.8,207.2,210.7,215.2,219.6,225.5,229.2,236.3,242.4,249.3,255.8,261.6,267,274.4,279.9,284.9,290.1,296.6,302.6,307.4,312.8,318.4,322.1,326,329.8,337.2,343.9,351.3,358.2,367.3,376,386.8,396.9,406.7,413.4,420.7,431.4,434.3,439.1,442.8,449.4,459.6,467.5,474.3,482.7,491.3,500.2,507.7,518.6,531.9,540.3,551.6,564.1,569,573.9,580.4,586.6,593.7,602.7,611.2,617.3,625.3,631.1,637.1,643.2,654.6,663.3,673.4,681.4,690.6,699.2,704.7,710.6,717.9,726.6,733.3,742.9,751.6,758.2,767.8,780.6,789.6,801.6,815,828.2,844,862.3,880.2,895.9,910.2,922.6,936.2,953.5,972.8,989.2,1002.6,1012.3,1026.1,1043,1057.3,1071.2,1091.5,1092.5,1098.4,1103.6,1116.8,1129.1,1144,1166.3,1182,1198.4,1222.9,1244.8,1254.5,1274.6,1292.7,1307.6,1337.8,1360.6,1376.2,1401,1428.4,1455.1,1475.6,1437.8,1436.1,1465.8,1487.9,1503.5,1505.2,1494.2,1488.6,1496.9,1511.4,1520.3,1522,1518.4,1531.4,1525.5,1531.5
"67","59","    Gross investment","A799RC1",28.5,29,28.3,27.4,27.6,27.9,29.7,29.8,29.7,30.2,29.7,30.7,30.8,29.7,30.2,31.9,32.7,32.6,33.1,34.5,36.9,40,40.8,40.8,44.4,41.4,42.8,45.8,48.3,44.5,42,40.5,42.4,43.7,42.6,42.4,41.8,49.9,52.3,54,50,55.4,59.2,62.7,65.8,64,62.3,63.7,69.1,63.9,62.1,64.8,63.2,64.1,65,66.9,65.5,64.9,67.9,67.5,70.8,73.5,77.1,78.5,80.3,84.7,86.4,86.1,90.8,92.7,94.8,93,96.5,96.9,99.2,101.3,102.1,106.6,106.5,110,110.1,113.4,115.5,119.9,125.9,125.1,126.4,131.5,129.9,130.6,132.8,134.9,139.4,135.7,131.8,130.4,130.6,136.3,137.1,138.7,136.4,140.4,146.8,148.5,150.9,155.3,154,155.6,154.9,159.5,165.6,175.1,182.2,180.8,177.7,175,173.5,182.4,193.5,196.3,200.6,202.1,205.5,214.7,223,221.1,224.4,228.5,233.9,249,231.6,247.5,252.8,251.1,253.3,256.1,256.9,255.3,263.9,262.2,262.6,270,271.3,272.5,272.6,278.9,283.1,291.6,291.6,305.6,308.5,311.8,322.6,326.7,330.2,336.7,340.9,348.6,353.6,352.1,353.6,356.1,350.9,340.6,332,342.4,343.9,334.5,321.5,317.7,318.3,321.3,315.5,317.5,318.8
"68",NA,NA,NA,NA,NA,NA,NA,NA,NA,NA,NA,NA,NA,NA,NA,NA,NA,NA,NA,NA,NA,NA,NA,NA,NA,NA,NA,NA,NA,NA,NA,NA,NA,NA,NA,NA,NA,NA,NA,NA,NA,NA,NA,NA,NA,NA,NA,NA,NA,NA,NA,NA,NA,NA,NA,NA,NA,NA,NA,NA,NA,NA,NA,NA,NA,NA,NA,NA,NA,NA,NA,NA,NA,NA,NA,NA,NA,NA,NA,NA,NA,NA,NA,NA,NA,NA,NA,NA,NA,NA,NA,NA,NA,NA,NA,NA,NA,NA,NA,NA,NA,NA,NA,NA,NA,NA,NA,NA,NA,NA,NA,NA,NA,NA,NA,NA,NA,NA,NA,NA,NA,NA,NA,NA,NA,NA,NA,NA,NA,NA,NA,NA,NA,NA,NA,NA,NA,NA,NA,NA,NA,NA,NA,NA,NA,NA,NA,NA,NA,NA,NA,NA,NA,NA,NA,NA,NA,NA,NA,NA,NA,NA,NA,NA,NA,NA,NA,NA,NA,NA,NA,NA,NA,NA,NA,NA,NA,NA
"69","1. Net expenses of NPISHs, defined as their gross operating expenses less primary",NA,NA,NA,NA,NA,NA,NA,NA,NA,NA,NA,NA,NA,NA,NA,NA,NA,NA,NA,NA,NA,NA,NA,NA,NA,NA,NA,NA,NA,NA,NA,NA,NA,NA,NA,NA,NA,NA,NA,NA,NA,NA,NA,NA,NA,NA,NA,NA,NA,NA,NA,NA,NA,NA,NA,NA,NA,NA,NA,NA,NA,NA,NA,NA,NA,NA,NA,NA,NA,NA,NA,NA,NA,NA,NA,NA,NA,NA,NA,NA,NA,NA,NA,NA,NA,NA,NA,NA,NA,NA,NA,NA,NA,NA,NA,NA,NA,NA,NA,NA,NA,NA,NA,NA,NA,NA,NA,NA,NA,NA,NA,NA,NA,NA,NA,NA,NA,NA,NA,NA,NA,NA,NA,NA,NA,NA,NA,NA,NA,NA,NA,NA,NA,NA,NA,NA,NA,NA,NA,NA,NA,NA,NA,NA,NA,NA,NA,NA,NA,NA,NA,NA,NA,NA,NA,NA,NA,NA,NA,NA,NA,NA,NA,NA,NA,NA,NA,NA,NA,NA,NA,NA,NA,NA,NA,NA,NA
"70","sales to households.",NA,NA,NA,NA,NA,NA,NA,NA,NA,NA,NA,NA,NA,NA,NA,NA,NA,NA,NA,NA,NA,NA,NA,NA,NA,NA,NA,NA,NA,NA,NA,NA,NA,NA,NA,NA,NA,NA,NA,NA,NA,NA,NA,NA,NA,NA,NA,NA,NA,NA,NA,NA,NA,NA,NA,NA,NA,NA,NA,NA,NA,NA,NA,NA,NA,NA,NA,NA,NA,NA,NA,NA,NA,NA,NA,NA,NA,NA,NA,NA,NA,NA,NA,NA,NA,NA,NA,NA,NA,NA,NA,NA,NA,NA,NA,NA,NA,NA,NA,NA,NA,NA,NA,NA,NA,NA,NA,NA,NA,NA,NA,NA,NA,NA,NA,NA,NA,NA,NA,NA,NA,NA,NA,NA,NA,NA,NA,NA,NA,NA,NA,NA,NA,NA,NA,NA,NA,NA,NA,NA,NA,NA,NA,NA,NA,NA,NA,NA,NA,NA,NA,NA,NA,NA,NA,NA,NA,NA,NA,NA,NA,NA,NA,NA,NA,NA,NA,NA,NA,NA,NA,NA,NA,NA,NA,NA,NA
"71","2. Gross output is net of unrelated sales, secondary sales, and sales to business,",NA,NA,NA,NA,NA,NA,NA,NA,NA,NA,NA,NA,NA,NA,NA,NA,NA,NA,NA,NA,NA,NA,NA,NA,NA,NA,NA,NA,NA,NA,NA,NA,NA,NA,NA,NA,NA,NA,NA,NA,NA,NA,NA,NA,NA,NA,NA,NA,NA,NA,NA,NA,NA,NA,NA,NA,NA,NA,NA,NA,NA,NA,NA,NA,NA,NA,NA,NA,NA,NA,NA,NA,NA,NA,NA,NA,NA,NA,NA,NA,NA,NA,NA,NA,NA,NA,NA,NA,NA,NA,NA,NA,NA,NA,NA,NA,NA,NA,NA,NA,NA,NA,NA,NA,NA,NA,NA,NA,NA,NA,NA,NA,NA,NA,NA,NA,NA,NA,NA,NA,NA,NA,NA,NA,NA,NA,NA,NA,NA,NA,NA,NA,NA,NA,NA,NA,NA,NA,NA,NA,NA,NA,NA,NA,NA,NA,NA,NA,NA,NA,NA,NA,NA,NA,NA,NA,NA,NA,NA,NA,NA,NA,NA,NA,NA,NA,NA,NA,NA,NA,NA,NA,NA,NA,NA,NA,NA
"72","to government, and to the rest of the world; excludes own-account investment",NA,NA,NA,NA,NA,NA,NA,NA,NA,NA,NA,NA,NA,NA,NA,NA,NA,NA,NA,NA,NA,NA,NA,NA,NA,NA,NA,NA,NA,NA,NA,NA,NA,NA,NA,NA,NA,NA,NA,NA,NA,NA,NA,NA,NA,NA,NA,NA,NA,NA,NA,NA,NA,NA,NA,NA,NA,NA,NA,NA,NA,NA,NA,NA,NA,NA,NA,NA,NA,NA,NA,NA,NA,NA,NA,NA,NA,NA,NA,NA,NA,NA,NA,NA,NA,NA,NA,NA,NA,NA,NA,NA,NA,NA,NA,NA,NA,NA,NA,NA,NA,NA,NA,NA,NA,NA,NA,NA,NA,NA,NA,NA,NA,NA,NA,NA,NA,NA,NA,NA,NA,NA,NA,NA,NA,NA,NA,NA,NA,NA,NA,NA,NA,NA,NA,NA,NA,NA,NA,NA,NA,NA,NA,NA,NA,NA,NA,NA,NA,NA,NA,NA,NA,NA,NA,NA,NA,NA,NA,NA,NA,NA,NA,NA,NA,NA,NA,NA,NA,NA,NA,NA,NA,NA,NA,NA,NA
"73","(construction and software).",NA,NA,NA,NA,NA,NA,NA,NA,NA,NA,NA,NA,NA,NA,NA,NA,NA,NA,NA,NA,NA,NA,NA,NA,NA,NA,NA,NA,NA,NA,NA,NA,NA,NA,NA,NA,NA,NA,NA,NA,NA,NA,NA,NA,NA,NA,NA,NA,NA,NA,NA,NA,NA,NA,NA,NA,NA,NA,NA,NA,NA,NA,NA,NA,NA,NA,NA,NA,NA,NA,NA,NA,NA,NA,NA,NA,NA,NA,NA,NA,NA,NA,NA,NA,NA,NA,NA,NA,NA,NA,NA,NA,NA,NA,NA,NA,NA,NA,NA,NA,NA,NA,NA,NA,NA,NA,NA,NA,NA,NA,NA,NA,NA,NA,NA,NA,NA,NA,NA,NA,NA,NA,NA,NA,NA,NA,NA,NA,NA,NA,NA,NA,NA,NA,NA,NA,NA,NA,NA,NA,NA,NA,NA,NA,NA,NA,NA,NA,NA,NA,NA,NA,NA,NA,NA,NA,NA,NA,NA,NA,NA,NA,NA,NA,NA,NA,NA,NA,NA,NA,NA,NA,NA,NA,NA,NA,NA
"74","3. Excludes unrelated sales, secondary sales, and sales to business, to government,",NA,NA,NA,NA,NA,NA,NA,NA,NA,NA,NA,NA,NA,NA,NA,NA,NA,NA,NA,NA,NA,NA,NA,NA,NA,NA,NA,NA,NA,NA,NA,NA,NA,NA,NA,NA,NA,NA,NA,NA,NA,NA,NA,NA,NA,NA,NA,NA,NA,NA,NA,NA,NA,NA,NA,NA,NA,NA,NA,NA,NA,NA,NA,NA,NA,NA,NA,NA,NA,NA,NA,NA,NA,NA,NA,NA,NA,NA,NA,NA,NA,NA,NA,NA,NA,NA,NA,NA,NA,NA,NA,NA,NA,NA,NA,NA,NA,NA,NA,NA,NA,NA,NA,NA,NA,NA,NA,NA,NA,NA,NA,NA,NA,NA,NA,NA,NA,NA,NA,NA,NA,NA,NA,NA,NA,NA,NA,NA,NA,NA,NA,NA,NA,NA,NA,NA,NA,NA,NA,NA,NA,NA,NA,NA,NA,NA,NA,NA,NA,NA,NA,NA,NA,NA,NA,NA,NA,NA,NA,NA,NA,NA,NA,NA,NA,NA,NA,NA,NA,NA,NA,NA,NA,NA,NA,NA,NA
"75","and to the rest of the world; includes membership dues and fees.",NA,NA,NA,NA,NA,NA,NA,NA,NA,NA,NA,NA,NA,NA,NA,NA,NA,NA,NA,NA,NA,NA,NA,NA,NA,NA,NA,NA,NA,NA,NA,NA,NA,NA,NA,NA,NA,NA,NA,NA,NA,NA,NA,NA,NA,NA,NA,NA,NA,NA,NA,NA,NA,NA,NA,NA,NA,NA,NA,NA,NA,NA,NA,NA,NA,NA,NA,NA,NA,NA,NA,NA,NA,NA,NA,NA,NA,NA,NA,NA,NA,NA,NA,NA,NA,NA,NA,NA,NA,NA,NA,NA,NA,NA,NA,NA,NA,NA,NA,NA,NA,NA,NA,NA,NA,NA,NA,NA,NA,NA,NA,NA,NA,NA,NA,NA,NA,NA,NA,NA,NA,NA,NA,NA,NA,NA,NA,NA,NA,NA,NA,NA,NA,NA,NA,NA,NA,NA,NA,NA,NA,NA,NA,NA,NA,NA,NA,NA,NA,NA,NA,NA,NA,NA,NA,NA,NA,NA,NA,NA,NA,NA,NA,NA,NA,NA,NA,NA,NA,NA,NA,NA,NA,NA,NA,NA,NA
"76","4. Excludes software ""embedded,"" or bundled, in computers and other equipment.",NA,NA,NA,NA,NA,NA,NA,NA,NA,NA,NA,NA,NA,NA,NA,NA,NA,NA,NA,NA,NA,NA,NA,NA,NA,NA,NA,NA,NA,NA,NA,NA,NA,NA,NA,NA,NA,NA,NA,NA,NA,NA,NA,NA,NA,NA,NA,NA,NA,NA,NA,NA,NA,NA,NA,NA,NA,NA,NA,NA,NA,NA,NA,NA,NA,NA,NA,NA,NA,NA,NA,NA,NA,NA,NA,NA,NA,NA,NA,NA,NA,NA,NA,NA,NA,NA,NA,NA,NA,NA,NA,NA,NA,NA,NA,NA,NA,NA,NA,NA,NA,NA,NA,NA,NA,NA,NA,NA,NA,NA,NA,NA,NA,NA,NA,NA,NA,NA,NA,NA,NA,NA,NA,NA,NA,NA,NA,NA,NA,NA,NA,NA,NA,NA,NA,NA,NA,NA,NA,NA,NA,NA,NA,NA,NA,NA,NA,NA,NA,NA,NA,NA,NA,NA,NA,NA,NA,NA,NA,NA,NA,NA,NA,NA,NA,NA,NA,NA,NA,NA,NA,NA,NA,NA,NA,NA,NA
