"","Table 1#5#1# Percent Change From Preceding Period in Real Gross ","F2","F3","F4","F5","F6","F7","F8","F9","F10","F11","F12","F13","F14","F15","F16","F17","F18","F19","F20","F21","F22","F23","F24","F25","F26","F27","F28","F29","F30","F31","F32","F33","F34","F35","F36","F37","F38","F39","F40","F41","F42","F43","F44","F45","F46","F47","F48","F49","F50","F51","F52","F53","F54","F55","F56","F57","F58","F59","F60","F61","F62","F63","F64","F65","F66","F67","F68","F69","F70","F71","F72","F73","F74","F75","F76","F77","F78","F79","F80","F81","F82","F83","F84","F85","F86","F87","F88","F89","F90","F91","F92","F93","F94","F95","F96","F97","F98","F99","F100","F101","F102","F103","F104","F105","F106","F107","F108","F109","F110","F111","F112","F113","F114","F115","F116","F117","F118","F119","F120","F121","F122","F123","F124","F125","F126","F127","F128","F129","F130","F131","F132","F133","F134","F135","F136","F137","F138","F139","F140","F141","F142","F143","F144","F145","F146","F147","F148","F149","F150","F151","F152","F153","F154","F155","F156","F157","F158","F159","F160","F161","F162","F163","F164","F165","F166","F167","F168","F169","F170","F171","F172","F173","F174","F175","F176","F177","F178","F179","F180","F181","F182","F183","F184","F185","F186","F187","F188"
"1","[Percent]; Seasonally adjusted at annual rates                                                                 ",NA,NA,NA,NA,NA,NA,NA,NA,NA,NA,NA,NA,NA,NA,NA,NA,NA,NA,NA,NA,NA,NA,NA,NA,NA,NA,NA,NA,NA,NA,NA,NA,NA,NA,NA,NA,NA,NA,NA,NA,NA,NA,NA,NA,NA,NA,NA,NA,NA,NA,NA,NA,NA,NA,NA,NA,NA,NA,NA,NA,NA,NA,NA,NA,NA,NA,NA,NA,NA,NA,NA,NA,NA,NA,NA,NA,NA,NA,NA,NA,NA,NA,NA,NA,NA,NA,NA,NA,NA,NA,NA,NA,NA,NA,NA,NA,NA,NA,NA,NA,NA,NA,NA,NA,NA,NA,NA,NA,NA,NA,NA,NA,NA,NA,NA,NA,NA,NA,NA,NA,NA,NA,NA,NA,NA,NA,NA,NA,NA,NA,NA,NA,NA,NA,NA,NA,NA,NA,NA,NA,NA,NA,NA,NA,NA,NA,NA,NA,NA,NA,NA,NA,NA,NA,NA,NA,NA,NA,NA,NA,NA,NA,NA,NA,NA,NA,NA,NA,NA,NA,NA,NA,NA,NA,NA,NA,NA,NA,NA,NA,NA,NA,NA,NA,NA,NA,NA
"2","Quarterly data from 1969 To 2015",NA,NA,NA,NA,NA,NA,NA,NA,NA,NA,NA,NA,NA,NA,NA,NA,NA,NA,NA,NA,NA,NA,NA,NA,NA,NA,NA,NA,NA,NA,NA,NA,NA,NA,NA,NA,NA,NA,NA,NA,NA,NA,NA,NA,NA,NA,NA,NA,NA,NA,NA,NA,NA,NA,NA,NA,NA,NA,NA,NA,NA,NA,NA,NA,NA,NA,NA,NA,NA,NA,NA,NA,NA,NA,NA,NA,NA,NA,NA,NA,NA,NA,NA,NA,NA,NA,NA,NA,NA,NA,NA,NA,NA,NA,NA,NA,NA,NA,NA,NA,NA,NA,NA,NA,NA,NA,NA,NA,NA,NA,NA,NA,NA,NA,NA,NA,NA,NA,NA,NA,NA,NA,NA,NA,NA,NA,NA,NA,NA,NA,NA,NA,NA,NA,NA,NA,NA,NA,NA,NA,NA,NA,NA,NA,NA,NA,NA,NA,NA,NA,NA,NA,NA,NA,NA,NA,NA,NA,NA,NA,NA,NA,NA,NA,NA,NA,NA,NA,NA,NA,NA,NA,NA,NA,NA,NA,NA,NA,NA,NA,NA,NA,NA,NA,NA,NA,NA
"3","Bureau of Economic Analysis",NA,NA,NA,NA,NA,NA,NA,NA,NA,NA,NA,NA,NA,NA,NA,NA,NA,NA,NA,NA,NA,NA,NA,NA,NA,NA,NA,NA,NA,NA,NA,NA,NA,NA,NA,NA,NA,NA,NA,NA,NA,NA,NA,NA,NA,NA,NA,NA,NA,NA,NA,NA,NA,NA,NA,NA,NA,NA,NA,NA,NA,NA,NA,NA,NA,NA,NA,NA,NA,NA,NA,NA,NA,NA,NA,NA,NA,NA,NA,NA,NA,NA,NA,NA,NA,NA,NA,NA,NA,NA,NA,NA,NA,NA,NA,NA,NA,NA,NA,NA,NA,NA,NA,NA,NA,NA,NA,NA,NA,NA,NA,NA,NA,NA,NA,NA,NA,NA,NA,NA,NA,NA,NA,NA,NA,NA,NA,NA,NA,NA,NA,NA,NA,NA,NA,NA,NA,NA,NA,NA,NA,NA,NA,NA,NA,NA,NA,NA,NA,NA,NA,NA,NA,NA,NA,NA,NA,NA,NA,NA,NA,NA,NA,NA,NA,NA,NA,NA,NA,NA,NA,NA,NA,NA,NA,NA,NA,NA,NA,NA,NA,NA,NA,NA,NA,NA,NA
"4","Data published May 29, 2015      ",NA,NA,NA,NA,NA,NA,NA,NA,NA,NA,NA,NA,NA,NA,NA,NA,NA,NA,NA,NA,NA,NA,NA,NA,NA,NA,NA,NA,NA,NA,NA,NA,NA,NA,NA,NA,NA,NA,NA,NA,NA,NA,NA,NA,NA,NA,NA,NA,NA,NA,NA,NA,NA,NA,NA,NA,NA,NA,NA,NA,NA,NA,NA,NA,NA,NA,NA,NA,NA,NA,NA,NA,NA,NA,NA,NA,NA,NA,NA,NA,NA,NA,NA,NA,NA,NA,NA,NA,NA,NA,NA,NA,NA,NA,NA,NA,NA,NA,NA,NA,NA,NA,NA,NA,NA,NA,NA,NA,NA,NA,NA,NA,NA,NA,NA,NA,NA,NA,NA,NA,NA,NA,NA,NA,NA,NA,NA,NA,NA,NA,NA,NA,NA,NA,NA,NA,NA,NA,NA,NA,NA,NA,NA,NA,NA,NA,NA,NA,NA,NA,NA,NA,NA,NA,NA,NA,NA,NA,NA,NA,NA,NA,NA,NA,NA,NA,NA,NA,NA,NA,NA,NA,NA,NA,NA,NA,NA,NA,NA,NA,NA,NA,NA,NA,NA,NA,NA
"5","File created 5/28/2015 12:40:36 PM",NA,NA,NA,NA,NA,NA,NA,NA,NA,NA,NA,NA,NA,NA,NA,NA,NA,NA,NA,NA,NA,NA,NA,NA,NA,NA,NA,NA,NA,NA,NA,NA,NA,NA,NA,NA,NA,NA,NA,NA,NA,NA,NA,NA,NA,NA,NA,NA,NA,NA,NA,NA,NA,NA,NA,NA,NA,NA,NA,NA,NA,NA,NA,NA,NA,NA,NA,NA,NA,NA,NA,NA,NA,NA,NA,NA,NA,NA,NA,NA,NA,NA,NA,NA,NA,NA,NA,NA,NA,NA,NA,NA,NA,NA,NA,NA,NA,NA,NA,NA,NA,NA,NA,NA,NA,NA,NA,NA,NA,NA,NA,NA,NA,NA,NA,NA,NA,NA,NA,NA,NA,NA,NA,NA,NA,NA,NA,NA,NA,NA,NA,NA,NA,NA,NA,NA,NA,NA,NA,NA,NA,NA,NA,NA,NA,NA,NA,NA,NA,NA,NA,NA,NA,NA,NA,NA,NA,NA,NA,NA,NA,NA,NA,NA,NA,NA,NA,NA,NA,NA,NA,NA,NA,NA,NA,NA,NA,NA,NA,NA,NA,NA,NA,NA,NA,NA,NA
"6",NA,NA,NA,NA,NA,NA,NA,NA,NA,NA,NA,NA,NA,NA,NA,NA,NA,NA,NA,NA,NA,NA,NA,NA,NA,NA,NA,NA,NA,NA,NA,NA,NA,NA,NA,NA,NA,NA,NA,NA,NA,NA,NA,NA,NA,NA,NA,NA,NA,NA,NA,NA,NA,NA,NA,NA,NA,NA,NA,NA,NA,NA,NA,NA,NA,NA,NA,NA,NA,NA,NA,NA,NA,NA,NA,NA,NA,NA,NA,NA,NA,NA,NA,NA,NA,NA,NA,NA,NA,NA,NA,NA,NA,NA,NA,NA,NA,NA,NA,NA,NA,NA,NA,NA,NA,NA,NA,NA,NA,NA,NA,NA,NA,NA,NA,NA,NA,NA,NA,NA,NA,NA,NA,NA,NA,NA,NA,NA,NA,NA,NA,NA,NA,NA,NA,NA,NA,NA,NA,NA,NA,NA,NA,NA,NA,NA,NA,NA,NA,NA,NA,NA,NA,NA,NA,NA,NA,NA,NA,NA,NA,NA,NA,NA,NA,NA,NA,NA,NA,NA,NA,NA,NA,NA,NA,NA,NA,NA,NA,NA,NA,NA,NA,NA,NA,NA,NA,NA
"7","Line",NA,NA,1969,1969,1969,1969,1970,1970,1970,1970,1971,1971,1971,1971,1972,1972,1972,1972,1973,1973,1973,1973,1974,1974,1974,1974,1975,1975,1975,1975,1976,1976,1976,1976,1977,1977,1977,1977,1978,1978,1978,1978,1979,1979,1979,1979,1980,1980,1980,1980,1981,1981,1981,1981,1982,1982,1982,1982,1983,1983,1983,1983,1984,1984,1984,1984,1985,1985,1985,1985,1986,1986,1986,1986,1987,1987,1987,1987,1988,1988,1988,1988,1989,1989,1989,1989,1990,1990,1990,1990,1991,1991,1991,1991,1992,1992,1992,1992,1993,1993,1993,1993,1994,1994,1994,1994,1995,1995,1995,1995,1996,1996,1996,1996,1997,1997,1997,1997,1998,1998,1998,1998,1999,1999,1999,1999,2000,2000,2000,2000,2001,2001,2001,2001,2002,2002,2002,2002,2003,2003,2003,2003,2004,2004,2004,2004,2005,2005,2005,2005,2006,2006,2006,2006,2007,2007,2007,2007,2008,2008,2008,2008,2009,2009,2009,2009,2010,2010,2010,2010,2011,2011,2011,2011,2012,2012,2012,2012,2013,2013,2013,2013,2014,2014,2014,2014,2015
"8",NA,NA,NA,1,2,3,4,1,2,3,4,1,2,3,4,1,2,3,4,1,2,3,4,1,2,3,4,1,2,3,4,1,2,3,4,1,2,3,4,1,2,3,4,1,2,3,4,1,2,3,4,1,2,3,4,1,2,3,4,1,2,3,4,1,2,3,4,1,2,3,4,1,2,3,4,1,2,3,4,1,2,3,4,1,2,3,4,1,2,3,4,1,2,3,4,1,2,3,4,1,2,3,4,1,2,3,4,1,2,3,4,1,2,3,4,1,2,3,4,1,2,3,4,1,2,3,4,1,2,3,4,1,2,3,4,1,2,3,4,1,2,3,4,1,2,3,4,1,2,3,4,1,2,3,4,1,2,3,4,1,2,3,4,1,2,3,4,1,2,3,4,1,2,3,4,1,2,3,4,1,2,3,4,1,2,3,4,1
"9","1","    Gross domestic product","A191RL1",6.4,1.3,2.5,-1.7,-0.7,0.7,3.6,-4,11.1,2.3,3.2,1.2,7.4,9.6,3.7,6.8,10.2,4.6,-2.2,3.8,-3.3,1.1,-3.8,-1.6,-4.7,3.1,6.8,5.5,9.3,3.1,2.1,3,4.7,8.1,7.3,0,1.4,16.5,4,5.5,0.8,0.5,2.9,1,1.3,-7.9,-0.6,7.6,8.5,-2.9,4.7,-4.6,-6.5,2.2,-1.4,0.4,5.3,9.4,8.1,8.5,8.2,7.2,4,3.2,4,3.7,6.4,3,3.8,1.9,4.1,2.1,2.8,4.6,3.7,6.8,2.3,5.4,2.3,5.4,4.1,3.2,3,0.9,4.5,1.6,0.1,-3.4,-1.9,3.1,1.9,1.8,4.8,4.5,3.9,4.1,0.8,2.4,2,5.4,4,5.6,2.4,4.6,1.4,1.4,3.5,2.9,2.7,7.2,3.7,4.3,3.1,6.2,5.2,3.1,4,3.9,5.3,6.7,3.2,3.3,5.1,7.1,1.2,7.8,0.5,2.3,-1.1,2.1,-1.3,1.1,3.7,2.2,2,0.3,2.1,3.8,6.9,4.8,2.3,3,3.7,3.5,4.3,2.1,3.4,2.3,4.9,1.2,0.4,3.2,0.2,3.1,2.7,1.4,-2.7,2,-1.9,-8.2,-5.4,-0.5,1.3,3.9,1.7,3.9,2.7,2.5,-1.5,2.9,0.8,4.6,2.3,1.6,2.5,0.1,2.7,1.8,4.5,3.5,-2.1,4.6,5,2.2,-0.7
"10","2","Personal consumption expenditures","DPCERL1",4.6,2.6,1.9,3.2,2.5,1.9,3.6,-1.1,7.9,3.7,3.2,6.8,5.4,7.9,6.3,9.7,7.5,-0.2,1.4,-1.2,-3.4,1.4,1.7,-5.7,3.4,6.9,5.8,4.3,8.2,3.7,4.3,5.3,4.7,2.2,3.9,6.2,2.3,8.8,1.7,3.2,2,-0.2,4,1.1,-0.6,-8.7,4.4,5.4,2.1,-0.1,1.6,-3,2.7,1.5,3.1,7.5,3.9,8.2,7.2,6.5,3.4,5.8,3.1,5.4,7,3.8,7.9,1,3.4,4.5,7.4,2.6,0.1,5.7,4.7,0.8,7.3,3,3.5,4.7,1.9,1.9,4,1.8,3.5,1.3,1.6,-3,-1.4,3.4,2,-0.1,7.7,2.8,4.4,4.8,1.5,3.6,4.5,3.6,4.7,3.1,3.1,4.4,1.1,3.6,3.7,2.8,3.8,4.4,2.4,3.2,4.3,1.8,7,4.8,4.2,7.3,5.4,6,3.9,6.1,4.6,6,6.2,3.9,3.9,3.6,1.7,1,1.5,6.3,1.2,2.1,2.8,2.2,1.8,4.5,6,3.1,3.9,2.6,3.9,4.2,3.1,4.4,3.1,1.5,4.6,2.1,2.4,4.1,2.1,1.4,1.8,0.5,-0.8,0.7,-2.9,-4.7,-1.4,-1.8,2.4,0,2.2,3.3,2.6,4.2,2,0.8,1.8,1.4,2.8,1.3,1.9,1.9,3.6,1.8,2,3.7,1.2,2.5,3.2,4.4,1.8
"11","3","  Goods","DGDSRL1",5.5,0.3,0.7,1.4,0.6,1.1,2.5,-4.2,13.5,3.3,2.6,7.2,3.8,11,7.1,12.3,9.9,-3.8,0.1,-3.9,-6.4,-1.2,1.3,-15.3,2.9,8.8,10.2,2.8,12.2,4.9,3.6,4.9,4.4,3,3.3,8.8,-2.2,12,0.3,4.6,-0.3,-3.3,6.8,-1.7,-2,-15.5,4.2,4.6,5.9,-3.2,4.1,-7,4.1,-0.1,2.1,8.3,2.1,12.3,9.2,9.8,5.5,9.2,0.3,6.4,6.3,3.7,11.1,-2.4,6.2,7.3,13,-0.3,-7.9,7.9,6.1,-3.5,9.8,2.1,-0.1,6.5,0.6,2.3,5.9,-1.3,5.5,-4.2,-0.9,-6.2,-3.4,2.3,2.4,-4.4,9.4,2.1,4.4,5.4,1.6,6.6,4.2,5.2,7,3.6,3.8,7.9,-2,2.7,4.9,3.8,3.2,8,2.9,4.9,5.5,-0.3,10.9,5.6,3,10.8,6.1,12.7,5,9.7,4.8,7,6.1,2.1,4.2,3.5,0.9,1.1,2.9,15.2,-1,1.6,5.1,1.1,2.2,8.9,11.8,3.7,4.4,2.2,4.9,4.4,4.9,5.4,2.2,0.4,8.2,0.7,3.3,6.3,2.2,1.5,1.9,0.3,-5.3,1.4,-7.4,-12.8,0.4,-2.7,7.3,-0.9,4,5.2,3.8,7.6,2.9,-0.8,0.9,3.9,4.7,1.3,3.2,2.9,5.9,1.3,3.5,3.7,1,5.9,4.7,4.8,0.5
"12","4","    Durable goods","DDURRL1",7.8,-1.1,-1.1,-1.5,-6,4.7,1.5,-24,50.3,9.4,11.1,18.2,9.5,10.4,10.7,22.9,28,-4.6,-3.5,-9,-9,2.2,2.3,-33,8.8,8,27.4,12.2,21.6,1.8,4.6,6.5,15.5,9.8,6,8.7,-10.2,33.3,-5.3,3.2,-4.7,-8.7,11.6,-9.9,-6.2,-36.6,19,12.8,11.8,-14.7,12.7,-25.8,13.4,1.5,3.3,19.5,4.1,32.5,16.3,21.2,16,9.6,0.1,13.6,14.6,4.8,28.2,-13.1,8.4,14.9,38.7,-6.2,-21.7,17.4,17.6,-10.4,20.3,0.1,-5.1,10.8,-1.8,5.4,9.4,-11.6,18,-12.6,-4,-10.6,-10.6,2,6.3,-6.4,16.6,2.8,8.8,8.2,3.9,13.6,4.5,10,9.9,4.4,4.3,14.8,-8,4.1,11.8,7.1,4.4,13.4,2.9,8,11.3,-1.3,19,10.6,3.3,21.8,11.9,25.8,0.9,20.5,9.9,4.9,24.3,-7.2,7,2.8,6.7,-0.3,4.7,37.7,-4.8,4,12.3,-5.4,1.2,19.7,19.1,5.2,6.8,4,8,5.8,4.3,11.8,4.6,-10.3,17.4,-0.4,5.6,5.4,4.6,5.9,4.5,1.6,-10.9,-1.2,-11.7,-25.8,0.7,-2.4,20.6,-7,5.4,12.5,6.7,12.9,5.2,-2.6,5.2,12,10.7,2.3,8,9.1,8.5,4.5,4.9,5.7,3.2,14.1,9.2,6.2,1.1
"13","5","      Motor vehicles and parts","DMOTRL1",10.7,-7.5,4.8,-6.8,-24.1,13,-3.9,-56,195.3,13.6,18.4,27.8,2.6,11.7,7.5,35.6,35.4,-11.5,-13.1,-23.5,-25.4,-2.3,12.2,-50,17.7,0.6,61.4,16.9,44.4,0.5,2.6,3.2,40.7,0.8,1.9,3.2,-15.3,65.1,-13,-1.5,-7.4,-29.7,20.4,-14.9,0.3,-58.7,50.5,5.5,45.3,-33.6,34.1,-44,53.9,-4.8,4.8,39.6,-9.4,69.1,15.1,29.1,18.9,6.5,-6,16.3,26.8,5.5,54.8,-36.4,6.1,23.4,67.6,-30.1,-41,36.2,36.6,-22.7,36.2,-8.4,-14.9,11.6,-0.3,1.1,19.5,-28.3,40.1,-18.8,-6.3,-20.5,-25.9,-2.5,20.8,-8.8,24,4.8,5.6,8.2,-5.1,19.9,-1.4,17.6,12.7,-6.6,-2.7,12.2,-16.6,-0.3,10.3,7,4.2,6.4,-0.9,3.4,19.1,-12.9,28.8,11.2,-11.1,34.6,5.6,42.6,-17.4,31.7,1.2,-11.3,38.5,-25.8,7.4,1.2,11.6,-6.5,4.8,75.6,-25.6,2.2,27.7,-21.7,-0.5,18.5,13.6,-5.8,1.9,-0.4,5.4,3,-8.6,13.8,2.2,-39.3,16.5,-0.2,7.1,-0.5,2.6,6,-2.9,-2.1,-18.3,-16.8,-18.6,-38.5,12.3,1.8,50.5,-33,-4.2,18.8,7.8,21.4,0.9,-19.9,1.2,23.8,10.1,0.4,9.1,11.1,5.6,-0.1,1.6,5.5,5.5,19.1,11.3,3.8,-3.9
"14","6","      Furnishings and durable household equipment","DFDHRL1",3,4.1,-7.3,-0.8,-0.3,1.6,0.8,6.5,2,4.7,7.3,12.4,14.7,5.5,12.7,10,23.5,4.1,1.8,4.5,5.2,-0.8,-8.9,-23.9,-4.3,4.2,7.9,7,7.2,1.8,6.2,11,12.8,8.5,5.7,10.9,-6.8,20.2,-0.3,5.4,-1.5,6.5,12.1,-4.5,-9.1,-16.5,0.6,13.6,-3,-5.1,-5.5,-12.3,-8.2,1.3,2.9,8.6,9.5,7.3,16.3,12,9.3,12.2,2.8,6.7,1.8,3.8,10.8,8.5,9.6,5.5,11.4,3.4,3,2.4,5,0.9,4.2,4.6,1.7,10,7.2,6.2,-1.7,1.2,5.5,-10.6,-5.5,-4.6,0.1,4,-5.3,-2,10.1,2.4,8,5.5,5.7,4.9,4.8,0.5,3.3,9.7,8.1,11.3,-2.8,3.6,6,4.8,-3.2,15.2,0.2,9,1.4,1.6,9.2,5.4,11,6.4,9.6,13.6,12.2,9.8,13.9,13.2,10.4,7.9,5.4,2.4,6.1,3.6,3.9,12.7,13.3,3.5,-0.6,7,-1.4,18.8,17.4,8.3,8,6.7,9.3,4.8,5.6,6.6,7.6,9.5,11.3,-4.7,1.9,-0.9,5.4,-2.4,1.5,-0.7,-9.5,4.9,-12.9,-18.8,-12.6,-6.8,4.6,6.8,10.7,12.2,2,8.2,4.2,5.9,4.4,8.7,7.7,-4,2.6,5.6,8.6,5.7,9.7,4.3,0.8,12.8,6,6.8,5.2
"15","7","      Recreational goods and vehicles","DREQRL1",9.8,5.4,-1.4,7.6,21.4,-3.4,6.7,3.3,-3.4,9.4,3.6,15.3,23.2,15.7,16.8,21.2,21.4,-7.7,5.5,-6.1,-0.6,12,6.4,-18.9,11.7,27.5,10.4,12,8.7,1.2,5.7,10.5,-1.1,14.7,8.2,9.1,2.2,9.5,-0.3,14,3.9,10.9,-2.5,-7,-10.9,-12.8,11.7,19,-9.6,4.6,11,-11.4,-4.8,8,3.6,8.9,20.7,20.8,21.4,23.5,22.2,9.3,7.5,16.6,14.7,5.9,5.6,18.3,11.9,13.8,32.9,26.8,-2.4,12.5,10.4,-2.3,16.3,13.1,5.4,13.2,-11.6,14.6,7.8,1.2,4,-2.2,-0.9,-0.9,5.3,8.9,9.8,-5.4,11.8,0.1,15.6,14.1,21.3,17.3,11.2,14.4,13.7,22.6,12.7,26.5,1.7,12.8,26.3,10.8,10.3,24,12.1,15,13.3,17.8,17.6,14.4,20.6,20.5,27.5,19.2,19.2,20.5,21,19.6,27.2,5.2,10.2,8.6,6.1,11.3,8.7,20.7,14.6,5.8,5.2,8.6,6.8,21.8,29.3,17.4,11.7,11.3,12.9,10.1,19.7,15.7,6.8,11.2,26,3.8,9.1,18.4,7.4,10.8,16.2,9.3,-4.3,13.6,-6.5,-19.8,3.6,-5,15.8,14.1,10.6,12.6,8.8,8.9,11.4,8.2,10,11.6,15,7.4,10.6,10.2,12.3,9.9,8.5,5.7,3.7,13.3,15.7,9.4,3.7
"16","8","      Other durable goods","DODGRL1",7.2,-0.6,-5,1.9,11.6,-0.2,16.9,6.1,-4.3,7.8,7.9,3,-0.3,9.7,6.7,14.2,23.2,10.6,8.2,13.1,2.2,9,-3.2,-12.7,14.7,8.7,21.1,10.2,12,7.7,5.8,0.6,-23.8,47.1,19.5,23.9,-19.3,9.4,6,-2.1,-16.4,11.2,8.2,-11,-11.5,-30.1,0,23.2,-1.1,3.4,2.3,-11.6,-1.9,13.3,-1.1,4.6,14.6,9,11.9,11.5,9.9,16.5,5.7,14.9,1.1,2.7,13.4,10.8,8.5,7.3,11.1,45.9,-18.6,1.6,-4.7,4.6,8.8,2.6,0.4,5.5,-6,4.4,2,8.6,3,-11.2,1.3,-3.3,-3.7,0.5,-13.6,-8.5,16.1,2.2,9.4,3.9,2.6,5.7,12,-2.2,6,2.4,5.6,9.5,-5.4,3.9,1.5,4.7,8.1,13.3,2.7,8.2,1.8,-0.1,10.1,11,9,14.6,8,8.9,17.8,5.5,12.6,22.2,2.1,13.4,2.3,-2.5,-5.3,-9.3,-2.7,13,10.6,7,2.9,7.9,0.6,20.4,19.9,13,10.1,-2.1,3.7,7.2,12.8,7.7,1.7,15.1,14.4,-1.7,2,7,2.2,11.1,6,-0.5,-8.4,-2,-4.9,-21,-2.8,2.2,2.9,0.5,8,0.7,7.4,10,4.5,6,5.8,-3.9,9.3,6.9,9.1,7.8,7.6,3.3,-0.5,8.4,0.8,7.1,-1.3,5.1,2.4
"17","9","    Nondurable goods","DNDGRL1",4.5,0.9,1.5,2.7,3.5,-0.3,2.9,4.7,1.6,0.9,-0.8,2.8,1.3,11.3,5.6,7.8,2.4,-3.3,1.9,-1.6,-5.3,-2.6,0.9,-7,0.8,9.2,4,-1,8.4,6.3,3.1,4.3,-0.3,0,2,8.9,1.7,3.1,3.1,5.3,1.8,-0.8,4.8,2.1,-0.2,-5.3,-1,1.6,3.6,1.8,0.9,1.5,0.7,-0.7,1.7,4.2,1.3,4.8,6.2,5,1,9,0.3,3.1,2.5,3.2,3.3,3.6,5.2,3.6,0.8,3.3,0.5,3.1,0.3,0.5,4.4,3.2,2.8,4.2,1.8,0.6,4.1,4.6,-0.5,0.4,0.6,-4,0.2,2.4,0.7,-3.4,6.1,1.7,2.4,4.1,0.4,3.2,4,2.8,5.5,3.2,3.5,4.3,1.4,2,1.4,2.1,2.6,5.2,2.9,3.3,2.5,0.2,6.6,2.8,2.9,4.9,2.9,5.5,7.6,3.8,1.9,8.4,-3.5,8.2,2.7,3.9,-2.4,1.9,1.9,3.4,1.5,0.2,1,5.3,2.8,2.9,7.6,2.8,3.1,1.2,3.1,3.7,5.2,1.7,0.9,7,3.3,1.3,2,6.8,0.8,-0.8,0.5,-0.3,-2.2,2.8,-5.2,-5.9,0.3,-2.9,1.5,2,3.4,1.9,2.5,5.2,1.9,0.1,-1,0.5,2,0.8,1.1,0.1,4.8,-0.2,2.8,2.7,0,2.2,2.5,4.1,0.1
"18","10","      Food and beverages purchased for off-premises consumption","DFXARL1",5.1,-1.7,-0.3,4.5,5.5,0.4,3.1,4.7,2,-1.3,-3.6,2.2,-3.6,14.4,2,4,-6.2,-8.3,0.1,-5.5,-1.8,-3.3,9.2,-7.1,0.5,11.7,3,-4.8,10.7,9.3,2,3.3,1.1,-2.5,-0.9,6.6,-2.2,-6.4,1.3,4.2,-0.5,0.8,4.4,4.9,4.3,-2.9,-5.5,-4,1.3,4.5,-0.9,4.7,-0.7,1.8,2.5,6.9,-1.5,2.6,5.2,1.3,-2.7,7.6,1.5,1.4,1.5,4.4,4.5,4.4,3.8,-1.7,-3.3,3.1,-2.4,-0.6,0.1,0,6.2,5,0.7,1.7,1.6,-2.4,2.8,3.7,0.5,6.4,0.3,-2.3,-0.9,1.7,0.8,-4.7,1.4,-1.3,0.1,2.8,-0.5,0.4,2.2,2,3.8,4.7,0.7,3.2,-0.7,-1.9,0,1.8,1.8,1.9,-0.8,1.3,2.8,-2.1,2.4,0,-0.1,3.7,3,3,4.9,4.2,3.7,6.5,-3.7,6.3,0.7,4.2,-1.2,2.9,-1.2,0.9,-1.3,0.8,1.7,3.5,3.2,-0.6,6.2,-0.7,4,0.3,3.2,4.3,6.3,1.5,3.5,4.8,1.7,3.9,0.9,5.7,0.7,-2,0.3,1.7,-1.9,1.7,-5.2,-9.4,-0.9,3,2.5,3.9,3.6,-2.8,1.7,6,1.1,-0.2,-1.6,-0.9,2.8,1.7,1.2,0.7,2.7,-2.7,2.2,2.6,-1,-1.4,-0.1,-0.3,-1.3
"19","11","      Clothing and footwear","DCLORL1",4.1,1.5,2.2,-2,-4.6,-1.2,-1.1,6.8,2.7,10.2,2.2,5.6,3.3,10.5,13.1,11.9,11.5,-1.3,0.7,2.8,1.4,-4.7,-6.6,-15.8,14.4,14.3,6.9,2.7,5.1,0.9,5.6,4.5,0.7,8,6.6,21.4,4.3,15.7,6.2,9.7,0,2.5,14.3,2.3,-2.4,-1.9,10.7,8.2,11.1,2,4.9,-1,4.3,-6.7,7.4,7.5,3.2,13.9,5,15.9,6.4,14.4,-5.8,7.7,3.4,5.8,5.4,5.3,10.8,13.8,2,0.4,6.8,1.7,6.3,-3.1,5.6,-2.3,9.4,9.4,1.3,5.4,9.2,1.6,-3.3,-6,-0.9,-4.8,4.4,5.9,-1.2,-8,17.4,6.5,8.4,5.1,-1.4,7.8,4.1,4.9,9.7,-0.8,6.2,11.1,-1.3,4.3,7.4,0.4,2.8,10.2,6.9,2.6,0.2,-3.5,14,5.2,8.8,6.9,-2.9,9.6,15.3,3.5,2.7,1,6.7,8.9,4.4,3.4,-6.3,2.6,-0.5,7.1,4.6,0.1,-2.3,13.1,-1.4,11.1,9.1,0.9,10.4,-4.6,4.2,8.3,5.5,8.7,-1.1,12.4,2.4,-2.8,4.2,4.3,2.6,-0.2,3.2,-1.5,-3.1,12.3,-8,-14,-4.7,-7.3,4.3,3.9,9.4,6.7,1,13.2,3.5,3.9,-6,3.1,6,-6.7,5.4,-2.3,5,1.9,-3.8,2.5,-3.7,5.6,1.2,9.4,-2.2
"20","12","      Gasoline and other energy goods","DGOERL1",9.1,5.2,1.3,8.8,6.7,-3.7,6.3,0.1,7.9,6.5,-1.7,0.3,8.9,3.4,7.6,17.4,9.1,-2.8,1.8,-6,-37.2,14,8.2,13.1,-7.4,3.7,-3.2,-2,12.8,7.8,5.6,11,-7.3,-0.5,4.7,1.9,3.4,3.2,-4.5,-2.2,11.1,-17.5,-5.9,-6.8,-10,-12.6,-6.1,-0.1,2.7,-1.1,-0.7,-0.3,4.6,0.8,-6.5,-1.2,9.3,-1.7,8.7,4,-2.8,6.5,2.7,3.3,0.3,2,1.3,-0.7,8.6,9.2,6.2,5.1,-5.7,11.2,-9.4,5.9,3.9,5.8,-0.2,4.7,0.6,-2.2,-0.8,12.6,-11.3,-1.9,3.6,-13.4,-0.5,7.2,4.9,-3.5,6.6,9.3,1.1,2.3,-0.9,4.4,7.2,-1.7,5.3,-2.3,1.4,-3.7,10.2,3.3,-4.4,0.9,5.5,2.6,0.1,-1.1,2.7,5.7,1.8,1.9,2.2,5,2.6,0.8,2.2,8.6,-5.4,1.2,-14.4,7,0.9,-3.2,1,-5.8,6.7,0.3,-2.2,3.4,1.5,0.5,-4.1,-1.2,4.7,4.7,-1.4,0.6,-2.5,0.5,7.5,-9.4,-5.8,9,-3.2,-2.9,2.8,10.1,-2.2,-5.2,-2.9,-3.8,-3.3,-5.9,-13.2,8.9,15,-9.4,-3.4,-4.5,0.3,4.7,2.4,-1.9,-3.7,-9.7,-0.6,-1.8,-5.8,6.5,-1.1,-6,5.8,-0.1,3.8,-0.1,2.2,-3.3,0.9,9,4.3
"21","13","      Other nondurable goods","DONGRL1",1.6,3.2,4.6,0.7,5.5,1.1,4.3,5.6,-2.7,-5,2.6,2.5,5.8,10,5.4,6.9,8.5,4.7,6.8,5.5,5,-7.8,-11.5,-10,-4.3,3.1,8.1,4.6,4.1,4.2,1.8,2,0.9,-1.4,2.3,7.6,6.4,12.2,8.9,7.9,2.2,5.4,5.6,3.7,1.5,-6.3,3.1,8.5,2.6,-0.9,2.3,-0.5,-2.2,-1.4,2.2,0.8,-0.4,6.2,7.3,3.9,5.6,9.1,1.7,2.4,4.5,0,1.2,3.4,1.2,1.8,4.1,5.1,3,6.3,0.7,1.6,1.2,3.7,2.2,4,3,2.7,4.3,5,5,-1.9,1,-1.1,-0.9,-1.1,0,1.7,5.1,-0.4,2.1,5.8,3.3,3.4,5,4.2,4.9,6.2,6.1,4.6,2.8,4.9,1.6,4,2.4,7.3,5.9,7.8,3.3,3.3,9,5.1,3.1,5.2,6.3,7.4,7.7,2.2,1.8,17.1,-4.6,10.2,4.3,6.4,-2.7,3.2,4.6,5.2,3.9,-1.2,1.7,5,6.6,4,9.1,6.6,0.4,5.2,4.7,2.2,3.3,3.4,2.2,5.9,8.4,2.7,1.8,7.7,1.5,2.1,1.2,-0.2,-1.7,4.7,0.5,-5.8,-1.4,-4.6,1.3,2.2,2.3,3.7,4,4.5,4.5,3.7,1.2,1.8,3.3,0.5,0.4,3.5,6.1,1.3,5.5,4,1.4,6.6,6,4.4,0.9
"22","14","  Services","DSERRL1",3.6,5,3.2,5.1,4.4,2.6,4.6,2,2.8,4.1,3.8,6.4,6.9,5,5.5,7.4,5.2,3.5,2.7,1.5,-0.6,4,2,4.1,3.8,5.1,2,5.8,4.8,2.7,5,5.7,4.9,1.6,4.4,3.9,6.5,6.1,2.9,2.1,4.1,2.5,1.6,3.5,0.6,-2.5,4.6,6.1,-0.9,2.6,-0.4,0.4,1.6,2.7,3.9,6.9,5.3,5.2,5.8,4.1,1.9,3.4,5.3,4.7,7.5,3.9,5.7,3.5,1.5,2.6,3.7,4.6,6,4.2,3.7,3.9,5.7,3.6,5.9,3.5,2.7,1.7,2.8,3.9,2.2,5,3.3,-0.9,-0.1,4.1,1.7,2.5,6.8,3.2,4.4,4.5,1.5,2,4.7,2.7,3.4,2.9,2.8,2.4,2.9,4.2,3,2.3,4.1,2.4,2.2,2.2,3.6,3.1,4.9,4.4,4.8,5.3,4.9,2.4,3.2,4,4.5,5.4,6.3,4.9,3.8,3.6,2.1,1,0.7,1.6,2.5,2.3,1.6,2.7,1.5,2.2,3,2.8,3.7,2.8,3.3,4,2.1,3.9,3.6,2.1,2.7,2.9,1.9,3,2.1,1.3,1.7,0.6,1.6,0.3,-0.4,-0.5,-2.2,-1.4,0.2,0.4,1.3,2.4,2,2.5,1.6,1.6,2.2,0.1,1.8,1.3,1.3,1.4,2.4,2,1.3,3.7,1.3,0.9,2.5,4.3,2.5
"23","15","    Household consumption expenditures (for services)","DHCERL1",3.8,5.1,3.1,5,4.3,2.5,4.4,2.3,2.7,4,3.6,6.1,7.3,5,5.9,6.8,5.7,3.4,3.3,1.5,-0.6,4.2,2.2,4.1,4.1,5.1,1.8,5.6,4.5,2.7,5.1,5.8,5.1,1.6,4.4,3.5,6.7,6.2,3,1.9,3.8,2.6,2.2,3.2,0.4,-2.6,4.1,5.9,-1,2.7,-0.9,-0.3,1,2.3,3.5,6.5,4.9,5.1,5.3,3.5,1.7,2.9,4.9,4.2,7.9,3.7,5.7,3.6,0.9,1.9,3.6,4.6,6,4.1,3.5,3.9,5.1,3.2,5.5,3.2,2.7,1,2.2,3.4,1.9,4.2,2.4,-1.4,-0.4,4,1.2,2.1,6.1,2.5,3.9,4.1,1.6,2,4.4,2.6,3.1,2.6,2.5,2.3,2.9,4.2,3.1,2.1,3.7,2.3,2.2,2.7,4.5,3.3,5.1,4.4,4.5,5.1,4.6,2,3.2,4,4.6,5.4,6,5,3.3,3.3,2.1,0.7,0.4,1.3,2.2,1.9,1,2.4,1.6,2.1,3.1,2.9,3.6,3,3.5,4.2,2.8,3.7,3.7,1.4,2.1,2.5,1.6,3.2,2.1,1.5,1.5,-0.1,1.2,-0.3,-1,-1.1,-1.8,-1.1,0.2,0.1,1.3,2.4,2.4,2.8,1.8,1.6,1.9,0.3,1.7,0.7,1.2,0.9,2.8,2.1,1.1,3.5,1.4,0.8,2.3,4.6,3
"24","16","      Housing and utilities","DHUTRL1",6.2,4,6.5,4.9,2.4,2.4,4.7,3.6,4.5,4.6,4.1,6.4,4.7,5.9,4.3,8.1,1.5,5.1,6,3,2.9,7.8,5.2,4.3,0,5.4,2.5,0,2.8,2.6,4.7,6.6,0.9,-2,6.7,2.7,8,4.5,3.3,4.9,5.4,1.3,0.9,4.3,4.7,3.3,3.7,3.3,-4,6.3,-0.4,2,2,-2.6,-0.1,1.4,0.3,4.5,6.7,4.4,-0.4,5.5,2,4.3,7.2,-1.8,6.1,5.6,-1.8,3,3.3,3.4,0.7,3.8,3.5,3.3,4.5,1.6,4.3,2.6,2.3,0.4,2.5,6.7,-4.3,5.7,2.8,0.7,0.2,5.9,1.4,0.4,0.8,3.8,2,4.1,1.8,0.8,5.5,2.7,4,3.9,1.5,2.1,2.4,5.5,4.5,0.7,4.2,0.8,-0.9,3.4,1.1,3.4,2.4,5.6,0.8,5.1,3.2,-0.4,4.3,3.9,4.2,0,2.1,5.6,3.7,6.7,2.1,-0.4,1.6,-0.3,-0.1,1.7,0.7,2.5,0.8,1.2,0.5,3,2.6,2.9,2.3,5.2,4.3,5,4.5,1.4,-1,4.7,2.5,-1.6,2,0.6,1.2,-1.2,3.2,1.2,-1.2,3.5,0.7,0.8,0.7,2,1.4,-0.1,2.1,2.2,0.3,1.3,2.7,-1.1,-1.6,3.8,2,-1.7,5,0,-1.5,1.9,5.6,-3.3,-1.7,2,4.7
"25","17","      Health care","DHLCRL1",7,5.1,2.5,4.4,7.3,2.2,7.9,11.2,4.1,7.8,8.8,6.8,6.3,7,5.7,6.2,11.5,7.4,3.9,2.7,3.6,3.9,1.4,3,10.7,6.3,-1.8,9.7,3.9,4.1,3.8,3.9,4.3,9.3,4.2,1.2,7.3,6.4,0.7,2.6,2.3,5.8,4.2,3.6,0.6,-3,10,8.5,4,7.3,1,-3.7,-2.5,2.8,2,4.3,2.9,4.5,0.9,1.5,2.5,0,1.7,1.8,3.3,3.1,6.2,5.3,2,0.4,2.8,4.1,4.8,4.9,5.6,3.1,4.8,3.1,3.9,1.2,1,-1.3,0.1,3.9,5.1,4.9,3.7,0.9,-0.3,2.4,2.8,4.3,3.4,3.3,2.2,-0.4,0.6,-0.6,0.4,0.2,0.7,1.3,1.4,2.1,2.6,1.9,2.4,1.9,0.2,4,1.5,5.1,2.2,2.2,4.2,3.9,5.1,1.9,1.8,0.3,0.9,1.6,3.3,3.8,2.4,5.4,2.7,4.3,5.9,4.6,6,6.5,8.2,5.9,3.2,2.2,2.5,2.1,3.1,2.7,2.8,4.8,5.8,3.9,1.9,2.6,5,0.4,2.4,2.1,2.2,3.5,2.2,1.8,3.7,1.6,4.4,0.8,0.8,1.2,2.8,3.1,1.6,-1.2,-1,3.7,4,3.8,1.8,2,-0.2,4.5,6.4,1.2,3.5,1.1,0.4,3.6,2.6,4.3,-1.4,4,4.6,7.9,5.3
"26","18","      Transportation services","DTRSRL1",6.8,6.3,6.2,7.2,0,1.6,6,-0.1,3.5,7.5,5.8,6.8,7.4,3.6,4.4,3.9,1.1,0,-0.3,-0.7,4.7,-0.3,-1.8,-2.2,0.1,4,7.3,5.2,6.8,3.2,1.3,6.4,13.1,6.6,8.2,0.5,-0.9,7,0.4,-2.9,10.7,4.3,-1.4,-2,-10.3,-15,1.3,-3.6,-1.2,-9.1,1.5,-5,-6,-0.9,3.2,8,10.8,4.1,12,12.5,13.6,12,9.7,12.7,13.4,10.7,4.5,4.9,5,0.8,6.1,1.2,4.5,6.8,4.2,2.3,7.3,7,6.8,6.4,-1,0.2,0.8,-1,0.9,1.1,-1.6,-4.1,-12.5,-2.2,-2.5,2.2,7.7,6.7,16.1,0.3,2,6.7,7.3,9.7,10.4,9.9,9.9,9.9,5.5,4.6,8.8,8.9,10.3,6.4,6.9,8.2,11.8,5,6.3,1.9,4,5.3,4.8,5.4,5.8,5,8.2,4.6,5.4,4.5,2.7,1.5,0.5,-1.7,-7.3,-6.8,0.7,-3.7,-0.6,0.1,2.3,-1.4,4.1,2.4,4.1,3.4,0,2.1,0.5,1.3,1.1,-2.3,-0.9,2.4,-0.2,4.3,2,0,-1.6,-2.9,-5,-6.6,-8.2,-14.9,-12.9,-7.2,-5.5,-3.8,0.5,2.2,2.6,2.2,0.8,4.7,3.4,1.2,0.6,1.8,3.1,0.7,5.3,2.3,1,2.8,1.8,3.7,2.6,3.4,3.5
"27","19","      Recreation services","DRCARL1",6.4,7.1,-4.3,4.4,9.6,0.7,2.7,1,2.2,5.5,3.5,13.7,-0.5,4.7,6.2,8.7,14.4,8.4,2.3,7.1,4.8,8,10.2,10.2,2.6,-2.1,6.7,7.8,4.3,7.7,14,7.9,-1.7,7.6,9.7,8.4,2,0.9,7.4,1.1,8.3,4.4,4.7,3.7,3.5,-3,5.8,13.6,6.3,14.2,10,0.2,5.3,2.9,4.7,4.9,10.9,13.3,9.8,6.7,5.2,4.3,6.8,6.7,8.4,8.1,6,7.9,2.1,1.7,4.1,9.3,2.6,2.8,4.5,7.7,12.3,13,10.8,7.6,6.4,3.7,3.2,0.6,7.9,7.1,1.5,2.2,-7.1,-1.9,1.3,5.1,14.8,4.5,5,8.7,5.8,5.9,9.3,1.1,4,6.8,7.6,2.9,10,10.9,6.2,6.4,1.1,4.3,6.3,0.9,4,2.9,1.5,4,4.8,0.1,4.9,3.5,3.5,6.5,8.9,4.5,-0.4,3.5,0.6,-0.9,3.2,-4.1,-2.2,-0.3,2.6,0.6,1.1,4.6,-0.2,6.4,6.7,6.1,6.4,4.2,2.9,0.9,4.4,2.3,0,3.1,5.5,2.3,2.9,9.9,2.9,1.8,4.2,-0.2,-1.3,-0.7,-4.8,-5.2,-3.7,-3.8,-1.8,2.7,3.2,-2.1,5.8,3.1,-1.4,6.1,2.5,0.3,2.2,0.9,0.9,1.5,6.1,-0.1,3.6,0.9,-1.9,-1.8,0.7,3.6,0.3
"28","20","      Food services and accommodations","DFSARL1",-0.4,9,-2.8,2.3,9.1,4.5,0.6,-4.4,-4.1,2.9,4,6.7,13.5,6,7.5,4.6,12.4,-3.6,4.8,-0.8,-6.1,2.2,-1.2,3.1,3.9,9.8,-0.4,14.6,6.8,2.5,6.5,-1.6,17.8,-5.9,-6.5,-1.7,9.9,11.7,9.1,2.6,5,-5.8,1.5,9,-3.6,-5.1,1,6.5,4,-1.2,-4.6,-2.4,-0.4,6.4,4.2,3.4,3.7,1,5.3,-0.2,6.6,-1.9,6.9,-0.1,1,4,-2.2,-1.2,7.5,4.1,1.5,5.5,7.8,5,1.7,10.8,0.3,9.5,10.3,5.6,-1.7,-0.9,3.6,1.4,9.3,3.3,2.8,-5.4,-3.2,8,-0.7,0.2,10.5,-8.2,2.7,14.7,-3.7,2.5,3.7,-2.1,-0.1,5.1,3.1,0.5,-2.8,0.6,0.5,-0.8,0,2,0.5,3.6,3.9,-0.2,4.3,-2.8,4.6,5.1,1.5,5.7,-1.4,2.4,1.6,9.8,6.7,3.6,1.4,-1.3,3,-3.9,-2.2,-0.6,6,3,0.7,0.6,2.9,7.7,6.9,4.1,4.4,0.6,3.7,4.2,2.3,5.9,2.8,4.2,6,-2.2,2.4,6.2,-1.8,0.9,0.4,3.6,-5.2,2.2,-3.8,-6,-6.9,-3.9,-1.1,-0.5,3.8,3.1,2.4,3.3,3.8,0.7,2,1.8,4.3,1.3,2.4,4.4,3,-1,0.2,7.2,-1.3,5.3,4.9,7,2.1
"29","21","      Financial services and insurance","DIFSRL1",-9.2,5.1,2.3,7.6,-1.3,4.7,6.2,5.9,6.8,-0.5,-0.6,0.3,14.9,3.4,10.6,5.3,8.2,3.4,2.4,4.2,-8.8,6,13.3,11.7,16.7,3.9,1.5,6.7,6.5,4.6,6.3,8.1,5.5,4.3,7.4,8.8,2.6,9.8,-1.3,-0.1,-1.1,16.3,2.3,-3.3,3.8,-9.2,8.1,9.6,-6.6,-3.6,-5.9,4.2,7.5,11.5,18.2,30.7,18,4.8,7.6,-2.8,-6.6,3.5,9.3,2.9,24.2,9.1,10,2.8,1.7,4.3,4.7,8.6,12.5,0.8,0.4,-1.1,6,1,3.9,2.4,12.3,4.9,3.1,1.4,2.4,0.9,2.9,3.5,18.6,11.5,3.4,5.3,15.2,1.6,4.7,5.8,11.9,6,5.8,7.4,3.3,-3.9,-2.1,2.2,6,7.4,4.1,2,7.4,1.5,-1,3.8,7.8,4.4,11.9,5.1,7.6,13.8,9.5,6.8,9.9,10.5,9.1,13.9,21.7,0.8,2.7,2.2,-5.9,-4.1,-5.5,3.1,-2,-0.2,2.3,-0.4,-3.5,1.8,3,3.1,6.2,1.2,4.4,9.4,4.4,6.9,4.2,0.2,4.3,-0.1,-0.6,4.9,5.3,4.3,2.1,-1.3,-1.2,-2.1,0.3,-4.6,-3.5,-2.6,0.1,-3,4.4,8.4,-0.4,4,2.9,-0.8,3.3,-5.8,-6.5,-6.4,-7.8,1.8,5.2,6.9,2.1,5.7,2.8,2.7,7.1,3.4,1.3
"30","22","      Other services","DOTSRL1",5.5,3.4,3,5.4,5.5,0.8,2.7,-3.3,0.8,1,-0.6,5.8,6.8,2.2,5.6,7.9,2.5,2,-1.8,-3.1,-5.6,-1.8,-6.9,1.9,0.8,2.9,3.3,5.2,4.9,-1,4.7,10.5,3.5,2.4,4.7,8.7,8.3,3.7,3,-2.5,0.8,-0.6,4.3,2.3,-4.3,-3,-2,7.2,-2.7,-1.8,-2.2,-0.6,2.1,5.8,3.7,8.8,5.7,9.7,2.5,8.7,2.7,1,9.3,8.1,6.7,9.1,7.2,-0.8,-2.5,-2,4.9,4,16.4,5.5,4.3,4,7.3,-1.5,5.6,3.1,2.6,4.1,3.5,1.4,3.4,3.1,0.4,-10.1,-5.7,-1.8,-0.7,0,7.9,6.5,6.8,2.3,-3.2,2,5.9,4.1,4.8,1.6,5.5,1.4,2.6,2.2,-1.7,3.1,7.2,1.2,11.3,-6.4,11.4,6.1,8.1,8.9,9.3,4.6,9.8,0.9,1,2,1.6,9.7,8.5,9.7,7.1,2,3.6,8,1,0.5,-0.6,-0.3,-2.6,6.3,5.6,0.1,3.9,1.2,2.8,2.9,2.9,0.6,0.1,0,2.3,3,3.5,4.3,0.5,6.4,2,1.6,-0.9,-1.4,2.1,-3.2,1.5,-1.1,-5.2,-5.9,0.2,1.5,0.8,1.7,0.7,0.6,4.3,1.5,2.1,-0.2,5.6,-1,1.8,2.5,-1.5,2.9,2.1,2.1,0.3,-1.2,1,4,-1.4
"31","23","    Final consumption expenditures of nonprofit institutions serving households (NPISHs) \1\","DNPIRL1",-1.5,2.3,6,8.2,6.8,5.7,11.3,-4.6,5,8.2,10.2,15.6,-4,4.1,-4,25,-8.8,4.9,-13.5,2.4,0.2,-0.8,-4.6,2.7,-5.1,3.5,6.1,10,11.6,1.2,0.7,1.9,-1.2,0.1,3.7,17.5,0.2,3.9,-1.5,9,13.9,-0.9,-16.1,12.7,6.8,2.1,20.6,11.5,2,-2.3,17.9,24.1,19.8,15.5,15.4,17.2,19.9,5.7,19.9,24.4,9.5,17.7,16.8,21.3,-4.5,9,5.4,0.5,23.5,29,7.9,5.6,5.8,5.8,10.5,6.9,23.7,16.7,17.9,13.2,4.3,22.6,22.6,20.2,11,33,33.6,12.3,8.1,6.6,15.8,15.5,30.3,24.5,18.9,16.7,-1.5,1.5,11.3,5.3,10.6,10.8,10.9,4.2,2.2,3.9,1.9,7.9,13.9,4.5,2.5,-10.9,-21.8,-3.9,-1.1,5.7,14.3,14.1,16.4,15.5,3.2,3.4,3.2,5.4,14.4,2.1,16.4,12.8,2.4,9.1,7.4,9,7.9,12.3,17.3,10.5,0.6,6.1,1.9,0.7,6.7,-1.4,-1.2,-0.3,-12.8,10.7,2.4,22.8,16.9,14.8,7.2,-2.6,1.7,-5,6.4,20.4,11.5,16.2,12.9,14.9,-11.5,-8.4,0.5,8.8,0.3,3.6,-6,-3.8,-3.5,1.2,10.3,-6.6,4.6,14.9,2.4,15.9,-5.7,1.3,6.4,10.5,-0.5,3.9,8.2,-3.5,-9.9
"32","24","      Gross output of nonprofit institutions \2\","DNPERL1",5.2,5.8,3.9,6.5,6,1.5,8,4.5,7.3,10.1,8.4,7,5.3,4.3,1.6,6.6,3.4,4.8,-6.5,4.8,-0.1,5.4,-1.2,2.8,5.2,6.4,-1.2,13.4,7.4,0.7,4.3,3.3,4.3,6.2,-0.5,7.9,6.5,9.4,1.1,3.2,3.3,3.8,-3,6.2,2,-1.4,12,5.3,1.5,4.5,2.5,3.9,3.5,7,3.5,5.8,3.6,2.7,1.3,4.7,3.1,3.9,3.4,5.4,1.1,2.6,5.8,5.1,6.5,6.1,1.4,3,4.3,5.1,5.7,3.3,7.2,5.1,6.9,2.5,1.6,3.7,4.4,5.7,5.6,8.8,8.3,1.3,0.6,4,4.7,6.3,6.1,5.6,5.2,2.3,1.6,1.1,3.4,0.6,1.8,3,3.3,2.3,-1.1,1.4,1.4,2.7,1.6,4.5,2.4,4.1,-2.9,0.9,3.5,3.9,7.6,4,5.5,4.1,2.6,2.1,3,4.3,3.5,3.9,4.5,5.2,4.5,4.3,5.6,5.9,7.1,6.9,5.3,2.1,0.5,1.1,1.4,1.2,3.1,2.9,4.7,4,-2,3.7,4.6,3.8,4.5,3.8,3.3,2.2,2.9,0.2,2.2,3.7,4.5,2.7,3.4,3.2,0.5,0.8,1.3,0.2,-1,4.3,2.4,2.4,-1.4,1,-0.5,3.7,6.3,1.1,5,0.7,-1.5,3.6,1.9,7.1,-4.1,4.6,5.1,7.9,1.6
"33","25","      Less: Receipts from sales of goods and services by nonprofit institutions \3\","DNPSRL1",7.9,7.1,3.2,5.8,5.7,-0.1,6.8,8.2,8.1,10.8,7.7,3.9,9.1,4.4,3.7,0.5,8.4,4.7,-3.9,5.7,-0.3,7.7,0.1,2.8,9,7.4,-3.6,14.6,6,0.6,5.6,3.7,6.1,8.2,-1.8,5,8.6,11.3,1.9,1.5,0.1,5.3,1.5,4.2,0.6,-2.5,9.5,3.4,1.4,6.7,-1.8,-1.5,-1,4.6,0.2,2.6,-0.8,1.8,-3.5,-0.5,1.3,0,-0.3,1,2.9,0.9,6,6.5,1.8,0,-0.5,2.2,3.9,4.9,4.3,2.2,2.7,1.9,3.8,-0.5,0.8,-1.2,-0.5,1.8,4,2.7,1.9,-1.6,-1.3,3.4,1.8,3.9,0.1,0.8,1.6,-1.4,2.6,1,1.3,-0.7,-0.6,0.9,1.2,1.7,-2,0.7,1.2,1.2,-1.8,4.5,2.3,9,3.1,2.3,4.7,3.5,5.9,1.3,2.5,0.9,2.5,1.7,3,3.9,0.1,4.5,0.8,2.6,5.3,2.6,4.9,4.8,6.9,5,1.3,-0.9,0.6,-0.6,1.2,1.4,1.8,4.5,6.8,5.4,1.6,1.6,5.3,-1.7,0.6,0.3,1.9,3.9,3.3,2,0.8,-1.5,2.1,-1.8,0.1,-0.9,5.5,4.4,1.6,-2.6,-1.5,4.6,5.4,4.4,-0.7,0.9,-3.8,7.1,6.8,-2.9,5.9,-3.7,-0.1,4.4,0.5,6,-5.3,4.9,4.1,12,5.7
"34","26","Gross private domestic investment","A006RL1",25.7,-2.3,8.4,-18,-11.4,0.9,6.7,-19.6,55.4,11.8,4.9,-10.3,29.1,24.7,5.8,2.5,25.6,18.2,-13.7,15,-21,-1.6,-19.2,2.4,-50.5,-11.4,34.8,11.6,44.5,16.8,1.4,3,19.9,31.9,21.8,-9.7,8,28.6,12.2,9.6,0.7,-0.4,-6.6,-6.9,-2.7,-29.9,-23.9,42.9,42.6,-15.6,24.4,-13.5,-34,-0.5,-3.7,-27.5,14.7,40.5,27.5,45,44.6,13.6,8.9,-5.1,-10.5,7,-2.7,15.6,-0.1,-6.8,-10.3,1.2,11.2,0.2,0.1,30.2,-17.9,9.9,2.2,6.3,14.2,-3.8,-3.5,-2.9,4,0.1,-7.6,-20.5,-12.7,0,8.2,15,-7.2,24.7,3.3,12.8,9.7,2.3,-2.7,22.7,16.3,21.1,-6.4,17.5,4.4,-8,-2.4,10.3,6.3,20.8,19.7,-0.1,8.9,24,7.4,5.8,19,-2.7,11.1,11.8,11.9,0.4,10.4,12.3,-3.6,26.1,-4.9,0.2,-17.2,-1.4,-6.9,-18.2,15.1,4.1,-0.1,-0.7,3.4,2.1,14.9,14.9,0.2,15.1,6.3,8.3,11.9,-5,4.2,12.6,5.4,-2.6,-4,-9.1,-3.6,5.6,-2.5,-7.7,-12.8,-6.9,-10.7,-31.1,-38.7,-22.1,-3.4,36.2,13.6,22.3,13.7,-3.5,-7.2,16.4,1.1,32.1,6.9,5.8,1.6,-5.3,7.6,6.9,16.8,3.8,-6.9,19.1,7.2,3.7,0.7
"35","27","  Fixed investment","A007RL1",11.6,2.1,5.9,-8.6,-2,-8,6.9,-0.1,8.5,15.9,7.1,10.9,18.2,7.1,4.6,18.7,16.6,3.1,-1.2,-3.4,-7.7,-4.9,-6.4,-19.8,-20.8,-4.5,10.1,8.2,17.3,6.8,4.6,20.4,14.5,22.5,5.2,7.1,3.6,30.3,11.3,9,3.6,-2.3,7.2,-3.7,-5.2,-29,5,16,3.8,3.2,0.1,-1.5,-12.2,-12.1,-9.3,0.2,9.4,16,24.4,24.3,13.1,16.6,8.2,7.3,3.7,5.2,-1.6,7.8,1.1,0.1,-1.8,3.1,-6.7,6.3,7.1,-0.2,0.2,8.1,1.9,4.8,3.6,0.5,7.2,-5,4.8,-7.7,-3.3,-9.8,-10.6,1.2,0.5,1.7,4.5,13.9,4.7,12.3,3,7.4,6.5,17,5,8.3,3.3,10,8.8,-0.2,5.8,8.1,10.5,13.1,9.4,6.5,7.5,7.9,15.1,3.1,12.1,14.1,7.7,11.4,7.1,9.8,9.5,1.9,11.6,9.3,1.6,0.9,-2,-5.2,-3.2,-8.9,-2.3,-1,-1.3,-1.3,2.9,8.9,13.3,8,-1.4,10.6,8.4,7.7,6.6,6.5,6.5,0.8,8.6,-3.5,-4,-4,-0.7,1,-2.4,-3.4,-7.1,-5.5,-12.1,-23.9,-27.4,-14.2,-0.5,-2.8,0.8,13.6,-0.4,8.5,-0.9,8.2,17.3,9.9,9.1,4.4,3.1,6.6,2.7,4.9,6.6,6.3,0.2,9.5,7.7,4.5,-1.3
"36","28","    Nonresidential","A008RL1",10.6,4.4,9.4,-2.1,-2.8,-2.6,1.4,-13,3.3,5.5,1.8,8.4,13.4,6.7,6,20.6,17.9,15.7,6.3,3,-0.4,-0.7,-4,-10.1,-20.9,-9.3,4.3,4.9,8.9,5.4,9,7.9,15.4,11.5,8.2,12.8,3.5,34.8,14.3,13.6,9.5,-0.4,12.3,1.1,4.4,-17.2,2.7,8.7,8.5,8.4,9.5,9.4,-10,-12.1,-11.1,-6.7,-5.8,5.7,18,26.5,13.3,20,12.9,9.7,4.6,5.9,-4.5,7.4,-3.9,-7.9,-4.5,3.9,-9.1,8.3,11.6,-0.5,3.2,9.3,2.5,5.7,6.5,5.6,10.6,-3.9,5.2,-5.1,2.8,-6,-7.8,-2,-3.4,-0.2,-1.5,13.7,6.3,11,4,8,3.3,15.2,4.6,6.3,6.9,16.5,15.7,3.9,2.7,8.2,10.3,11.3,13.2,10.4,9.4,8.7,19,2.7,13.3,13.9,6.2,12,9.1,10.9,11.7,1.5,15,13.3,4.3,1.1,-3.2,-8.8,-5.1,-11.1,-7.9,-5.2,-2.3,-4.7,1,10,8.3,5.9,-4.4,9.2,11.3,8.8,5,5.9,7.5,1.6,15.6,5.1,4.9,2.6,7,8.1,6.3,6.9,0.1,-2.3,-10.4,-21.4,-26,-12.3,-5,-3.6,4.2,11.4,8.3,8.6,-0.9,8.8,19.4,9.5,5.8,4.4,0.8,3.6,1.5,1.6,5.5,10.4,1.6,9.7,8.9,4.7,-2.8
"37","29","      Structures","A009RL1",6.3,3.2,20.2,-2.8,-3.1,-4,1.5,-4.6,-1,-1,-1.4,-1,10.9,2.3,0.9,6.5,13.7,13.1,9.4,-3.6,-2.2,-1.6,-16.2,-4.7,-19,-14.2,2.3,0.3,11.2,-1.2,4.1,1.3,-1.4,15.8,6.2,2.9,-0.8,45.2,29.1,17.8,-2.2,5.9,20,12.8,6.3,-8.5,2,12.3,-0.2,15.9,10.5,32.8,-12.1,-12.4,-20.3,-8.8,-15.3,-17.7,9.7,11.6,24.8,21.6,13.2,4.2,18.1,-0.2,-8,5.1,-9.6,-32.7,-13.5,2.5,-9,4.8,17.7,7.8,-14.3,8.6,-5.3,-1,6.6,-4.4,14.8,-2.4,9.1,-1.9,-1.4,-16.8,-8.3,-10.5,-23.6,-8,-5.1,0.1,3.7,5.4,-5.2,-6.5,1,12.7,-12,17.7,-2.7,5.6,11.6,10,1.3,-3.4,7.6,9,4.9,23,2.4,-3.6,17.9,2.2,-3.6,23,-1,-1.2,-1.1,-4.1,-0.2,4.2,8.7,17.8,14.8,1.4,-10.8,2.2,3.2,-33.1,-19.6,-20.2,-17.6,-5.5,-2.8,11,-1.7,0.5,-8.1,2.3,6.3,-0.1,5.2,-2,-2.1,3.6,15.5,12.5,7.3,-0.5,15.2,23.5,20.1,10.1,1.7,6.6,-2.9,-9.5,-26.8,-27.1,-24.4,-30,-25,11.8,-5.8,7.7,-27.1,30.6,25.6,13.8,18.7,10.5,-1.4,-6.7,-11.5,7.3,11.2,12.8,2.9,12.6,4.8,5.9,-20.8
"38","30","      Equipment","Y033RL1",15.4,4.2,5.3,-3.3,-2.8,-1.7,2.5,-19.5,6.9,10.1,2.8,14.5,16.1,9.4,9.9,34.3,24,19.8,5,6.6,0.3,-0.7,1.9,-15.3,-26.1,-8,5.1,6.1,5.3,7.8,11.4,11.8,28.3,10.6,10.3,20.4,5.8,35.3,8,11.2,15.2,-5.6,9.1,-6.1,2.9,-25.7,3.1,6.1,11.4,3.3,9.1,-5.3,-12.7,-16.3,-7.9,-7.4,-2.6,21.9,24.6,40.1,7.1,21.2,13.1,12.3,-3.5,9,-5.4,7.7,-3.9,5,-2.3,4.6,-13.1,12.2,11,-7.2,13.1,10.3,4.4,5.2,4.9,8.9,8.1,-10.5,1.9,-11.6,5.8,-5.8,-13.6,-2.5,6.2,-1.9,-3.1,25.2,9.4,15.6,7.8,17,4.7,23.9,11.8,2.4,10.8,26.3,22.1,-0.6,0.7,11.8,10.4,12.2,17,5,8.1,13.9,23.2,-0.9,22.6,12.2,6.2,19,12.3,15,14.2,-2.6,19.3,15.6,1.4,-0.8,-3,-15.6,-10,-1.6,-6.6,-4.5,0.9,-6.1,0.2,14.1,12.3,8,-6.4,16.5,14.5,12.8,3.6,9,14.3,2.7,22.7,1.4,1.1,1.6,5.1,4.6,2.1,4.1,-4.6,-9.7,-19,-38.4,-37.9,-13,5.3,7.7,31.2,23.3,18,11.8,12.1,4.4,27.7,9.4,3.6,1,0.7,8.1,4.8,1.5,4.7,14.1,-1,11.2,11,0.6,2.7
"39","31","        Information processing equipment","Y034RL1",35.3,38.9,28.9,17.4,11.7,4.5,-14,8.4,-6.4,37.9,9.2,17.3,23.8,-0.7,10.3,16.1,27.4,21,13.2,30.3,8.8,-0.7,30.6,8.4,-17.7,-15,-2.6,1.9,15,34,30.3,39.7,9.1,26.3,19.7,33.5,27.2,48.7,26.1,23.5,19.6,5.8,23,24.1,19.4,5.2,24,5.5,22,13.6,17.8,18.9,-1.6,-20.5,1.8,-8.5,35.1,33.6,20.6,45,14,35.6,21,25.9,-5.5,12.1,-6,17.1,7.4,11.9,-6,18.5,-9.1,8.3,20.3,-4,10.1,20.1,6,2.6,10.4,19.6,8.8,0.6,2.9,-6.7,-5.3,6,-10.1,11.5,16,12.6,5.5,26.1,26.3,2.5,12.5,8.8,28.1,7.5,13.6,10.6,13.1,23.9,26,25,6.6,29,25.4,19,21.5,10.3,19.1,25.6,37.4,11.4,36.8,19.9,10.2,27.3,25.7,33.9,17.1,-2.5,39.9,29.3,11.9,14.1,-2.5,-20,-14.2,1.1,-6.8,-1.6,7.4,-6.4,15.6,8.3,24.9,24.3,-1.9,11.5,3.8,6.1,10.1,7.1,16,7.4,30.8,2.2,12.5,-0.5,27.2,3.2,10.4,27,-2.9,-0.6,-16.5,-33.3,-12.8,1.2,26.8,15.4,7.6,2.7,7,10.2,-12.8,10.1,3.3,-1,12.9,-3.7,-6.9,15.5,0.9,5.1,4.4,-4.2,-7.7,26.6,-6.9,19.8,-10.2
"40","32","          Computers and peripheral equipment","B935RL1",0,107.4,85.3,0,70.6,0,-41.4,0,0,316.5,46.4,95.1,129.5,0,0,-22.8,29.5,27.4,-21.5,98.9,0,-19.4,406.3,0,-26.5,-40,-17,43.9,63.3,159.5,26.5,70.6,21.6,43.9,51.1,91.6,74.9,189.5,99.8,86.3,36,40.6,58.7,72.2,11,90.8,124.2,37.3,64.5,14.8,51.9,108.1,-26.5,-42.2,8.7,-3,161.8,82.9,74.2,29.7,73.2,73.8,70.8,55.5,-8.5,45.4,-15.5,48.1,25.5,21,-25.2,15,71,30.4,37.6,2.6,3.8,24.9,15.6,6.2,27.8,49.4,10.6,4.1,-4.7,-16.6,-19.3,30.2,-11.7,15.4,42.4,55.5,6.9,82.8,38.6,10.1,38.7,12.4,45.5,6.9,28.6,20.1,22,54.6,50.7,80.8,35.8,75.4,37.1,33.9,41,28,53.2,55.4,62.5,20.8,71.3,42.3,23.2,50.6,65.8,56.5,18.4,-5.1,24.1,51.9,14.6,6.8,16.9,-22.6,-25.1,27,22.9,-7.8,20.8,-6.8,15.2,3.1,26.5,30.2,-7.4,12.1,17.2,22.6,-8.5,13.3,20.1,33.1,28.1,17.6,30.2,1.1,25,-7,17.1,30.1,19.5,4.4,-24.8,-33.4,5.6,20.5,25.6,55.5,4.9,-5.1,-14.9,-6.7,-21.2,39.3,16.4,-9,20.3,-6.1,-23.4,44.9,-12.4,-11.6,6.7,25.3,-39,26.6,10.6,-1.5,-32.2
"41","33","          Other","A937RL1",33.5,28.9,25.8,14.4,-1.2,8.4,-6.8,5,-8.6,14.5,-1,7.5,1.8,4.2,7.6,29.1,31.2,18.5,17.7,21.6,9.9,1,3,9,-15.2,-8.4,-0.2,-4.7,8.4,18.8,29.7,34,9.1,21.4,14.2,23.1,16.4,28.2,13.8,12.5,16.9,-1,15.2,13.6,20.5,-9.5,5,-2.5,11.8,13.1,8.9,-1.8,8.8,-11,-0.2,-10.5,6.8,17.6,3.3,51.4,-4,21.6,3.6,13.6,-3.9,-0.5,-1,5.4,0.3,8.2,3.7,19.8,-31.1,-0.8,12.9,-6.8,13.2,18,1.9,1,2.9,7.2,8.1,-1,6.9,-1.8,1,-2.8,-9.7,9.7,6.7,-1.8,4.9,6.9,21.1,-0.7,2.4,7.3,20.9,7.8,7.4,6.3,9,11.4,15.2,3.5,-6.4,8.7,19.9,11.8,12.1,1.5,3.1,10.9,24.4,6.2,20,8.4,3.3,15.8,6.9,21.8,16.3,-0.9,49.6,18.4,10.6,18.3,-11.2,-18.6,-8.5,-9.3,-19,1.6,1.2,-6.2,15.9,10.9,24.2,21.5,0.7,11.1,-1.9,-1,20.1,4.5,14.2,-2.2,31.9,-4,5.5,-1.1,28.4,7.8,7.9,25.8,-10.8,-2.6,-12.9,-33.3,-19.2,-6,27.3,1.4,9.1,6.5,17.7,17.5,-9.6,0.9,-1.4,2.3,10.1,-2.7,0.2,5.9,6.6,12,3.6,-13.4,7.5,26.6,-12.4,28.3,-1.7
"42","34","        Industrial equipment","A680RL1",15.2,8.5,12.6,-4,9.8,-6.1,-0.6,-13.5,-17.9,-6.6,1.7,11.6,-2.2,20.2,17.3,12.1,16.2,28.6,15,21.1,7.3,4.3,-6.6,-16,-32,-12.8,-2.1,-3.1,9.3,0.1,-1.5,2.4,9.2,0.5,20.3,15.5,5.2,15.8,13.1,1.4,19.5,-4.4,-1.5,13.5,-9.2,-15,-9.7,6.9,-1.3,-0.5,0.9,-3.1,-13.2,-11.6,-12,-16.9,-19.7,1,19.4,11.6,25.3,9.5,9.7,11.4,-3,10,-7.5,12.6,-7.3,-5.7,6.3,-1.5,-9.4,-5.1,8.4,-3.4,0.6,17.5,13.4,1.3,14.3,3.3,6.2,-11.1,-2.7,-16.6,1.3,-12,-6.2,-6.1,0,-6.8,-1.3,8.8,10.3,17.3,3.5,2.3,5.4,26.5,2.8,3.1,11.6,12.2,18.9,6.3,2.9,-3.4,9.8,7.8,-3.7,4.7,-1.9,7.9,2.2,1,21.8,-3.4,-8,1.5,-0.7,5.9,5.4,0.8,20.5,11,7.4,-6,0.9,-25.5,-15.8,-11,3.5,-9.9,4.9,-2.3,-1.4,17.1,-9,-8.6,-14.4,10.2,13.5,8.5,9.4,-4.3,18.3,17.4,-3.7,27.1,-2.8,1,-7.6,28.6,2.2,-18.4,-0.5,-3.2,-7.4,-18.2,-43.8,-19.5,-10.1,-5.7,-8.7,24.7,4.6,15.1,38.9,5.4,36.4,24.8,-18.7,2.5,-0.8,6.1,2.1,0.1,17.4,1.5,14.1,27.2,27.6,-15.5,0.8
"43","35","        Transportation equipment","A681RL1",9.3,-8.2,-9.8,-21.1,-29.4,-8.6,9.3,-50.9,96.6,10.8,-0.7,36.4,23.8,1.7,-7.5,84.4,20.6,24.5,-3.7,-4.8,-13.2,-10.7,-4.3,-47.3,-12.3,-11.8,34,9.8,10.3,6.6,8.9,22.3,60,9.6,-2.1,19.1,-3.7,52.1,-6.9,5.1,26.4,-19.8,16.5,-27,-17.5,-44.9,10.8,-5.4,16.1,-14.1,12,-21.1,-5.9,-22,-25.8,31.5,-0.9,19.5,50.8,69.5,-15.6,28.8,9.8,2.9,-4.7,10.7,4.8,-10.3,-18.3,11.8,5.3,-11.5,-28.7,44.3,-6.8,-23.9,47,0.2,-9.1,17.9,-30.9,-3.5,-0.9,-30.8,24.6,-17.2,48.2,-14.3,-2.3,-16,13,-18.6,-20.5,85.8,-22.8,56.1,-4.1,71.1,-25.8,68.1,21.5,-13.2,10.7,64.5,27,-34.4,-8.6,10.5,-5.4,12.6,42.4,-2.1,0.4,8.1,21.4,-23.8,6.1,17.8,24,50.5,4,14,25.4,-13.1,-3,4.2,-13.5,-18.6,-14.3,0.7,-11.1,13.1,-16.4,-19.3,-11.5,-14.7,-29,34.9,8.1,1.6,-8.6,41.3,34.4,32,-13,15.6,22.5,-15.5,50.2,-16.5,-1.9,5.6,1.8,-19.1,-5.1,2.7,-4.1,-38.5,-50.2,-73.9,-82.1,-8,17.4,43.1,322.5,103,81.5,8.6,37.7,-2.2,62,49.4,18.4,6,-10.9,6.7,6.5,9.5,4.1,38.1,-0.2,2.9,35.2,-4.8,15.6
"44","36","        Other equipment","A862RL1",9.6,-7.5,-1.6,5.5,5,6.9,16.6,-7.9,-10,8.7,2.7,-5.4,23.7,16.9,23.7,29.8,34.4,5.1,-1.7,-13.4,1,5.2,-3.2,8.9,-36.9,9.1,-2.7,17.3,-10.9,-2.4,13.4,-9.1,42.2,9.6,5.9,15.3,-1.5,27.9,3.5,17.3,-3.7,-0.8,0.6,-27,27.7,-43.6,-10.4,18.4,10.8,14.6,6.8,-18.7,-30.3,-10.1,1.9,-21.5,-27.4,34,13.4,38.5,4.6,5.3,7.6,2.2,1.3,0.9,-12.9,8.8,-1.4,-0.5,-13.8,9,-5.5,11.2,20.1,2.1,4,-2.2,6,2.1,30.3,10.4,17.6,-7.7,-10.1,-8.6,-0.7,-8.3,-35.2,-6.9,-8.6,-2.1,-2.3,-1.6,17.1,5.2,18.4,4.7,3.3,12.7,9.4,7.2,5.5,9.9,12.3,-2.9,-1.8,4.1,3.6,5.2,11,3.6,9.9,6.7,27.2,4.7,17.7,11.8,-2.1,-6.3,14.6,-5.8,4.6,8.8,11.8,9.6,-6.3,-0.3,6,-10.6,7.4,-10.9,-4.9,14.9,-0.7,-0.4,9.8,4.3,20.3,6.6,-3.3,10.1,15.1,9.2,7,17.9,1.5,3.5,13.9,-0.8,-7.6,1,-8.1,12.3,-2.8,-0.9,-11.1,1.3,-2.2,-30,-25.9,-26.5,-12.8,-4.4,35.8,17.7,10.3,13.9,13.7,1,32.3,-17.7,2.5,0.8,28.1,2.5,11.1,-8.6,-5.2,30.5,-6.4,-10.3,-4.1,3.3,8.6
"45","37","      Intellectual property products","Y001RL1",2.8,8,2.9,4.3,-2,-2.7,-2.7,-6.3,0.4,4.6,5.3,9.1,9.1,6.9,3.4,5.3,4.7,6,4.5,5.2,0.8,1.7,4,-0.1,-2.4,-2.3,6,10.4,17.9,11.1,10.7,7.8,4.5,6.8,4.2,3.8,3.2,12.7,11.2,14.5,14.9,9.2,8.6,5,5.8,-0.3,3,10.6,21.2,9.5,7.9,10.3,6.4,4,3,0.2,7.6,13.7,14.6,16.2,13.2,13.2,11.3,12.7,6,8.5,5.5,11,7.1,6.4,4,4.1,2.6,3.2,4.7,6.5,6.1,7.4,9.2,16.9,10.6,11.1,11.9,12,8.2,7.3,1.3,8.1,6.6,9.4,1.5,11.5,5.4,5.5,2.7,7,4.9,3.9,2.4,-0.1,5,5.4,7.4,5.4,5.5,9.8,8.7,11.1,12.5,11,12.2,12.3,19.2,9,11.3,11.5,10.4,10,12.7,10.1,11.3,16,16.6,7.4,12.1,5.8,2.1,4.2,2.9,-4.5,-3.3,-6,-0.3,5.9,4,-2,4.8,3.3,9.1,6.2,1.6,2.8,9.7,8.7,7.4,6.7,4.1,-1.5,4.7,5.9,9.7,7.2,3.7,1.4,1.6,8.6,6.6,1.5,-3.6,-4,-6.3,4.3,1.1,6.6,-1.6,-2,6.1,5,1.4,3.2,5.1,6.8,0.7,5.1,2.6,5.1,6.5,-2,2.8,3.6,4.6,5.5,8.8,10.3,3.6
"46","38","        Software \4\","B985RL1",30.3,51.2,56,44.6,33,21.4,-0.6,-11.2,-3.4,21.9,22.7,30.2,16.1,12.9,13,-1.8,17.6,18.3,20.3,23,10.1,6.3,27.2,33.7,37.3,1.8,-6.8,-2.3,7.9,25,19.1,18.8,-11.8,1.8,-1.3,6.6,23.5,30.9,30.9,33.9,18.3,23.1,20.2,20.8,13.4,15,21.4,21.8,12.6,11.3,15.9,22.2,29.7,10.4,0.2,-3.1,25,30.5,38.9,25.7,21.3,21.5,30.4,30.5,15.4,17,3.9,14.7,11.4,16.9,8,10,13.9,17.6,17.8,17,17.3,20.1,23.9,25,31.6,32.4,33.4,27,14.8,14,-3.6,24.5,13.6,13.6,10.4,19.8,18.7,19.6,16.5,19.2,8,7.4,10,7.7,12.6,9.8,9.9,7.2,5.9,12.5,15.2,16.8,17.1,17.8,18.2,24.9,49.1,23.1,28,27.3,15.9,14.9,21.1,25.1,20.9,32.2,24.1,13.4,14.6,11.5,0.8,12.8,3.1,-8.8,-4.6,-11.6,3.7,11,9.4,-9.6,9.4,4.1,24.4,15.8,5.1,2.5,12.7,11.7,1.6,10.1,2.3,0.4,4.4,4.4,6.4,7.4,10,1.1,4.2,5.9,13.1,1.4,1.1,-5.2,-2.2,3.8,4,5.8,-7.9,-7.7,3.8,5.5,8.9,9.8,10.5,8.9,1.5,6.6,2.1,3.5,9.3,-8.1,7.2,3.8,1.5,4.2,8.9,5.1,7.7
"47","39","        Research and development \5\","Y006RL1",6,7.2,5.8,3.4,-1.2,-3.3,-0.8,-5.6,3,1.9,0.2,2.2,9.1,4.3,3.6,9.9,10.4,5.9,2.9,2.1,-2.8,0.6,1.5,-4.3,-7.9,-2,6.9,9.2,11.4,2.3,3.9,2.8,5.4,9.4,5.7,6,6.2,13.7,6.5,7.7,6.8,5.2,8.2,9.7,7.6,1.9,4.7,11.7,6.9,3.1,8.9,2.8,7.1,5.3,5.1,0.1,4,9.9,7.9,13.1,7.9,12.8,8.9,10.9,7.9,7.2,6.2,8.6,3.6,0,2.1,2.8,1.1,0.9,3.1,4.7,-0.1,7.1,7.7,8.8,6.7,4.1,5,6.5,6.4,6,3.3,1.1,6.6,10.3,-4.1,8.8,-2.1,-1.8,-4.4,0.6,1.9,1.3,-2.9,-6,0.5,2.2,5.7,3.1,3.6,7.8,5.2,11.1,9,8.2,9.6,9.3,8,-0.5,2.4,0.2,11.1,5.7,7.9,-0.3,7,8,11.8,2.1,10.1,-0.9,4.3,-2.1,6.5,0.9,-2.9,-2.4,-7.8,1.4,-3,4.6,-2.1,-0.9,-3.5,-1.8,-0.1,4.4,7.1,3.6,13.3,2.8,5.7,-6.4,7.4,10.8,18.3,9.6,0.1,2.7,-0.7,16.6,3.3,3.5,-7.2,-2.6,-10.7,5.3,-1.2,7,0.6,-2,7.3,3.8,-2.3,-1.3,0.3,4.7,-1.4,3.5,2.9,7.3,4.6,3.8,-0.6,3.6,8.8,8,10.6,17.2,1.1
"48","40","        Entertainment, literary, and artistic originals","Y020RL1",-11.8,-2.6,-18.7,-8,-17.7,-12.3,-8.8,-5.6,-4.7,3.2,11.1,17.4,5.7,10.5,-2.1,-2.2,-15.7,-1.2,-0.5,3.6,6.1,1.6,-3.2,-8.7,-12.1,-6.8,15.3,26.4,48.7,28.6,23.8,14,15,3.7,3.7,-3.7,-15.1,-1,11.7,21.2,36.9,10.6,1.9,-16.5,-5,-17.8,-16.4,-3.2,96.8,29.8,-1.7,24,-13.2,-6.1,-1.1,4.3,3.1,9.7,13.1,16.1,21.9,6,-0.3,-0.2,-10.2,2.4,4.8,14.9,13.4,15.8,5.1,1.3,-5.3,-6.4,-5.8,-1.2,11.8,-7.8,-5.6,33.7,-4.9,4.1,2.8,6.8,3.4,0.2,3.6,5.5,-4.9,-0.5,4.9,5.3,7,5.2,1.5,5.6,8.4,5.2,4.5,3.3,4.3,6.6,7.7,8.3,10.1,10.2,6.8,1.4,14.1,6.5,8,-1.9,-1.7,7.7,2.5,10.4,-4,10.7,6.5,4.6,-0.8,-2.7,9,5.8,10.3,8.9,-0.3,-3.2,-8,-5.8,0.5,2.6,11.4,3.4,8.4,5.2,11,12.8,1.6,-0.1,-4.3,-0.2,7.6,13.2,10.7,6.8,5.2,6.4,-1.4,-2.3,-2.6,-0.2,-4.9,-1.9,0.3,-6,-4.8,-4.9,-8.1,-4.2,-6.2,3.3,-2.2,8.6,18,21.5,9.8,7.7,-11.1,-4.5,2.4,6.6,5.3,5.1,3.1,3.5,2.5,2.4,-1.3,3.1,2.1,1.5,2.4,5,-1.8
"49","41","    Residential","A011RL1",14.1,-3.7,-3.1,-24.8,0.2,-22.3,25.2,46.8,22.4,44.3,19.7,16.3,28.8,7.8,1.8,14.9,14,-19.2,-16.1,-16.9,-23.6,-15.2,-12.7,-42.8,-20.7,11.8,29.1,18.3,43.7,10.2,-6.1,57.9,12.4,51.7,-1.2,-4.7,3.8,20.6,4.7,-0.8,-9.4,-6.9,-4.8,-15.1,-27.4,-56,12.9,42.9,-9.4,-12.1,-27.6,-35.7,-21.2,-12.3,-0.4,35.7,88.6,55.4,45.2,18,12.5,7.2,-4.6,0.4,1,3.4,7.7,9,17.3,25,5.6,1.1,-0.7,1.4,-3.3,0.7,-6.9,5,0.2,2.6,-3.8,-12,-1.8,-8.2,3.6,-14.9,-19.8,-21.2,-19.5,12.9,14.2,8.1,24.9,14.4,0.2,16.2,0.3,5.4,15.8,22.1,6.1,13.6,-5.8,-6,-8.8,-11.8,15.7,8,10.8,18.6,-0.8,-4.5,2.1,5.7,3.9,4.3,8.6,14.6,12.2,9.7,1.5,6.4,3,3,2,-2,-6.1,0.4,1.7,6.3,2.5,-2.5,13.8,10.3,1.2,7.4,7.5,6.5,25,12.4,4.8,13.4,2.9,5.6,9.8,7.6,4.5,-0.9,-3.7,-18.6,-20.5,-17.4,-17,-15.1,-23.2,-29.3,-27.9,-16.4,-18.3,-33.3,-33.2,-21.9,21,0.3,-12.2,23.2,-30.7,7.9,-0.8,5.4,8.1,11.7,25.5,4.3,14.1,20.4,7.8,19,11.2,-8.5,-5.3,8.8,3.2,3.8,5
"50","42","  Change in private inventories","ZZZZZZ1",NA,NA,NA,NA,NA,NA,NA,NA,NA,NA,NA,NA,NA,NA,NA,NA,NA,NA,NA,NA,NA,NA,NA,NA,NA,NA,NA,NA,NA,NA,NA,NA,NA,NA,NA,NA,NA,NA,NA,NA,NA,NA,NA,NA,NA,NA,NA,NA,NA,NA,NA,NA,NA,NA,NA,NA,NA,NA,NA,NA,NA,NA,NA,NA,NA,NA,NA,NA,NA,NA,NA,NA,NA,NA,NA,NA,NA,NA,NA,NA,NA,NA,NA,NA,NA,NA,NA,NA,NA,NA,NA,NA,NA,NA,NA,NA,NA,NA,NA,NA,NA,NA,NA,NA,NA,NA,NA,NA,NA,NA,NA,NA,NA,NA,NA,NA,NA,NA,NA,NA,NA,NA,NA,NA,NA,NA,NA,NA,NA,NA,NA,NA,NA,NA,NA,NA,NA,NA,NA,NA,NA,NA,NA,NA,NA,NA,NA,NA,NA,NA,NA,NA,NA,NA,NA,NA,NA,NA,NA,NA,NA,NA,NA,NA,NA,NA,NA,NA,NA,NA,NA,NA,NA,NA,NA,NA,NA,NA,NA,NA,NA,NA,NA,NA,NA
"51","43","    Farm","ZZZZZZ1",NA,NA,NA,NA,NA,NA,NA,NA,NA,NA,NA,NA,NA,NA,NA,NA,NA,NA,NA,NA,NA,NA,NA,NA,NA,NA,NA,NA,NA,NA,NA,NA,NA,NA,NA,NA,NA,NA,NA,NA,NA,NA,NA,NA,NA,NA,NA,NA,NA,NA,NA,NA,NA,NA,NA,NA,NA,NA,NA,NA,NA,NA,NA,NA,NA,NA,NA,NA,NA,NA,NA,NA,NA,NA,NA,NA,NA,NA,NA,NA,NA,NA,NA,NA,NA,NA,NA,NA,NA,NA,NA,NA,NA,NA,NA,NA,NA,NA,NA,NA,NA,NA,NA,NA,NA,NA,NA,NA,NA,NA,NA,NA,NA,NA,NA,NA,NA,NA,NA,NA,NA,NA,NA,NA,NA,NA,NA,NA,NA,NA,NA,NA,NA,NA,NA,NA,NA,NA,NA,NA,NA,NA,NA,NA,NA,NA,NA,NA,NA,NA,NA,NA,NA,NA,NA,NA,NA,NA,NA,NA,NA,NA,NA,NA,NA,NA,NA,NA,NA,NA,NA,NA,NA,NA,NA,NA,NA,NA,NA,NA,NA,NA,NA,NA,NA
"52","44","    Nonfarm","ZZZZZZ1",NA,NA,NA,NA,NA,NA,NA,NA,NA,NA,NA,NA,NA,NA,NA,NA,NA,NA,NA,NA,NA,NA,NA,NA,NA,NA,NA,NA,NA,NA,NA,NA,NA,NA,NA,NA,NA,NA,NA,NA,NA,NA,NA,NA,NA,NA,NA,NA,NA,NA,NA,NA,NA,NA,NA,NA,NA,NA,NA,NA,NA,NA,NA,NA,NA,NA,NA,NA,NA,NA,NA,NA,NA,NA,NA,NA,NA,NA,NA,NA,NA,NA,NA,NA,NA,NA,NA,NA,NA,NA,NA,NA,NA,NA,NA,NA,NA,NA,NA,NA,NA,NA,NA,NA,NA,NA,NA,NA,NA,NA,NA,NA,NA,NA,NA,NA,NA,NA,NA,NA,NA,NA,NA,NA,NA,NA,NA,NA,NA,NA,NA,NA,NA,NA,NA,NA,NA,NA,NA,NA,NA,NA,NA,NA,NA,NA,NA,NA,NA,NA,NA,NA,NA,NA,NA,NA,NA,NA,NA,NA,NA,NA,NA,NA,NA,NA,NA,NA,NA,NA,NA,NA,NA,NA,NA,NA,NA,NA,NA,NA,NA,NA,NA,NA,NA
"53","45","Net exports of goods and services","ZZZZZZ1",NA,NA,NA,NA,NA,NA,NA,NA,NA,NA,NA,NA,NA,NA,NA,NA,NA,NA,NA,NA,NA,NA,NA,NA,NA,NA,NA,NA,NA,NA,NA,NA,NA,NA,NA,NA,NA,NA,NA,NA,NA,NA,NA,NA,NA,NA,NA,NA,NA,NA,NA,NA,NA,NA,NA,NA,NA,NA,NA,NA,NA,NA,NA,NA,NA,NA,NA,NA,NA,NA,NA,NA,NA,NA,NA,NA,NA,NA,NA,NA,NA,NA,NA,NA,NA,NA,NA,NA,NA,NA,NA,NA,NA,NA,NA,NA,NA,NA,NA,NA,NA,NA,NA,NA,NA,NA,NA,NA,NA,NA,NA,NA,NA,NA,NA,NA,NA,NA,NA,NA,NA,NA,NA,NA,NA,NA,NA,NA,NA,NA,NA,NA,NA,NA,NA,NA,NA,NA,NA,NA,NA,NA,NA,NA,NA,NA,NA,NA,NA,NA,NA,NA,NA,NA,NA,NA,NA,NA,NA,NA,NA,NA,NA,NA,NA,NA,NA,NA,NA,NA,NA,NA,NA,NA,NA,NA,NA,NA,NA,NA,NA,NA,NA,NA,NA
"54","46","  Exports","A020RL1",-40,124.6,-9.2,14.5,3.1,18.8,-1.2,3.7,1.5,-0.7,17.6,-29.5,50.9,-11.1,26.4,18.1,32.7,20.7,1.3,21.1,5.2,20.9,-19.9,10.9,2.8,-11.1,-6.6,24.6,-2.7,4.1,12.1,4.1,-6.3,11.2,3.1,-12.2,9.8,48.6,4.5,16.9,0.3,1.1,15.2,27.6,11.6,7.8,-0.8,-2.4,7.8,2.2,-8.2,1.9,-16.2,2.4,-16.6,-17.1,6.6,1.2,6.2,8.3,8.6,10.3,9.1,8.4,1.1,-0.9,-5.7,12.5,13.2,4.4,9.5,15.8,0.3,17.5,18.5,15.8,24.2,11.7,8.1,12.8,12.5,18.7,4.2,6.2,18.5,5.1,3.1,3.6,2.5,15.4,9.8,9.3,7.4,0.2,8.8,2,0.9,4.9,-1.1,13.5,4,14.2,15.8,9.6,7.9,5.7,18.5,5.8,4.9,6.7,3.3,27.4,7.8,17,9.6,-0.6,1.9,-4.3,-1.8,15.7,-9.4,4.1,12.3,10.5,6.2,12.2,10.2,-3.4,-6.1,-12.6,-18.1,-11.9,8.4,11.4,2.9,-5.3,-2.4,-0.5,11.1,18.8,12.6,5.3,2.3,10.1,6.3,7.6,0.5,11.8,15.8,7.7,-0.8,19,6.7,7.2,12.9,12.9,5,12.5,-5.2,-20.2,-28.4,1.1,14.8,24.5,6.1,9.7,11.8,12.8,2.1,6.2,4.3,4.1,1.3,4.8,2.1,1.5,-0.8,6.3,5.1,10,-9.2,11.1,4.5,4.5,-7.6
"55","47","    Goods","A253RL1",-44,156.1,-9.8,14.6,6.2,11.6,0.7,5.1,-6.2,-0.7,30.3,-42.9,81.1,-8.4,24.1,31,40.7,26.1,-0.4,34.8,1.3,20.8,-21.6,7.2,-0.6,-18.1,7.7,25.7,-4.4,2.7,10.9,7,-7.4,10.8,1.8,-15.6,6.5,63.6,2,16.6,-0.9,1.2,19.4,31.8,16.1,5.8,-3.1,-2.4,3,1.8,-10.3,2.3,-18.1,4.7,-19.6,-18.4,8,-2.6,7.6,11.6,0.6,8.1,15.1,10.9,-0.7,-2.7,-5.5,12,0.4,9.5,7.4,22.2,-2.7,20.6,21.7,15.9,28.4,12,6.3,15.8,8.5,23.3,3.3,3.8,20.3,4,3.9,-0.1,10.4,8.9,9.5,9.1,9.8,-0.2,12.7,3,-1.7,5.2,-3.1,18,0.2,16.6,22.6,9.5,10.5,5.4,18.1,5,7.8,5,8.8,24.2,13,22,11.5,-0.3,2.4,-10.4,0.3,18.8,-6.4,5.8,10.8,13.5,8.1,12.6,15.5,-5.4,-5.8,-15,-20.3,-8.6,-0.7,14.8,2.6,-8.9,1.1,0,8.7,18.6,8.1,6.2,3.8,7.7,7.9,13,-0.6,11.8,18.9,5.9,0.6,12.9,5.4,6.4,12.3,9.3,10.6,12.9,-2.5,-27.8,-34.9,-2.6,21.1,29,11.9,10.8,8.9,12,2.8,5,3.4,8.1,1.5,5.3,2,-3.1,-0.9,8.3,5.7,13.6,-11.9,14.3,7.5,2.4,-14
"56","48","    Services","A646RL1",-27.2,54.6,-7.6,13.9,-5.8,44.3,-6.8,-0.2,27.8,-0.6,-12.6,24.8,-6.4,-18.7,32.8,-13.3,9.3,3.1,8.1,-22.6,24.1,20.9,-12.1,28.7,19.2,23.9,-48.4,19.8,5.4,10.8,17.7,-7.5,-1.4,13.3,8.8,2.6,23,1.6,15.3,17.9,5.6,0.7,-1.5,10.7,-6.9,17.7,10.1,-2.5,31.3,4,0.6,0,-8.8,-5.9,-4.4,-12.2,2.1,15.3,1.3,-2.4,40.6,17.6,-8.2,0.6,7.2,5.3,-6.2,14,56.4,-7.7,14.9,0.6,8.6,9.7,10.3,15.4,12.6,10.9,13.6,4.3,25.2,6.2,6.7,13.3,13.7,8.1,0.9,13.9,-16.1,34.9,10.5,9.7,1.6,1.2,-0.7,-0.4,8,4,4.2,3.2,14,8.5,0.2,9.6,1.3,6.7,19.6,8.1,-2.3,11.1,-10,36,-4.7,4.3,4.5,-1.2,0.5,14.2,-7.2,7.5,-17.1,0,16,3.1,1.7,11.1,-2.9,2,-6.8,-5.7,-12.1,-20.2,35.6,3.5,3.6,4.1,-10.4,-1.7,17.3,19.3,24.5,3.1,-1.2,15.9,2.7,-4.3,3.1,11.6,8.4,12.3,-4.1,35.4,9.8,9.3,14.5,21.6,-6.9,11.8,-11.7,1.2,-12.5,9,3,15.5,-5.4,7.2,18.6,14.7,0.6,9.3,6.2,-4.7,0.9,3.7,2.3,12.7,-0.8,2,3.6,2.3,-2.8,4,-1.9,9.2,7.4
"57","49","  Imports","A021RL1",-32.7,105.5,-5.1,-4.3,-1.3,8.2,-0.9,6.4,-4.6,33.7,9.1,-24.5,72.6,-13.5,8.6,19.3,19.8,-11.1,-10.6,3,-12.9,22.9,-6.8,-3.9,-34.5,-28.4,37.6,23.1,27.5,18.5,17.4,13.9,20.3,3.7,-5.5,5.8,29.7,1.3,5.3,5.6,-1.1,2.2,-6,9,0.3,-26,-25.8,23.3,18.3,0.6,-4.5,12,-10.9,-6.4,19.9,-14.8,9.5,34.5,35,21.1,36.3,17.8,10.8,12.3,-8.5,21.2,-3.8,16.6,-0.4,18.1,11.6,3.1,-2.4,10.4,8,9.5,-1.9,-4.5,9.8,12.8,1.9,1.9,-0.5,7.4,13.3,-0.7,-1.6,-10.3,-4.5,7.3,11.7,9.1,2.9,6.7,6.5,9.9,8.9,8.5,5.4,17.1,9.6,15.8,11.7,11.7,9.1,3.9,1.4,5.2,13.7,9.3,13.6,8.1,18.2,14.1,15.6,8.9,15.9,9.5,5.5,13.6,6,12,15.8,10.2,17,12.9,14.6,-0.2,-6.5,-11.3,-7.8,-5.4,12,13.1,6.1,8.7,-5.4,6.5,5.2,15.1,12.9,17.5,4.1,9.8,4.8,4.7,1.1,12.6,8.9,5,3.1,1.1,6.6,1.8,-0.1,-4.9,3.9,-3.5,-7.9,-15.3,-33.4,-15.3,15.8,18.7,10.8,20.5,14.9,2.6,3.1,3,3.3,4.5,1.7,4,-0.6,-3.5,-0.3,8.5,0.6,1.3,2.2,11.3,-0.9,10.4,5.6
"58","50","    Goods","A255RL1",-42.3,157.2,-7.9,-9.7,0.7,3.3,-1.2,11.7,-2,44.5,14.9,-31.1,90.8,-17.6,18.2,20.1,22.4,-9.8,-6,3,-17.6,25.2,-6.7,-7,-39.1,-30.1,48.6,24.4,31.9,21.5,18.9,15.1,23.6,3,-4.7,5.8,30.9,1.7,4.8,5.3,-0.8,2.5,-6.6,10.6,0.5,-28.4,-29.3,24.6,18.1,0.2,-3.7,13.7,-14.2,-10.7,25.1,-19.6,12.5,37.7,38.9,24.3,32.7,17.4,8.6,10.8,-11.9,25.7,-1.4,20.4,-3.1,27.8,8.6,2.6,-6.2,8.3,10,7.3,-1.2,-3.9,10.3,13.9,1.2,1.7,-2.5,8.6,12.4,-1.5,-2.9,-11.4,-2.4,6.8,16.8,9.9,5.8,10.3,8.4,10.8,11.3,9.4,5.2,17.6,10.2,18.9,14.6,14.9,7.9,5.6,0.9,4.6,15,10.4,14.3,10.1,18.4,16.1,15.4,9.3,15.6,9.7,4.7,15.7,13,14.7,16.5,10.1,16.8,12,14.4,1.5,-7.1,-14.6,-7.4,-3.2,7.7,18.1,7.4,5.8,-4.5,11,1,15.5,11.6,17.5,5.8,10.3,5.2,4.1,0.9,13.5,7,5.3,4.3,-2.7,7.1,1.1,-0.5,-5.8,2.2,-3.6,-9.7,-19.4,-36.4,-18.3,19.7,22.1,13.4,23.9,15.4,2.7,5.3,0.8,2.2,5.5,2,4,-1.1,-4.8,0.5,8.5,0.1,0.9,2.5,12.5,-1.3,10.4,5.1
"59","51","    Services","A656RL1",-0.7,14.5,3.4,12.4,-6.6,22.6,-0.1,-7,-11.7,6.9,-6.6,-0.9,27.4,0.9,-17.7,16.4,11.2,-15.4,-25.6,3,9.4,13,-7.8,11.1,-10.3,-21.4,0.1,17.4,10.3,5.3,10.3,8.5,5.3,7.6,-9.2,5.5,23.7,-0.8,8.2,7.6,-2.7,0.3,-2.7,0.6,-1.4,-11,-3.6,16.2,19.3,2.8,-8.3,3.7,8,17.7,-2.1,11.6,-3.6,20.3,17.3,6.2,55.6,20.1,21.6,19.3,8.8,2,-14.3,0.4,13.2,-17,25.9,5.3,16.8,20.2,-0.2,20.2,-4.5,-7.1,7.4,7.6,4.8,3,8.7,2.6,17.3,2.9,3.7,-5.6,-12.5,9.2,-6.7,5.8,-8.5,-7.3,-1.7,6.3,-1.1,4.6,6.3,14.4,7,1.8,-1.4,-3,15.3,-5,4.2,8.5,6.8,3.2,10.2,-1.5,17.3,4.4,16.8,7.2,17.6,8.2,9.2,3.1,-24.5,-1.3,11.7,10.8,18.7,18.5,15.2,-9.3,-3.2,8.8,-9.9,-16.2,36.8,-9.4,-0.8,25.6,-9.9,-14.7,30.5,13.1,19.7,17.4,-4.4,7.2,2.6,7.5,1.7,7.8,20.3,3.4,-3.3,23.9,4.2,5.5,1.7,0,12.9,-3.5,2.6,7.5,-19.3,-2.6,2,5.2,0.3,5.7,12.3,1.9,-7.4,15.3,8.7,0,0.8,4,2.4,3.4,-4.1,8.5,2.8,3.5,1,5.6,1,10,7.6
"60","52","Government consumption expenditures and gross investment","A822RL1",1,-1.3,0.9,-5.1,-1.9,-4.5,1.8,0.2,-5.7,-0.9,-0.1,-2.7,1.9,2.4,-7.7,3.1,3.3,-2,-5,2.7,7.7,2.6,0.5,1.8,4.5,-2.6,6.5,3.8,0.8,-4,-2,0.1,3.5,4,0.9,-0.9,0.5,11,3.2,3.7,-3.4,4.2,0.5,2.6,6.3,1.4,-5.8,0,5.3,1.3,-1.5,4.6,-0.4,2.6,2.5,6.5,3.9,4.1,6.7,-6.5,4.8,9.3,3.3,7.9,4.9,9.6,9.7,1.3,3.4,8.4,9.4,-2.3,2.6,3.7,0.9,4.9,-2.7,1.4,0.3,7.7,-1.8,6.7,3.4,2.2,6.4,1,-0.2,3.7,2,1.4,-1.5,-1.5,3.1,-0.5,2.1,-0.9,-4.5,0.4,0.9,0.9,-4.9,2.4,6.9,-3.6,0.8,2.1,-1.1,-3.6,0.8,6.6,0.4,3,-0.1,4.2,0.6,0.6,-2.3,8.4,3.7,3.7,1.5,2.3,4.8,6.1,-3.2,5,-0.8,1.2,6.1,8.1,-0.3,6,6,3.9,3.1,2.9,-1.3,6.4,0,2.2,1.1,2.3,1.5,-1.7,0.8,0.7,3.2,-1.4,3.3,1.5,0.9,2.6,-0.9,3.4,2.9,1.6,1.7,3.2,5.7,2.6,0.6,7.5,2.2,-0.8,-2.9,2.9,-0.3,-4.1,-7.5,-0.4,-2.5,-1.6,-2.7,-0.4,2.7,-6,-3.9,0.2,0.2,-3.8,-0.8,1.7,4.4,-1.9,-1.1
"61","53","  Federal","A823RL1",-1.1,-5,0.8,-8.7,-6.6,-10.1,-4.8,-1.5,-12.3,-4.6,-1.6,-10.1,2.7,5.7,-17.8,0.5,4.9,-4.7,-14.3,0.1,10.7,-0.2,1.8,3.6,-4,-2.3,8.3,1.9,-3.4,-0.5,-1.2,1.8,3.2,5.9,2.5,-2.6,1,9.4,1.5,3.4,0.5,4.7,-0.4,0.3,12,9.7,-5.6,2.2,7.8,11.9,-2,6.1,0.3,4,5.3,10.3,6.5,9.3,10.1,-12.9,4.4,13.4,-0.2,11.9,4.7,12,13.1,-0.4,-0.8,13.2,15.6,-6,3.1,6.7,0.5,4.4,-9.8,-2.5,-1.5,11,-7.3,9.3,2.8,-1.6,6.6,1.2,-3.7,2.6,3.6,1.1,-6,-6.7,0.6,-0.4,4.7,-1.6,-11.5,-3.2,-0.8,-0.5,-13.2,-0.8,10.1,-10.5,-2.6,0.6,-3.2,-11.6,3.4,7.6,-4.4,-2,-6.6,8.7,-0.9,-1,-10.9,10.2,-2.4,4.7,-3.7,2,7.2,8.1,-14,14.8,-6.5,-2.1,9,8.1,3.4,3.2,10.3,9.7,6.5,7.4,0.1,21.6,-2.3,8,2.8,4.1,7.2,-3.4,2.3,0.9,7.5,-5.8,10.3,-0.5,0.1,4.2,-5.3,6.5,7.8,2.2,6.6,7.6,12.3,7.1,-3.1,13.8,5.6,0.2,3.8,8.5,3.7,-2.7,-10.6,1.6,-4,-2.6,-3,-0.9,7.5,-13,-9.9,-3.5,-1.2,-10.4,-0.1,-0.9,9.9,-7.3,0.1
"62","54","    National defense","A824RL1",-3.1,-7.4,0.1,-7.3,-9.6,-15.9,-5.4,-2.8,-15.6,-12.9,-7.3,-9.8,-4.6,5.6,-23.5,1.4,5.2,-5.8,-20.2,2.6,7,6.2,-8.4,1.2,-3.8,-5,12.2,0,-4.8,-0.5,-1.8,-0.4,3.6,5.2,0.3,-8.9,1.5,8.9,0.9,1.7,1.5,7.6,-1.4,2.4,10.6,1.3,-0.4,6.3,8.2,12.1,1.6,9.2,3.8,11.8,6.6,9.2,3.5,12,3,8.6,2.3,6,-0.4,15.3,3.5,14.4,16.4,1.9,-2.1,16.8,17,-11.2,7.1,11.1,5.7,-1.8,-4.7,-1,-2.8,8,-11.6,9.2,3.3,-4.3,3.2,-0.5,-7.2,6,3.5,0,-8.8,-12.7,-4.1,-0.4,5.6,-6.1,-14.3,-3.5,-1,-0.3,-19.1,2.2,13.5,-18.6,-3.7,2,-5.6,-9.7,1.1,9,-5.5,-3.5,-13.9,11.4,-2.8,2.3,-21,15.1,4.7,-2.9,-7.5,4.2,11.2,8,-21.8,18.6,-7.6,0.1,5.5,6.9,4.5,2.8,9.2,9.8,7,8.5,-0.3,31.7,-5.1,12.3,3.4,4.5,13.2,-8.7,3.5,3.4,9,-11.2,8.3,3.2,-2.2,10,-7.8,8.8,9.5,0.6,6.8,8,17.9,5.3,-8.5,17.4,8.6,-1.3,-1.8,6.4,7.6,-3.5,-14,6.7,1.9,-9.5,-7.4,-1.3,11.9,-20.1,-10.9,-2.1,0.4,-11.4,-4,0.9,16,-12.2,-1
"63","55","      Consumption expenditures","A997RL1",-11.5,4,-3.9,0.9,-16.9,-14.6,-3.6,-4.9,-4.5,-12.3,-12.3,-2.8,-1.7,-1.6,-18.3,-4.3,-3.9,-3.3,-16.7,3.8,-0.5,4.8,-13.2,1.4,-1.8,0.1,-3,-0.8,-5.5,4.8,-8,-0.4,1.9,5.7,3.3,-7.3,3.7,4.4,0.1,-5,5.1,8.1,-11.3,6.3,6.6,5.1,0.7,1.7,10.2,7.7,-1.2,7.9,5.9,4.9,9.3,3.6,2.8,9.1,-1.4,3.8,1.9,4.2,-0.9,4.9,4.8,6.2,14.4,2.1,0.1,15.9,6.8,-12.7,9.6,7.8,3.6,3.1,1.9,-0.5,-2.4,12.4,-14.1,15.2,-0.8,0.3,2.7,-2.5,-9.2,9.5,13.3,-1.3,-7.7,-10.7,-5.7,-1.5,7.8,-3.3,-11.9,-3.3,2.5,-2.1,-16.1,-0.3,11.6,-16.6,-4.9,2.4,-3,-12,-3,11.7,-4.1,1.4,-13.1,14.4,-8.6,2.9,-21.1,16.2,0.6,0.5,-6.1,0.5,10.7,13,-26.4,24.1,-10.8,0.2,7.1,3.9,2.9,1.7,10,5.2,3.5,10.1,-2.3,35.8,-8.1,13.5,2.6,2.8,11,-10.2,4.9,0.9,9.2,-12.6,8.6,-0.8,-0.6,8.6,-9,5.8,11.9,0.6,7.1,2.2,20.2,5.8,-6.2,17.9,9.8,0.3,-1,5.4,8.7,-5.5,-10.4,6.6,3.8,-11.8,-4.3,-3.4,16.2,-21.6,-8.8,-1.3,0.5,-12.5,3.5,-2,20.9,-15.4,0.3
"64","56","      Gross investment","A788RL1",39.5,-42.1,19,-36.8,31.9,-21,-13.1,6.5,-52.9,-16.1,23.5,-38.8,-19.4,53.1,-45.3,37.1,60.7,-16.3,-34.7,-3.5,51.4,12.8,15.8,0.3,-11.8,-24.9,108.1,3.1,-2.1,-18.9,25.9,-0.2,10.4,3.5,-9.9,-14.8,-6.8,28.3,3.8,30.7,-10.5,5.8,42,-9.8,25.3,-10.9,-4.1,24.2,1.6,28.8,11.2,13.6,-2.7,37.6,-1.4,29,5.6,21,16.7,22.9,3.3,11.2,1,47.1,0.4,37.3,21.3,1.5,-7.1,19,45.1,-7.8,1.5,19.5,11,-12.5,-19.1,-2.3,-3.7,-2.5,-4.5,-5.3,15.4,-15.7,4.6,4.9,-1.5,-3.1,-20.4,4.2,-11.9,-18.8,1.1,2.8,-1,-14.3,-21.7,-4,-12,6.3,-28.6,11.1,20.2,-24.8,0.6,0.9,-14.2,-1.4,16.4,0.8,-10.4,-19.3,-16.8,0.8,22.1,0.1,-20.3,10.8,21.1,-14.3,-12.8,19.4,13.1,-8.5,-2.5,0.2,5.6,-0.3,-0.1,19.1,10.3,7,6.4,28.7,20,3,7.4,17.7,7.2,8.2,6.3,11,21.6,-3.2,-1.3,12.9,8.3,-6,7.2,19,-7.6,14.9,-3.5,19.7,1.6,0.6,5.8,30.2,10.4,3.7,-15.7,15.6,4.5,-6.6,-4.6,9.8,3.3,4.4,-25.9,7,-5.1,0,-18.2,7.5,-3.6,-13.8,-18.6,-4.9,0.2,-6.9,-30,14,-3.2,3.3,-6.6
"65","57","    Nondefense","A825RL1",6.5,4.2,3.4,-13.4,4.5,11.5,-2.7,2.6,-1.6,23.3,15,-10.9,24.2,5.7,-2.1,-1.6,4.1,-2,1.1,-5.4,19.6,-13.7,29.1,9.1,-4.4,3.4,0.5,6.1,-0.6,-0.3,0.2,6.3,2.2,7.4,7,11,-0.1,10.5,2.6,6.8,-1.3,-0.8,1.6,-3.8,14.9,28.2,-14.9,-5.4,7.1,11.3,-9,-0.1,-7,-12.2,2.4,13.1,13.9,3.3,28.4,-49.8,10.4,35.2,0.2,3.4,7.6,5.8,5,-6.6,2.7,4,11.8,9.9,-7,-4.9,-13.4,24.5,-22.9,-6.8,2.4,20,6.1,9.4,1.4,6,16.3,5.9,5.6,-5.5,4,3.9,1.2,9.3,12.2,-0.3,2.6,9.1,-5.2,-2.7,-0.4,-1.1,-0.1,-6.4,3.3,7.7,-0.4,-2.2,1.5,-14.9,7.7,5,-2.4,1,7.9,4.1,2.6,-6.7,9.6,2.5,-13.6,19.4,3,-1.6,0.8,8.3,0.6,8.8,-4.8,-5.5,14.9,10,1.8,3.8,12,9.7,5.7,5.8,0.8,6.2,2.6,0.8,1.7,3.2,-2.8,6.8,0.1,-3.5,4.9,4.8,14,-6.7,4.3,-5.4,-0.6,2.4,4.8,5.2,6.2,6.8,2.3,10.6,7.8,7.6,0.2,3,14.8,12.3,-2.8,-1.2,-4.3,-6.9,-14,11.4,5.3,-0.4,0.4,0.6,-8.2,-5.8,-3.9,-8.6,6.6,-3.8,0.4,1.5,2
"66","58","      Consumption expenditures","A542RL1",15.9,8.8,13,-17.5,11.2,15.2,-0.9,3.4,0.7,35.1,18.9,-14.6,30.3,6.3,0.2,-2.7,0.3,-0.5,5.1,-5.4,30.3,-26.5,54.9,6.7,-5,5.4,-1.9,2.7,-0.7,-6.2,-0.7,8.4,2.6,6.1,1.9,15.9,-4.7,8.6,-5.7,14,-0.5,-2.1,0.1,1,14.3,43.6,-23.7,-4,9,19.9,-9,-1.1,-3.3,-14.6,7.5,22.4,14.8,6.3,38.1,-61.6,11,50.8,0.7,1.4,5.9,10.2,1.3,-9,2.1,7.7,16.5,8.2,-11.5,-13.2,-19.3,35.8,-26.8,-10.7,0.9,32.1,6,9,0.3,5.4,14.2,7.3,8.9,-7,1,-0.5,-0.4,5.7,16,0.8,3.3,7.9,-10.6,-1.7,0.6,2.6,5.6,-7,1.7,6.2,-2.5,0.2,1.1,-20.4,5.2,5.2,-3.7,5.4,9.2,5.7,3.3,-4.3,0.9,1.2,-18.7,29.7,0.1,-7.6,0.8,3.1,11.1,14.3,-7.4,-6.8,19.4,12.1,1.7,3.5,10.4,12.2,5.6,6.8,0.4,4.5,3.8,2.8,2.4,2.1,-3.2,8.9,0.6,-4.5,3,5.9,13.4,-6.8,4.7,-7.7,-0.3,1.9,4.9,6.5,8.2,6.7,1.2,12.5,10.2,9.7,-2.7,1.5,15.9,12.3,-4.5,-2,-6.6,-7.6,-17.3,17.4,7.4,-0.3,1.4,1.3,-7.6,-5.8,-3.7,-9.4,10.8,-3.7,0.9,0.3,2.6
"67","59","      Gross investment","A798RL1",-6,-2.5,-10.2,-6.3,-5.8,5.4,-5.7,1.1,-5.7,3.2,7.5,-2.9,12.4,4.6,-6.9,0.6,12.8,-5.2,-6.8,-5.5,-0.9,21.3,-12.4,14.6,-3.2,-1,6.3,14.1,-0.2,13.7,2.1,2.1,1.5,10.4,18.2,1.6,10,14.3,21,-5.7,-2.9,1.9,4.6,-12.6,16.1,1.4,6.6,-8.3,3.2,-4.8,-8.7,2.1,-14.5,-6.7,-8,-5.7,11.7,-3.8,6.5,-5.7,9.2,6.3,-1.1,8.1,11.5,-3.9,14.2,-0.9,4,-3.9,1.4,14,4.6,16.2,0.2,4,-14.3,1.7,5.5,-1.1,6.1,10.4,3.9,7.3,20.8,3.2,-1.1,-2.2,10.7,13.7,4.4,16.9,4.8,-2.4,1.3,11.7,6.9,-4.7,-2.5,-8.5,-11.5,-5.1,7,11.1,4.2,-7.3,2.2,-1.9,13.3,4.5,0.4,-7.7,5.2,0.6,1,-11.9,31.9,5.4,-1.9,0,9.7,12.6,0.9,19.9,-18.4,-2.5,1.4,-2.6,5.2,5.3,2.1,4.6,16.1,3.6,6,3.4,1.8,11,-0.3,-4.1,0,6.3,-1.6,1.6,-1.4,-0.8,10,1.9,15.5,-6.3,3.4,1.1,-1.5,3.8,4.4,1.5,0.8,7.1,5.6,5.4,1,1.6,9.6,7.5,11.6,12.1,2.5,1.1,2.6,-5.1,-4.3,-3.8,-0.5,-0.8,-2.7,-1.4,-9.9,-5.9,-4.7,-6,-5.3,-3.9,-1.1,5.4,0.3
"68","60","  State and local","A829RL1",3.7,3.4,1.1,-0.7,3.9,2.2,9.4,2.1,1.7,3,1.4,5.2,1.1,-0.7,3.2,5.6,1.8,0.7,4.3,5,5.2,5.1,-0.5,0.2,12.2,-2.9,5.1,5.3,4.5,-6.7,-2.6,-1.2,3.8,2.4,-0.4,0.6,0,12.4,4.7,3.9,-6.5,3.7,1.4,4.6,1.9,-5.1,-6,-1.9,3.2,-7.4,-1.1,3.1,-1.1,1.4,0,3,1.5,-0.8,3.5,0.2,5.1,5.4,7,4.1,5.1,7.4,6.5,3.1,7.6,4,3.7,1.4,2.1,1,1.4,5.5,4.4,5.1,1.9,4.9,3.2,4.5,3.9,5.5,6.3,0.8,2.8,4.7,0.6,1.7,2.4,2.8,5.1,-0.6,0.1,-0.3,1.3,3.3,2.1,1.9,1.6,4.6,4.7,1.5,3.2,3.2,0.4,2.1,-0.8,5.9,3.6,6.1,4.1,1.6,1.6,1.6,3.1,7.3,7.3,3.1,4.4,2.4,3.5,5,3.1,0.1,2.3,3,4.6,8.1,-2.2,7.4,3.9,0.9,1.4,0.4,-2.1,-1.5,1.4,-1.1,0.1,1.3,-1.8,-0.7,0,0.6,0.6,1.3,-0.8,2.7,1.4,1.7,1.9,1.6,0.1,1.3,-1.2,0.5,1.7,-0.1,3,3.6,0.1,-1.4,-7.1,-0.8,-3.1,-5,-5.3,-1.8,-1.4,-0.8,-2.6,0,-0.6,-0.8,0.3,2.7,1.1,0.6,-1.3,3.4,1.1,1.6,-1.8
"69","61","    Consumption expenditures","A991RL1",7.2,6,6.1,6.9,6.3,4.6,6.7,5.7,4.5,4,5.1,4.7,2.4,4,3.9,2.9,1.9,3.5,5.9,4.6,4.5,4,3.9,4.8,8,4.4,3.3,0.1,0.5,0.6,2.6,2.4,1.8,0.9,3,2,2.3,0.3,3,3.2,0.7,-2.6,-1.9,2.7,0.2,-0.8,-1.8,-1.7,-1.6,0.5,3,1.5,1.9,1.9,-0.2,1.2,3.8,-0.4,0.4,0.7,2.1,3.5,4.4,3.4,4.7,4.3,6.5,4.6,4.8,3.7,3.4,4.5,-0.3,1.5,0.2,5.3,5.3,2.8,3,3.4,4.4,3.5,3.7,3.6,3.6,2.4,3.2,2.2,2.1,2,1.6,1.8,3,2.2,2.9,1,2,0.8,2.2,1.7,4,3.5,2.7,1.6,3.3,2,1.7,2.1,-0.1,4.6,1.3,2.3,2.1,3,3.6,3.9,4.7,4.5,4,3,3.8,2.9,3.1,2.7,0.9,2,2.1,2.6,4,4.1,4.3,3.4,3.1,2.2,1.1,-0.3,-1.9,-1.2,-1.1,-0.4,0.6,0.9,0.1,0.9,0.4,0.3,1.4,0.2,-0.5,1,2,3.2,1.7,1.2,0,0.9,-1.1,-0.5,1.9,1.9,3.8,2.8,0.4,0.7,-6.2,-3.3,-3.9,-3.5,-3.8,-1.1,-1,-0.6,-0.8,0.3,1.2,0.8,1.6,1.6,1.3,1,0.8,1.2,0.9,1.1,0.7
"70","62","    Gross investment","A799RL1",-4.9,-3.1,-11.7,-20,-3.1,-5.1,18.2,-8.5,-6.9,-0.4,-10.2,6.7,-3.3,-15.9,0.9,16.3,1.6,-9.2,-1.5,6.6,7.7,8.6,-14.8,-14.7,28.5,-25.8,12.1,27.3,20.1,-29.4,-20.9,-15.3,13,8.9,-13.9,-5.4,-9.9,85.2,11.6,6.4,-31.3,34.4,14.9,12.1,8.5,-19.7,-20.6,-2.7,23.9,-32.8,-17,10.5,-13.3,-0.7,0.7,11.3,-8.4,-2.7,19.2,-2.2,20.1,14.2,18.9,7,7.2,22,6.3,-3,20.1,4.9,5.3,-10.8,13,-1.5,6.3,6.5,0.5,15.6,-2.5,11.5,-1.3,9,4.5,13.7,17.9,-5.6,0.8,15.6,-5.2,0.4,5.8,7.2,14.7,-11.5,-11.4,-5.9,-2.3,15.4,1.5,2.6,-8.8,9.8,14.8,1.3,2.6,8.7,-5.4,1.8,-3.7,12.1,14.5,24.4,12.8,-4,-6.5,-7.9,-3.7,20.8,22.7,3.6,7.3,0.4,5.1,14.8,12.5,-7.3,3.5,5,7,26.3,-25.1,26.6,7,-4.5,2.5,3.7,-3,-3,12.6,-3.8,-2.1,2.8,-9.4,-7.3,-1.9,2,-2.8,6,-2.3,10.4,-1.5,-4.5,2.6,3.6,0.2,2.8,-1.9,5.1,1,-7.8,0,7.3,-1.2,-10.1,-10.9,10.7,0.6,-11.5,-11.5,-4.8,-3.1,-2.1,-10.3,-1.6,-8.4,-8.1,-6,8.1,0.2,-1.1,-10.8,14.6,2.1,4.2,-13.3
"71",NA,NA,NA,NA,NA,NA,NA,NA,NA,NA,NA,NA,NA,NA,NA,NA,NA,NA,NA,NA,NA,NA,NA,NA,NA,NA,NA,NA,NA,NA,NA,NA,NA,NA,NA,NA,NA,NA,NA,NA,NA,NA,NA,NA,NA,NA,NA,NA,NA,NA,NA,NA,NA,NA,NA,NA,NA,NA,NA,NA,NA,NA,NA,NA,NA,NA,NA,NA,NA,NA,NA,NA,NA,NA,NA,NA,NA,NA,NA,NA,NA,NA,NA,NA,NA,NA,NA,NA,NA,NA,NA,NA,NA,NA,NA,NA,NA,NA,NA,NA,NA,NA,NA,NA,NA,NA,NA,NA,NA,NA,NA,NA,NA,NA,NA,NA,NA,NA,NA,NA,NA,NA,NA,NA,NA,NA,NA,NA,NA,NA,NA,NA,NA,NA,NA,NA,NA,NA,NA,NA,NA,NA,NA,NA,NA,NA,NA,NA,NA,NA,NA,NA,NA,NA,NA,NA,NA,NA,NA,NA,NA,NA,NA,NA,NA,NA,NA,NA,NA,NA,NA,NA,NA,NA,NA,NA,NA,NA,NA,NA,NA,NA,NA,NA,NA,NA,NA,NA
"72","1. Net expenses of NPISHs, defined as their gross operating expenses less primary",NA,NA,NA,NA,NA,NA,NA,NA,NA,NA,NA,NA,NA,NA,NA,NA,NA,NA,NA,NA,NA,NA,NA,NA,NA,NA,NA,NA,NA,NA,NA,NA,NA,NA,NA,NA,NA,NA,NA,NA,NA,NA,NA,NA,NA,NA,NA,NA,NA,NA,NA,NA,NA,NA,NA,NA,NA,NA,NA,NA,NA,NA,NA,NA,NA,NA,NA,NA,NA,NA,NA,NA,NA,NA,NA,NA,NA,NA,NA,NA,NA,NA,NA,NA,NA,NA,NA,NA,NA,NA,NA,NA,NA,NA,NA,NA,NA,NA,NA,NA,NA,NA,NA,NA,NA,NA,NA,NA,NA,NA,NA,NA,NA,NA,NA,NA,NA,NA,NA,NA,NA,NA,NA,NA,NA,NA,NA,NA,NA,NA,NA,NA,NA,NA,NA,NA,NA,NA,NA,NA,NA,NA,NA,NA,NA,NA,NA,NA,NA,NA,NA,NA,NA,NA,NA,NA,NA,NA,NA,NA,NA,NA,NA,NA,NA,NA,NA,NA,NA,NA,NA,NA,NA,NA,NA,NA,NA,NA,NA,NA,NA,NA,NA,NA,NA,NA,NA
"73","sales to households.",NA,NA,NA,NA,NA,NA,NA,NA,NA,NA,NA,NA,NA,NA,NA,NA,NA,NA,NA,NA,NA,NA,NA,NA,NA,NA,NA,NA,NA,NA,NA,NA,NA,NA,NA,NA,NA,NA,NA,NA,NA,NA,NA,NA,NA,NA,NA,NA,NA,NA,NA,NA,NA,NA,NA,NA,NA,NA,NA,NA,NA,NA,NA,NA,NA,NA,NA,NA,NA,NA,NA,NA,NA,NA,NA,NA,NA,NA,NA,NA,NA,NA,NA,NA,NA,NA,NA,NA,NA,NA,NA,NA,NA,NA,NA,NA,NA,NA,NA,NA,NA,NA,NA,NA,NA,NA,NA,NA,NA,NA,NA,NA,NA,NA,NA,NA,NA,NA,NA,NA,NA,NA,NA,NA,NA,NA,NA,NA,NA,NA,NA,NA,NA,NA,NA,NA,NA,NA,NA,NA,NA,NA,NA,NA,NA,NA,NA,NA,NA,NA,NA,NA,NA,NA,NA,NA,NA,NA,NA,NA,NA,NA,NA,NA,NA,NA,NA,NA,NA,NA,NA,NA,NA,NA,NA,NA,NA,NA,NA,NA,NA,NA,NA,NA,NA,NA,NA
"74","2. Gross output is net of unrelated sales, secondary sales, and sales to business,",NA,NA,NA,NA,NA,NA,NA,NA,NA,NA,NA,NA,NA,NA,NA,NA,NA,NA,NA,NA,NA,NA,NA,NA,NA,NA,NA,NA,NA,NA,NA,NA,NA,NA,NA,NA,NA,NA,NA,NA,NA,NA,NA,NA,NA,NA,NA,NA,NA,NA,NA,NA,NA,NA,NA,NA,NA,NA,NA,NA,NA,NA,NA,NA,NA,NA,NA,NA,NA,NA,NA,NA,NA,NA,NA,NA,NA,NA,NA,NA,NA,NA,NA,NA,NA,NA,NA,NA,NA,NA,NA,NA,NA,NA,NA,NA,NA,NA,NA,NA,NA,NA,NA,NA,NA,NA,NA,NA,NA,NA,NA,NA,NA,NA,NA,NA,NA,NA,NA,NA,NA,NA,NA,NA,NA,NA,NA,NA,NA,NA,NA,NA,NA,NA,NA,NA,NA,NA,NA,NA,NA,NA,NA,NA,NA,NA,NA,NA,NA,NA,NA,NA,NA,NA,NA,NA,NA,NA,NA,NA,NA,NA,NA,NA,NA,NA,NA,NA,NA,NA,NA,NA,NA,NA,NA,NA,NA,NA,NA,NA,NA,NA,NA,NA,NA,NA,NA
"75","to government, and to the rest of the world; excludes own-account investment",NA,NA,NA,NA,NA,NA,NA,NA,NA,NA,NA,NA,NA,NA,NA,NA,NA,NA,NA,NA,NA,NA,NA,NA,NA,NA,NA,NA,NA,NA,NA,NA,NA,NA,NA,NA,NA,NA,NA,NA,NA,NA,NA,NA,NA,NA,NA,NA,NA,NA,NA,NA,NA,NA,NA,NA,NA,NA,NA,NA,NA,NA,NA,NA,NA,NA,NA,NA,NA,NA,NA,NA,NA,NA,NA,NA,NA,NA,NA,NA,NA,NA,NA,NA,NA,NA,NA,NA,NA,NA,NA,NA,NA,NA,NA,NA,NA,NA,NA,NA,NA,NA,NA,NA,NA,NA,NA,NA,NA,NA,NA,NA,NA,NA,NA,NA,NA,NA,NA,NA,NA,NA,NA,NA,NA,NA,NA,NA,NA,NA,NA,NA,NA,NA,NA,NA,NA,NA,NA,NA,NA,NA,NA,NA,NA,NA,NA,NA,NA,NA,NA,NA,NA,NA,NA,NA,NA,NA,NA,NA,NA,NA,NA,NA,NA,NA,NA,NA,NA,NA,NA,NA,NA,NA,NA,NA,NA,NA,NA,NA,NA,NA,NA,NA,NA,NA,NA
"76","(construction and software).",NA,NA,NA,NA,NA,NA,NA,NA,NA,NA,NA,NA,NA,NA,NA,NA,NA,NA,NA,NA,NA,NA,NA,NA,NA,NA,NA,NA,NA,NA,NA,NA,NA,NA,NA,NA,NA,NA,NA,NA,NA,NA,NA,NA,NA,NA,NA,NA,NA,NA,NA,NA,NA,NA,NA,NA,NA,NA,NA,NA,NA,NA,NA,NA,NA,NA,NA,NA,NA,NA,NA,NA,NA,NA,NA,NA,NA,NA,NA,NA,NA,NA,NA,NA,NA,NA,NA,NA,NA,NA,NA,NA,NA,NA,NA,NA,NA,NA,NA,NA,NA,NA,NA,NA,NA,NA,NA,NA,NA,NA,NA,NA,NA,NA,NA,NA,NA,NA,NA,NA,NA,NA,NA,NA,NA,NA,NA,NA,NA,NA,NA,NA,NA,NA,NA,NA,NA,NA,NA,NA,NA,NA,NA,NA,NA,NA,NA,NA,NA,NA,NA,NA,NA,NA,NA,NA,NA,NA,NA,NA,NA,NA,NA,NA,NA,NA,NA,NA,NA,NA,NA,NA,NA,NA,NA,NA,NA,NA,NA,NA,NA,NA,NA,NA,NA,NA,NA
"77","3. Excludes unrelated sales, secondary sales, and sales to business, to government,",NA,NA,NA,NA,NA,NA,NA,NA,NA,NA,NA,NA,NA,NA,NA,NA,NA,NA,NA,NA,NA,NA,NA,NA,NA,NA,NA,NA,NA,NA,NA,NA,NA,NA,NA,NA,NA,NA,NA,NA,NA,NA,NA,NA,NA,NA,NA,NA,NA,NA,NA,NA,NA,NA,NA,NA,NA,NA,NA,NA,NA,NA,NA,NA,NA,NA,NA,NA,NA,NA,NA,NA,NA,NA,NA,NA,NA,NA,NA,NA,NA,NA,NA,NA,NA,NA,NA,NA,NA,NA,NA,NA,NA,NA,NA,NA,NA,NA,NA,NA,NA,NA,NA,NA,NA,NA,NA,NA,NA,NA,NA,NA,NA,NA,NA,NA,NA,NA,NA,NA,NA,NA,NA,NA,NA,NA,NA,NA,NA,NA,NA,NA,NA,NA,NA,NA,NA,NA,NA,NA,NA,NA,NA,NA,NA,NA,NA,NA,NA,NA,NA,NA,NA,NA,NA,NA,NA,NA,NA,NA,NA,NA,NA,NA,NA,NA,NA,NA,NA,NA,NA,NA,NA,NA,NA,NA,NA,NA,NA,NA,NA,NA,NA,NA,NA,NA,NA
"78","and to the rest of the world; includes membership dues and fees.",NA,NA,NA,NA,NA,NA,NA,NA,NA,NA,NA,NA,NA,NA,NA,NA,NA,NA,NA,NA,NA,NA,NA,NA,NA,NA,NA,NA,NA,NA,NA,NA,NA,NA,NA,NA,NA,NA,NA,NA,NA,NA,NA,NA,NA,NA,NA,NA,NA,NA,NA,NA,NA,NA,NA,NA,NA,NA,NA,NA,NA,NA,NA,NA,NA,NA,NA,NA,NA,NA,NA,NA,NA,NA,NA,NA,NA,NA,NA,NA,NA,NA,NA,NA,NA,NA,NA,NA,NA,NA,NA,NA,NA,NA,NA,NA,NA,NA,NA,NA,NA,NA,NA,NA,NA,NA,NA,NA,NA,NA,NA,NA,NA,NA,NA,NA,NA,NA,NA,NA,NA,NA,NA,NA,NA,NA,NA,NA,NA,NA,NA,NA,NA,NA,NA,NA,NA,NA,NA,NA,NA,NA,NA,NA,NA,NA,NA,NA,NA,NA,NA,NA,NA,NA,NA,NA,NA,NA,NA,NA,NA,NA,NA,NA,NA,NA,NA,NA,NA,NA,NA,NA,NA,NA,NA,NA,NA,NA,NA,NA,NA,NA,NA,NA,NA,NA,NA
"79","4. Excludes software ""embedded,"" or bundled, in computers and other equipment.",NA,NA,NA,NA,NA,NA,NA,NA,NA,NA,NA,NA,NA,NA,NA,NA,NA,NA,NA,NA,NA,NA,NA,NA,NA,NA,NA,NA,NA,NA,NA,NA,NA,NA,NA,NA,NA,NA,NA,NA,NA,NA,NA,NA,NA,NA,NA,NA,NA,NA,NA,NA,NA,NA,NA,NA,NA,NA,NA,NA,NA,NA,NA,NA,NA,NA,NA,NA,NA,NA,NA,NA,NA,NA,NA,NA,NA,NA,NA,NA,NA,NA,NA,NA,NA,NA,NA,NA,NA,NA,NA,NA,NA,NA,NA,NA,NA,NA,NA,NA,NA,NA,NA,NA,NA,NA,NA,NA,NA,NA,NA,NA,NA,NA,NA,NA,NA,NA,NA,NA,NA,NA,NA,NA,NA,NA,NA,NA,NA,NA,NA,NA,NA,NA,NA,NA,NA,NA,NA,NA,NA,NA,NA,NA,NA,NA,NA,NA,NA,NA,NA,NA,NA,NA,NA,NA,NA,NA,NA,NA,NA,NA,NA,NA,NA,NA,NA,NA,NA,NA,NA,NA,NA,NA,NA,NA,NA,NA,NA,NA,NA,NA,NA,NA,NA,NA,NA
"80","5. Research and development investment excludes expenditures for software development.",NA,NA,NA,NA,NA,NA,NA,NA,NA,NA,NA,NA,NA,NA,NA,NA,NA,NA,NA,NA,NA,NA,NA,NA,NA,NA,NA,NA,NA,NA,NA,NA,NA,NA,NA,NA,NA,NA,NA,NA,NA,NA,NA,NA,NA,NA,NA,NA,NA,NA,NA,NA,NA,NA,NA,NA,NA,NA,NA,NA,NA,NA,NA,NA,NA,NA,NA,NA,NA,NA,NA,NA,NA,NA,NA,NA,NA,NA,NA,NA,NA,NA,NA,NA,NA,NA,NA,NA,NA,NA,NA,NA,NA,NA,NA,NA,NA,NA,NA,NA,NA,NA,NA,NA,NA,NA,NA,NA,NA,NA,NA,NA,NA,NA,NA,NA,NA,NA,NA,NA,NA,NA,NA,NA,NA,NA,NA,NA,NA,NA,NA,NA,NA,NA,NA,NA,NA,NA,NA,NA,NA,NA,NA,NA,NA,NA,NA,NA,NA,NA,NA,NA,NA,NA,NA,NA,NA,NA,NA,NA,NA,NA,NA,NA,NA,NA,NA,NA,NA,NA,NA,NA,NA,NA,NA,NA,NA,NA,NA,NA,NA,NA,NA,NA,NA,NA,NA
"81","Software development expenditures are included in software investment on line 38.",NA,NA,NA,NA,NA,NA,NA,NA,NA,NA,NA,NA,NA,NA,NA,NA,NA,NA,NA,NA,NA,NA,NA,NA,NA,NA,NA,NA,NA,NA,NA,NA,NA,NA,NA,NA,NA,NA,NA,NA,NA,NA,NA,NA,NA,NA,NA,NA,NA,NA,NA,NA,NA,NA,NA,NA,NA,NA,NA,NA,NA,NA,NA,NA,NA,NA,NA,NA,NA,NA,NA,NA,NA,NA,NA,NA,NA,NA,NA,NA,NA,NA,NA,NA,NA,NA,NA,NA,NA,NA,NA,NA,NA,NA,NA,NA,NA,NA,NA,NA,NA,NA,NA,NA,NA,NA,NA,NA,NA,NA,NA,NA,NA,NA,NA,NA,NA,NA,NA,NA,NA,NA,NA,NA,NA,NA,NA,NA,NA,NA,NA,NA,NA,NA,NA,NA,NA,NA,NA,NA,NA,NA,NA,NA,NA,NA,NA,NA,NA,NA,NA,NA,NA,NA,NA,NA,NA,NA,NA,NA,NA,NA,NA,NA,NA,NA,NA,NA,NA,NA,NA,NA,NA,NA,NA,NA,NA,NA,NA,NA,NA,NA,NA,NA,NA,NA,NA
