"","Table 3#1# Government Current Receipts and Expenditures         ","F2","F3","F4","F5","F6","F7","F8","F9","F10","F11","F12","F13","F14","F15","F16","F17","F18","F19","F20","F21","F22","F23","F24","F25","F26","F27","F28","F29","F30","F31","F32","F33","F34","F35","F36","F37","F38","F39","F40","F41","F42","F43","F44","F45","F46","F47","F48","F49","F50","F51","F52","F53","F54","F55","F56","F57","F58","F59","F60","F61","F62","F63","F64","F65","F66","F67","F68","F69","F70","F71","F72","F73","F74","F75","F76","F77","F78","F79","F80","F81","F82","F83","F84","F85","F86","F87","F88","F89","F90","F91","F92","F93","F94","F95","F96","F97","F98","F99","F100","F101","F102","F103","F104","F105","F106","F107","F108","F109","F110","F111","F112","F113","F114","F115","F116","F117","F118","F119","F120","F121","F122","F123","F124","F125","F126","F127","F128","F129","F130","F131","F132","F133","F134","F135","F136","F137","F138","F139","F140","F141","F142","F143","F144","F145","F146","F147","F148","F149","F150","F151","F152","F153","F154","F155","F156","F157","F158","F159","F160","F161","F162","F163","F164","F165","F166","F167","F168","F169","F170","F171","F172","F173","F174","F175","F176","F177","F178","F179","F180","F181","F182","F183","F184","F185","F186","F187","F188","F189","F190","F191","F192","F193","F194","F195","F196","F197","F198","F199","F200","F201","F202","F203","F204","F205","F206","F207","F208","F209","F210","F211","F212","F213","F214","F215","F216","F217","F218","F219","F220","F221","F222","F223","F224","F225","F226","F227","F228","F229","F230","F231","F232","F233","F234"
"1","[Billions of dollars]; Seasonally adjusted at annual rates                                                                 ",NA,NA,NA,NA,NA,NA,NA,NA,NA,NA,NA,NA,NA,NA,NA,NA,NA,NA,NA,NA,NA,NA,NA,NA,NA,NA,NA,NA,NA,NA,NA,NA,NA,NA,NA,NA,NA,NA,NA,NA,NA,NA,NA,NA,NA,NA,NA,NA,NA,NA,NA,NA,NA,NA,NA,NA,NA,NA,NA,NA,NA,NA,NA,NA,NA,NA,NA,NA,NA,NA,NA,NA,NA,NA,NA,NA,NA,NA,NA,NA,NA,NA,NA,NA,NA,NA,NA,NA,NA,NA,NA,NA,NA,NA,NA,NA,NA,NA,NA,NA,NA,NA,NA,NA,NA,NA,NA,NA,NA,NA,NA,NA,NA,NA,NA,NA,NA,NA,NA,NA,NA,NA,NA,NA,NA,NA,NA,NA,NA,NA,NA,NA,NA,NA,NA,NA,NA,NA,NA,NA,NA,NA,NA,NA,NA,NA,NA,NA,NA,NA,NA,NA,NA,NA,NA,NA,NA,NA,NA,NA,NA,NA,NA,NA,NA,NA,NA,NA,NA,NA,NA,NA,NA,NA,NA,NA,NA,NA,NA,NA,NA,NA,NA,NA,NA,NA,NA,NA,NA,NA,NA,NA,NA,NA,NA,NA,NA,NA,NA,NA,NA,NA,NA,NA,NA,NA,NA,NA,NA,NA,NA,NA,NA,NA,NA,NA,NA,NA,NA,NA,NA,NA,NA,NA,NA,NA,NA,NA,NA,NA,NA,NA,NA
"2","Quarterly data from 1947 To 2004",NA,NA,NA,NA,NA,NA,NA,NA,NA,NA,NA,NA,NA,NA,NA,NA,NA,NA,NA,NA,NA,NA,NA,NA,NA,NA,NA,NA,NA,NA,NA,NA,NA,NA,NA,NA,NA,NA,NA,NA,NA,NA,NA,NA,NA,NA,NA,NA,NA,NA,NA,NA,NA,NA,NA,NA,NA,NA,NA,NA,NA,NA,NA,NA,NA,NA,NA,NA,NA,NA,NA,NA,NA,NA,NA,NA,NA,NA,NA,NA,NA,NA,NA,NA,NA,NA,NA,NA,NA,NA,NA,NA,NA,NA,NA,NA,NA,NA,NA,NA,NA,NA,NA,NA,NA,NA,NA,NA,NA,NA,NA,NA,NA,NA,NA,NA,NA,NA,NA,NA,NA,NA,NA,NA,NA,NA,NA,NA,NA,NA,NA,NA,NA,NA,NA,NA,NA,NA,NA,NA,NA,NA,NA,NA,NA,NA,NA,NA,NA,NA,NA,NA,NA,NA,NA,NA,NA,NA,NA,NA,NA,NA,NA,NA,NA,NA,NA,NA,NA,NA,NA,NA,NA,NA,NA,NA,NA,NA,NA,NA,NA,NA,NA,NA,NA,NA,NA,NA,NA,NA,NA,NA,NA,NA,NA,NA,NA,NA,NA,NA,NA,NA,NA,NA,NA,NA,NA,NA,NA,NA,NA,NA,NA,NA,NA,NA,NA,NA,NA,NA,NA,NA,NA,NA,NA,NA,NA,NA,NA,NA,NA,NA,NA
"3","Bureau of Economic Analysis",NA,NA,NA,NA,NA,NA,NA,NA,NA,NA,NA,NA,NA,NA,NA,NA,NA,NA,NA,NA,NA,NA,NA,NA,NA,NA,NA,NA,NA,NA,NA,NA,NA,NA,NA,NA,NA,NA,NA,NA,NA,NA,NA,NA,NA,NA,NA,NA,NA,NA,NA,NA,NA,NA,NA,NA,NA,NA,NA,NA,NA,NA,NA,NA,NA,NA,NA,NA,NA,NA,NA,NA,NA,NA,NA,NA,NA,NA,NA,NA,NA,NA,NA,NA,NA,NA,NA,NA,NA,NA,NA,NA,NA,NA,NA,NA,NA,NA,NA,NA,NA,NA,NA,NA,NA,NA,NA,NA,NA,NA,NA,NA,NA,NA,NA,NA,NA,NA,NA,NA,NA,NA,NA,NA,NA,NA,NA,NA,NA,NA,NA,NA,NA,NA,NA,NA,NA,NA,NA,NA,NA,NA,NA,NA,NA,NA,NA,NA,NA,NA,NA,NA,NA,NA,NA,NA,NA,NA,NA,NA,NA,NA,NA,NA,NA,NA,NA,NA,NA,NA,NA,NA,NA,NA,NA,NA,NA,NA,NA,NA,NA,NA,NA,NA,NA,NA,NA,NA,NA,NA,NA,NA,NA,NA,NA,NA,NA,NA,NA,NA,NA,NA,NA,NA,NA,NA,NA,NA,NA,NA,NA,NA,NA,NA,NA,NA,NA,NA,NA,NA,NA,NA,NA,NA,NA,NA,NA,NA,NA,NA,NA,NA,NA
"4","Data published December 22, 2004 ",NA,NA,NA,NA,NA,NA,NA,NA,NA,NA,NA,NA,NA,NA,NA,NA,NA,NA,NA,NA,NA,NA,NA,NA,NA,NA,NA,NA,NA,NA,NA,NA,NA,NA,NA,NA,NA,NA,NA,NA,NA,NA,NA,NA,NA,NA,NA,NA,NA,NA,NA,NA,NA,NA,NA,NA,NA,NA,NA,NA,NA,NA,NA,NA,NA,NA,NA,NA,NA,NA,NA,NA,NA,NA,NA,NA,NA,NA,NA,NA,NA,NA,NA,NA,NA,NA,NA,NA,NA,NA,NA,NA,NA,NA,NA,NA,NA,NA,NA,NA,NA,NA,NA,NA,NA,NA,NA,NA,NA,NA,NA,NA,NA,NA,NA,NA,NA,NA,NA,NA,NA,NA,NA,NA,NA,NA,NA,NA,NA,NA,NA,NA,NA,NA,NA,NA,NA,NA,NA,NA,NA,NA,NA,NA,NA,NA,NA,NA,NA,NA,NA,NA,NA,NA,NA,NA,NA,NA,NA,NA,NA,NA,NA,NA,NA,NA,NA,NA,NA,NA,NA,NA,NA,NA,NA,NA,NA,NA,NA,NA,NA,NA,NA,NA,NA,NA,NA,NA,NA,NA,NA,NA,NA,NA,NA,NA,NA,NA,NA,NA,NA,NA,NA,NA,NA,NA,NA,NA,NA,NA,NA,NA,NA,NA,NA,NA,NA,NA,NA,NA,NA,NA,NA,NA,NA,NA,NA,NA,NA,NA,NA,NA,NA
"5","File created 12/20/2004 4:55:45 PM",NA,NA,NA,NA,NA,NA,NA,NA,NA,NA,NA,NA,NA,NA,NA,NA,NA,NA,NA,NA,NA,NA,NA,NA,NA,NA,NA,NA,NA,NA,NA,NA,NA,NA,NA,NA,NA,NA,NA,NA,NA,NA,NA,NA,NA,NA,NA,NA,NA,NA,NA,NA,NA,NA,NA,NA,NA,NA,NA,NA,NA,NA,NA,NA,NA,NA,NA,NA,NA,NA,NA,NA,NA,NA,NA,NA,NA,NA,NA,NA,NA,NA,NA,NA,NA,NA,NA,NA,NA,NA,NA,NA,NA,NA,NA,NA,NA,NA,NA,NA,NA,NA,NA,NA,NA,NA,NA,NA,NA,NA,NA,NA,NA,NA,NA,NA,NA,NA,NA,NA,NA,NA,NA,NA,NA,NA,NA,NA,NA,NA,NA,NA,NA,NA,NA,NA,NA,NA,NA,NA,NA,NA,NA,NA,NA,NA,NA,NA,NA,NA,NA,NA,NA,NA,NA,NA,NA,NA,NA,NA,NA,NA,NA,NA,NA,NA,NA,NA,NA,NA,NA,NA,NA,NA,NA,NA,NA,NA,NA,NA,NA,NA,NA,NA,NA,NA,NA,NA,NA,NA,NA,NA,NA,NA,NA,NA,NA,NA,NA,NA,NA,NA,NA,NA,NA,NA,NA,NA,NA,NA,NA,NA,NA,NA,NA,NA,NA,NA,NA,NA,NA,NA,NA,NA,NA,NA,NA,NA,NA,NA,NA,NA,NA
"6",NA,NA,NA,NA,NA,NA,NA,NA,NA,NA,NA,NA,NA,NA,NA,NA,NA,NA,NA,NA,NA,NA,NA,NA,NA,NA,NA,NA,NA,NA,NA,NA,NA,NA,NA,NA,NA,NA,NA,NA,NA,NA,NA,NA,NA,NA,NA,NA,NA,NA,NA,NA,NA,NA,NA,NA,NA,NA,NA,NA,NA,NA,NA,NA,NA,NA,NA,NA,NA,NA,NA,NA,NA,NA,NA,NA,NA,NA,NA,NA,NA,NA,NA,NA,NA,NA,NA,NA,NA,NA,NA,NA,NA,NA,NA,NA,NA,NA,NA,NA,NA,NA,NA,NA,NA,NA,NA,NA,NA,NA,NA,NA,NA,NA,NA,NA,NA,NA,NA,NA,NA,NA,NA,NA,NA,NA,NA,NA,NA,NA,NA,NA,NA,NA,NA,NA,NA,NA,NA,NA,NA,NA,NA,NA,NA,NA,NA,NA,NA,NA,NA,NA,NA,NA,NA,NA,NA,NA,NA,NA,NA,NA,NA,NA,NA,NA,NA,NA,NA,NA,NA,NA,NA,NA,NA,NA,NA,NA,NA,NA,NA,NA,NA,NA,NA,NA,NA,NA,NA,NA,NA,NA,NA,NA,NA,NA,NA,NA,NA,NA,NA,NA,NA,NA,NA,NA,NA,NA,NA,NA,NA,NA,NA,NA,NA,NA,NA,NA,NA,NA,NA,NA,NA,NA,NA,NA,NA,NA,NA,NA,NA,NA,NA,NA
"7","Line",NA,NA,1947,1947,1947,1947,1948,1948,1948,1948,1949,1949,1949,1949,1950,1950,1950,1950,1951,1951,1951,1951,1952,1952,1952,1952,1953,1953,1953,1953,1954,1954,1954,1954,1955,1955,1955,1955,1956,1956,1956,1956,1957,1957,1957,1957,1958,1958,1958,1958,1959,1959,1959,1959,1960,1960,1960,1960,1961,1961,1961,1961,1962,1962,1962,1962,1963,1963,1963,1963,1964,1964,1964,1964,1965,1965,1965,1965,1966,1966,1966,1966,1967,1967,1967,1967,1968,1968,1968,1968,1969,1969,1969,1969,1970,1970,1970,1970,1971,1971,1971,1971,1972,1972,1972,1972,1973,1973,1973,1973,1974,1974,1974,1974,1975,1975,1975,1975,1976,1976,1976,1976,1977,1977,1977,1977,1978,1978,1978,1978,1979,1979,1979,1979,1980,1980,1980,1980,1981,1981,1981,1981,1982,1982,1982,1982,1983,1983,1983,1983,1984,1984,1984,1984,1985,1985,1985,1985,1986,1986,1986,1986,1987,1987,1987,1987,1988,1988,1988,1988,1989,1989,1989,1989,1990,1990,1990,1990,1991,1991,1991,1991,1992,1992,1992,1992,1993,1993,1993,1993,1994,1994,1994,1994,1995,1995,1995,1995,1996,1996,1996,1996,1997,1997,1997,1997,1998,1998,1998,1998,1999,1999,1999,1999,2000,2000,2000,2000,2001,2001,2001,2001,2002,2002,2002,2002,2003,2003,2003,2003,2004,2004,2004
"8",NA,NA,NA,1,2,3,4,1,2,3,4,1,2,3,4,1,2,3,4,1,2,3,4,1,2,3,4,1,2,3,4,1,2,3,4,1,2,3,4,1,2,3,4,1,2,3,4,1,2,3,4,1,2,3,4,1,2,3,4,1,2,3,4,1,2,3,4,1,2,3,4,1,2,3,4,1,2,3,4,1,2,3,4,1,2,3,4,1,2,3,4,1,2,3,4,1,2,3,4,1,2,3,4,1,2,3,4,1,2,3,4,1,2,3,4,1,2,3,4,1,2,3,4,1,2,3,4,1,2,3,4,1,2,3,4,1,2,3,4,1,2,3,4,1,2,3,4,1,2,3,4,1,2,3,4,1,2,3,4,1,2,3,4,1,2,3,4,1,2,3,4,1,2,3,4,1,2,3,4,1,2,3,4,1,2,3,4,1,2,3,4,1,2,3,4,1,2,3,4,1,2,3,4,1,2,3,4,1,2,3,4,1,2,3,4,1,2,3,4,1,2,3,4,1,2,3,4,1,2,3,4,1,2,3
"9","1","    Current receipts","W021RC1",55.4,54.8,54.4,57,57.9,56.7,56.2,56.2,55.2,53.5,53.3,52.3,57.9,62.5,69.5,74.4,83.3,80.3,79.9,84.1,84.7,85.2,86.1,89.8,91.9,92.5,92,86.8,84.5,84.9,85.9,88.4,93.1,95.5,97.9,100.2,101.6,103.6,104,107.4,110.4,110.3,110.6,107.9,104.8,105.1,109.1,113.6,119.7,123.9,123.4,124.8,135,134.5,134.5,133.6,134.4,137.2,140,144.5,146.8,149.1,152.2,154.1,157.9,161.1,163.6,166,165.9,163.3,167.3,169.9,177,180.1,179.6,184.5,195.3,201.3,205.3,209.3,211.3,213.5,219.5,226.3,238.4,245.2,258.8,265.7,277.9,283.4,284.3,288.1,284.8,287.8,286.7,287.5,295.4,301.4,305.1,311.7,335.6,343,348.6,360,379,385.3,392,403.6,413,428,443.6,440.7,435.9,406.9,455.9,467.9,489.2,499.8,511.1,521.9,542.4,561.6,573.4,589.7,603,640.6,656.7,681.9,703.5,718.1,737.6,753.8,775.9,773,801.7,841.2,895.7,909.6,934.1,929.3,928.4,941.5,938,946.2,959.1,998.6,1005.7,1034.1,1082.4,1105.9,1118.3,1143.4,1207.2,1180,1226.1,1240.7,1267.1,1268.4,1292.1,1329.4,1331,1419.2,1416.3,1446.5,1466.9,1486,1511.6,1544.2,1606.6,1622.1,1631.6,1644.9,1672.4,1696.1,1724.9,1737.9,1727.2,1746.5,1770.5,1791.3,1807.9,1840.2,1837,1889.8,1880.7,1934.7,1955,2012.9,2022.1,2086.6,2108.4,2138.7,2169.7,2201.6,2227.7,2251.5,2306.2,2366.5,2385.4,2446.4,2481.2,2524.9,2580.9,2620.7,2661.1,2700.5,2744.7,2790.5,2821.8,2862.8,2912.2,2983.3,3091.1,3121.1,3142.3,3149.3,3189.9,3199.6,2977.4,3085.5,2933.7,2950.5,2966.5,2968.3,3012,3042,2984.8,3089.2,3120,3181.1,3189.3
"10","2","Current tax receipts","W054RC1",48.4,48.2,48.5,51.6,52.3,51.4,50.8,50.9,49.2,47.5,47.7,46.9,51.8,56.4,63.2,67.8,75.8,72.7,72.4,76.5,76.8,77.4,78.2,81.8,83.8,84.4,83.8,78.7,75.3,75.7,76.7,79.1,83,85.3,87.5,89.8,90.5,92.3,92.7,95.9,97.6,97.4,97.7,95.1,91.9,92.3,96.2,100.6,104.1,108,107.5,108.7,114.1,113.5,113.5,112.7,113,115.5,118.1,122,122.7,124.6,127.6,129.4,130.8,133.6,135.6,137.6,137.4,134.5,138.1,140.2,146.8,149.3,148.7,153.3,157.1,162.7,165.6,168.8,169.3,170,175.1,181,190.8,196.7,209.4,215.8,224.9,229.2,228.7,231.4,227.6,230.8,228.9,229.9,233.8,238.3,241.9,247.6,264.8,270.9,275.2,284.8,290.6,295.5,301,310.6,312.9,324.9,339.1,336.1,330.4,300.9,348.2,358.2,370,379.1,388.5,397.7,411.6,427.3,436.3,449.5,451,482.3,493.4,513.4,519.7,530.8,545.4,557.1,570.2,565.3,588.8,619.5,651.4,658.9,678.5,666.6,653.8,663.8,658.2,663.8,663.5,697.7,699,717.7,744.5,758.9,765.2,783.6,830.6,790.1,834.7,841.9,848.2,853.7,871.4,903.4,899.4,983.8,978.1,1003.1,995.4,1007.9,1026.2,1048.2,1098.8,1109.1,1110.2,1120.7,1136.8,1157,1177,1176.8,1156,1170.8,1188.2,1206.4,1210.3,1239.2,1231.8,1279.4,1263.3,1308.1,1325.1,1376.2,1370.8,1426.3,1441.5,1465.9,1483.3,1509.6,1529.8,1546.1,1592,1642.1,1649.9,1684.1,1724.3,1758.7,1802.8,1836.3,1865.5,1896.7,1930,1954.8,1976.1,2010.6,2051.3,2106.7,2182.2,2207.8,2218,2219.2,2242.1,2253.5,2031.9,2144.4,1979.8,1993.8,2003.9,2004.5,2030.8,2049.4,1981.2,2073.7,2084.9,2134.6,2137.7
"11","3","  Personal current taxes","W055RC1",19.2,19.5,19.7,20.8,21.2,18.9,18.2,18.4,17.8,17,16.3,15.8,16.6,17.6,18.9,22.5,24.4,26.4,27.8,29.6,30.9,31.8,32.3,33.1,33.4,33.4,33.2,32.9,30.2,30,30,30.5,31.4,32.4,33.4,34.2,35.4,36.2,36.9,37.9,38.6,39,39.2,38.8,38.2,37.7,38.9,39.4,40.8,42,42.7,43.7,45.3,46,46.5,46.4,46.5,46.9,47.4,48.1,49.4,50.9,52.3,53.6,54.1,54.3,54.6,55.2,53.8,49.7,51.6,53.2,57,58.4,57,58.3,61.5,65.6,67.9,70.6,71.2,70.9,73.8,75.9,78.6,81.7,91.9,95.9,102.6,105.7,104.1,105.6,104.6,105.5,100.7,101.5,98.3,100.7,102.3,105.5,119.8,123.4,124.3,127.1,126.4,129.2,134.1,140,142.8,148.9,154.9,157.6,158,121.1,152.8,158.5,162.1,169,175.8,182.4,188.4,195.3,198.2,208.1,211.7,222.8,236,247,253.4,261.8,274.6,285,284.2,291.6,301.6,318.2,330.3,342.1,356.3,352.1,351.9,359.1,349.5,356,350.3,359,344.9,355.1,360.7,370,383.6,395.5,431.8,388.1,421.1,428.5,425.8,428.9,438.9,455.5,450.3,511.2,488.5,506.5,501.1,496.9,505.7,516.3,551.3,565.1,570,578.2,580.6,592.7,598.8,598.9,578.5,583.7,588,596.4,586.6,604.9,613.9,636.9,617.9,641.2,655.3,672.1,670.2,695.6,693.5,703.4,721.4,742.9,747.5,764.4,796.6,833.9,838.5,859.4,895.7,910.4,935.9,963.3,991.2,1018.3,1037.7,1061,1071.7,1090.2,1115.5,1152.5,1207,1231.1,1248,1256.6,1296.6,1312.3,1110.3,1230,1065.8,1052.1,1046.7,1040.3,1025.7,1030.7,941.7,1009.4,1006.6,1030.6,1043.7
"12","4","  Taxes on production and imports","W056RC1",17.7,17.7,18,19,19,19.7,20,20.3,20.4,20.8,21.3,21.2,21.6,22.5,24.4,23.4,25.1,24.1,24.5,25.3,26.1,26.9,27.3,28.2,28.8,29.2,29.3,29.2,28.7,28.8,28.8,29.3,30.3,31.2,32,32.5,33.1,33.6,34.6,35.7,36.2,36.6,37,36.8,36.8,37.4,37.8,39,39.8,40.3,41.8,42.5,43.7,44.4,44.9,45.3,45.8,46.5,47.3,48.4,49.4,50,50.9,51.4,52.1,53,54,54.7,55.7,56.8,57.9,58.8,60.2,60.4,60.6,61.9,61.4,62.9,63.8,65,65.6,66.9,68.8,70.7,73.5,75.5,77.8,79.2,80.7,83,85.3,86.8,88.6,90.6,92.6,94.2,97.8,99.1,101.8,103.8,104.7,106.9,109,111.6,114.7,116.3,118.5,119.8,120.9,124.2,127.2,127.8,129,133.2,138.4,141.3,141.9,145.1,147.9,151.5,155,158.2,161.7,164.5,167.2,173.3,170,174.2,176.7,178.8,181.2,184.9,189.9,197.2,204.7,211,231.2,235.9,237.8,239.2,237.8,238.7,242.2,246.7,251.1,261.6,267.9,274.2,282.1,288.2,292.7,298,301.5,306.1,312.2,314.3,317.8,319.8,326.5,330.7,336.3,344.7,352.7,357.8,365.5,373,378.1,383,391.6,397.8,404.3,403.7,419.9,420,427.4,434.7,444.7,452,461.6,471.7,476.7,481.5,486.3,490.7,490.1,498.3,505.3,520.1,532.3,544.6,550.6,555.1,555.2,554,559.5,564.2,571.1,578.1,582,593.3,596,610.6,616.9,624.3,629.2,635.8,643.4,651,657.9,667.5,679.6,691.2,697.6,706.9,712.2,718.7,725.1,726.3,725.6,737.6,747.3,760.1,771.2,771.8,783.5,792.9,802,813.9,823.3,835.7,843.1
"13","5","  Taxes on corporate income","W025RC1",11.6,10.9,10.8,11.8,12.1,12.8,12.6,12.2,11,9.7,10.1,9.9,13.6,16.3,19.9,21.8,26.3,22.3,20.1,21.5,19.8,18.7,18.6,20.5,21.6,21.7,21.2,16.6,16.4,16.9,17.9,19.3,21.3,21.6,22.2,23.1,22,22.5,21.1,22.3,22.8,21.9,21.4,19.6,16.9,17.2,19.4,22.3,23.4,25.6,23,22.5,25,23,21.9,20.8,20.6,22,23.3,25.3,23.8,23.5,24.2,24.3,24.4,26.1,26.9,27.5,27.7,27.8,28.4,28,29.4,30.3,30.9,32.9,34,34,33.6,33,32.3,32,32.2,34.2,38.5,39.2,39.4,40.4,41.2,40.1,38.8,38.5,34.1,34.3,35.3,33.8,37.4,38.1,37.5,37.9,40,40.3,41.5,45.7,49,49.6,48.1,50.5,48.8,51.4,56.6,50.3,43.1,46.2,56.5,57.8,65.3,64.4,64.1,63.1,67.4,73.1,75.6,76.1,71.3,85.2,86.3,91.2,88.5,89.1,88.4,85.9,94.7,74.9,80.9,88.6,88.3,79.4,82.9,73.9,62.7,64.7,65.2,59.7,61,75.8,85,87.2,100.3,99.4,87.6,88.8,95.9,94.1,99.3,96.8,103.1,103.4,104.2,115.2,110.9,126,135,136.5,126.7,135.3,140,146.7,152.9,143.7,133.2,136.1,133.6,141.4,147.7,139.7,130.1,132.4,136.1,135.8,144.4,150.2,129,149,152.4,166,161.8,181.3,165.4,183,194.3,204.1,203.1,209,218.6,213.2,219.6,225.3,224,225.7,227.7,232.8,244.9,243.1,240.4,237.4,243.3,235.6,241.2,247,249.8,257,270.8,262.2,250.5,236.4,213.1,208.5,188.9,169.1,159.8,174.1,178.8,185.4,214.9,216,229.7,242.5,246.4,260,242.6
"14","6","  Taxes from the rest of the world","W008RC1",NA,NA,NA,NA,NA,NA,NA,NA,NA,NA,NA,NA,NA,NA,NA,NA,NA,NA,NA,NA,NA,NA,NA,NA,NA,NA,NA,NA,NA,NA,NA,NA,NA,NA,NA,NA,NA,NA,NA,NA,NA,NA,NA,NA,NA,NA,NA,NA,0.1,0.1,0.1,0.1,0.1,0.1,0.1,0.1,0.1,0.1,0.1,0.1,0.1,0.1,0.1,0.2,0.2,0.2,0.2,0.2,0.2,0.2,0.2,0.2,0.2,0.2,0.2,0.2,0.2,0.2,0.2,0.2,0.2,0.2,0.2,0.3,0.3,0.3,0.3,0.4,0.4,0.4,0.4,0.4,0.4,0.4,0.4,0.4,0.4,0.4,0.4,0.4,0.4,0.4,0.4,0.4,0.4,0.4,0.4,0.4,0.4,0.4,0.4,0.4,0.4,0.4,0.5,0.6,0.7,0.7,0.7,0.7,0.7,0.7,0.7,0.8,0.9,0.9,1,1,1,1.1,1.2,1.3,1.5,1.6,1.7,1.7,1.6,1.5,1.5,1.5,1.3,1.3,1.3,1.5,1.2,1.2,1.2,1.2,1.3,1.3,1.2,1.3,1.4,1.8,2.2,2.3,1.5,1.6,1.7,2.1,1.9,2,1.9,2.4,2.1,2.7,2.4,2.2,3,2.5,2.7,2.8,2.7,2.9,3,3.5,2.7,2.7,2.6,2.5,2.7,2.6,2.6,2.7,2.8,2.6,2.7,2.8,3,3.2,3.2,3.2,3.6,3.7,4.2,4.2,4.6,4.8,5.4,5.8,4.8,4.9,5.1,5.6,4.8,5.1,5.6,7.3,5.3,5.9,6.3,6,6.8,7.6,7.2,7.5,7.4,6.4,7.1,7.7,7,7.5,7.1,6.9,6.7,9.9,7.8,7.9,8.6,8.3,8.2
"15","7","Contributions for government social insurance","A061RC1",6.3,6,5.2,4.8,4.8,4.6,4.6,4.5,5.2,5.1,4.8,4.5,5.3,5.3,5.5,5.8,6.6,6.7,6.6,6.7,6.9,6.8,6.9,7.1,7.1,7.1,7.2,7.1,8.1,8,8.1,8.1,8.9,9,9.2,9.3,9.9,10,10,10.1,11.4,11.4,11.5,11.3,11.3,11.3,11.4,11.5,13.7,13.9,13.9,13.9,16.4,16.5,16.5,16.4,16.7,16.9,17.1,17.3,18.9,19.1,19.2,19.3,21.3,21.5,21.8,22,22,22.3,22.5,22.7,22.9,23.2,23.6,24,30.4,30.8,31.9,32.2,33.6,34.6,35.2,36,37.6,38.4,39.1,39.7,42.9,43.7,44.6,45.3,46,46.3,46.7,46.5,50.5,51,51.3,51.9,58.1,58.8,59.5,60.4,73.6,74.7,76.1,77.6,83.1,84.7,86.4,86.6,87.6,88,89.8,91.8,98.9,100.4,102.2,103.8,109.3,112.1,114.3,116.7,126.2,130.1,132.8,136,148.8,150.9,154.2,157.1,163.1,163.2,166.6,171.8,191.6,194.1,197.7,199.4,207.2,208.4,209.8,210.2,220.4,223.6,227.2,232.6,251,255.8,259.9,263.1,275.4,278.8,282.8,288.4,297.9,300.7,305.1,310.1,316.5,320.2,324.5,331.2,352.1,359.1,364.4,370.3,379.8,382.8,386.4,391.8,404.1,408.3,414.1,413.9,424.5,427.7,432.6,435.9,448.7,453.7,457.8,459.6,468.1,475.9,480.1,486.6,498.7,506.5,510.5,517.1,525.9,530.1,535.2,540,544.4,552.2,558.9,565.3,575.8,582.2,590,600.7,611.5,619.9,628.5,636.8,652.8,656.8,662.4,673.8,695.5,696.3,707.7,711.2,729.2,731.5,731.9,731.9,745.7,749.1,748.9,749.6,762.4,768.9,776.7,785,803.9,814,823
"16","8","Income receipts on assets","W058RC1",0.1,0.1,0.1,0.1,0.2,0.2,0.2,0.2,0.2,0.2,0.2,0.2,0.2,0.2,0.2,0.2,0.2,0.2,0.2,0.2,0.2,0.2,0.2,0.2,0.3,0.3,0.3,0.3,0.3,0.3,0.3,0.3,0.3,0.3,0.3,0.3,0.3,0.3,0.3,0.3,0.3,0.3,0.3,0.3,0.4,0.4,0.4,0.4,0.3,0.3,0.3,0.3,2.6,2.7,2.8,2.7,2.8,2.9,2.8,3,3,3.3,3.3,3.2,3.3,3.4,3.5,3.5,3.7,3.8,3.9,3.6,4.1,4.2,4.1,4,4.5,4.6,4.8,5,5.1,5.3,5.7,5.9,6.3,6.3,6.6,6.5,6.6,6.9,7.2,7.4,7.9,8.2,8.3,8.5,8.7,9,9,9.2,9.2,9.3,9.7,10,10.7,11.3,11.7,12.5,13.4,14.2,14.7,15.2,15.7,16.1,16.3,16.2,16.2,16.2,16.5,16.3,17.4,18,18.8,19.3,20.9,22.5,23.8,25.6,28.1,29.7,31.7,33.6,36.5,38.6,41.1,43.5,46.5,48.9,51.5,54.1,56.8,58.3,59.6,60.8,62.7,64,66,68.4,70.4,73.7,75.3,77.9,80.5,82.8,85.4,87.2,89.1,89.4,91.6,89,87.8,86.7,85.9,84,92.9,88.1,88.9,92.1,92.6,93.4,96.5,94.6,95,95.2,96.8,107.7,101.2,98.4,98.1,94.5,93.3,90.8,89.2,88.6,89,88.3,87.5,85.5,85.5,85.8,87.2,87.8,89.3,91.4,92.2,95.4,97.8,99.1,101.6,102.3,103.5,104.4,104,103.1,102.2,102.1,102.1,103.2,103.9,105.7,107.5,110,114.9,117.4,117.8,119.6,118,115.1,112.2,109.4,104.8,102.2,100.8,99.9,100.3,103.4,104.9,107.2,105.1,104.8,106.4
"17","9","  Interest and miscellaneous receipts \1\","W059RC1",0.1,0.1,0.1,0.1,0.2,0.2,0.2,0.2,0.2,0.2,0.2,0.2,0.2,0.2,0.2,0.2,0.2,0.2,0.2,0.2,0.2,0.2,0.2,0.2,0.3,0.3,0.3,0.3,0.3,0.3,0.3,0.3,0.3,0.3,0.3,0.3,0.3,0.3,0.3,0.3,0.3,0.3,0.3,0.3,0.4,0.4,0.4,0.4,0.3,0.3,0.3,0.3,2.6,2.7,2.8,2.7,2.8,2.9,2.8,3,3,3.3,3.3,3.2,3.3,3.4,3.5,3.5,3.7,3.8,3.9,3.6,4.1,4.2,4.1,4,4.5,4.6,4.8,5,5.1,5.3,5.7,5.9,6.3,6.3,6.6,6.5,6.6,6.9,7.2,7.4,7.9,8.2,8.3,8.5,8.7,9,9,9.2,9.2,9.3,9.7,10,10.7,11.3,11.7,12.4,13.4,14.2,14.7,15.1,15.7,16.1,16.3,16.2,16.1,16.2,16.4,16.3,17.3,18,18.7,19.2,20.8,22.4,23.7,25.5,28.1,29.6,31.6,33.5,36.4,38.5,41,43.4,46.4,48.8,51.3,53.9,56.7,58.1,59.5,60.7,62.6,63.8,65.8,68.2,70.2,73.5,75.2,77.7,80.4,82.7,85.3,87.1,89,89.3,91.5,88.8,87.6,86.6,85.7,83.8,92.8,87.9,88.7,91.9,92.4,93.3,96.4,94.4,94.8,95,96.6,107.4,100.9,98.1,97.8,94.1,92.9,90.3,88.7,88.1,88.4,87.8,86.9,84.9,84.9,85,86.4,86.9,88.5,90.6,91.2,94.3,96.6,97.7,100.1,100.9,102,102.9,102.4,101.5,100.6,100.4,100.4,101.5,102.1,103.9,105.7,108.2,113.1,115.5,115.9,117.6,116.1,113.1,110.2,107.4,102.7,100,98.7,97.7,97.8,101,102.3,104.5,102.5,102.2,103.7
"18","10","  Dividends","B081RC1",NA,NA,NA,NA,NA,NA,NA,NA,NA,NA,NA,NA,NA,NA,NA,NA,NA,NA,NA,NA,NA,NA,NA,NA,NA,NA,NA,NA,NA,NA,NA,NA,NA,NA,NA,NA,NA,NA,NA,NA,NA,NA,NA,NA,NA,NA,NA,NA,NA,NA,NA,NA,NA,NA,NA,NA,NA,NA,NA,NA,NA,NA,NA,NA,NA,NA,NA,NA,NA,NA,NA,NA,NA,NA,NA,NA,NA,NA,NA,NA,NA,NA,NA,NA,NA,NA,NA,NA,NA,NA,NA,NA,NA,NA,NA,NA,NA,NA,NA,NA,NA,NA,NA,NA,0,0,0,0,0,0,0,0,0,0,0,0,0,0,0,0,0,0,0,0,0.1,0.1,0.1,0.1,0.1,0.1,0.1,0.1,0.1,0.1,0.1,0.1,0.1,0.1,0.1,0.1,0.1,0.2,0.2,0.2,0.2,0.2,0.2,0.2,0.2,0.2,0.2,0.2,0.2,0.2,0.2,0.2,0.2,0.1,0.1,0.2,0.2,0.2,0.2,0.2,0.2,0.2,0.2,0.2,0.2,0.2,0.2,0.2,0.2,0.2,0.3,0.3,0.3,0.3,0.3,0.4,0.4,0.4,0.5,0.5,0.5,0.6,0.6,0.6,0.7,0.7,0.8,0.8,0.8,0.8,1,1.1,1.2,1.3,1.5,1.4,1.4,1.5,1.6,1.6,1.6,1.7,1.7,1.7,1.8,1.8,1.8,1.8,1.8,1.9,1.9,1.9,1.9,2,2,2,2.1,2.1,2.1,2.3,2.5,2.4,2.5,2.7,2.6,2.6,2.7
"19","11","Current transfer receipts","W060RC1",0.5,0.5,0.6,0.6,0.6,0.6,0.7,0.7,0.7,0.7,0.7,0.7,0.6,0.6,0.6,0.6,0.7,0.7,0.7,0.7,0.7,0.7,0.7,0.8,0.8,0.8,0.8,0.8,0.9,0.9,0.9,0.9,0.9,0.9,0.9,0.9,1,1,1,1,1.1,1.1,1.1,1.1,1.2,1.2,1.1,1.1,0.8,0.8,0.8,0.8,0.8,0.9,0.9,1,1.1,1.1,1.2,1.2,1.2,1.2,1.2,1.3,1.3,1.3,1.3,1.3,1.4,1.4,1.7,1.8,1.9,1.9,2,2,2.1,2.2,2.2,2.3,2.4,2.5,2.5,2.6,2.6,2.6,2.6,2.6,2.7,2.7,2.8,2.8,2.9,2.9,2.8,2.9,3,3,3.1,3.2,3.5,3.6,3.7,3.7,3.9,4,3.7,3.8,4.2,4.4,4.6,4.7,4.9,5,5.1,5.3,5.6,5.8,5.9,6.1,6.4,6.6,7,7.2,7.6,7.9,8.1,8.3,8.8,9,9.2,9.5,10,10.3,10.4,12.1,12.2,12,12.4,12.8,14.2,14.7,15.1,15.4,16,16.5,17,17.8,18.8,19.4,19.9,20.2,21,27,21.8,22.2,30.7,23.4,22.9,25.3,25.8,27.1,26.8,27.4,26.8,27.6,28.8,29.8,30.8,31.5,33.1,33.4,33.6,34.1,35.9,38.8,42.1,43.5,45.4,47.3,48.2,48.7,50,55,54.1,54.5,55.1,56.9,59.4,58.9,60.3,59.4,59.4,59.1,59.2,58.6,59.9,60.8,62.1,81.3,65.1,66.2,71.6,68.6,71.2,71,73.6,86.4,77.8,79.3,81,84.3,90.5,92.6,94.6,97.1,98.9,100.5,104.3,103.3,104.3,105.5,106.9,108.3,108.1,110.4,112.7,114.6,118,120.3,115.8
"20","12","  From business (net)","W061RC1",0.3,0.3,0.3,0.3,0.4,0.4,0.4,0.4,0.4,0.4,0.4,0.4,0.3,0.3,0.3,0.3,0.3,0.3,0.3,0.4,0.4,0.4,0.4,0.4,0.4,0.4,0.4,0.4,0.4,0.4,0.4,0.4,0.4,0.4,0.4,0.4,0.5,0.5,0.5,0.5,0.5,0.5,0.5,0.5,0.6,0.6,0.6,0.5,0.4,0.4,0.4,0.4,0.5,0.5,0.6,0.6,0.7,0.7,0.7,0.7,0.7,0.7,0.7,0.7,0.8,0.8,0.8,0.8,0.8,0.7,1.1,1.2,1.3,1.3,1.4,1.4,1.4,1.4,1.4,1.4,1.4,1.5,1.5,1.5,1.5,1.5,1.5,1.5,1.6,1.6,1.6,1.6,1.6,1.7,1.5,1.5,1.6,1.6,1.6,1.6,1.8,1.8,1.8,1.8,2.1,2.2,1.8,1.9,2.3,2.4,2.4,2.4,2.6,2.6,2.6,2.6,2.8,2.8,2.8,2.9,3.1,3.2,3.5,3.5,3.9,4.1,4.2,4.3,4.6,4.8,4.9,5,5.4,5.5,5.4,6.8,6.5,6.1,6.3,6.6,7.5,7.8,7.9,7.9,8.2,8.5,8.7,9.3,10,10.4,10.6,10.6,11.1,16.8,11.2,11.2,19.4,11.7,10.8,12.6,13.1,14.2,13.3,13.7,12.6,12.8,13.7,14.4,14.9,15.2,16.4,16.3,16.3,16.2,17.2,19.2,21.2,21.5,22.3,23.1,23.3,23,23.6,28.2,26.2,26.2,26.4,27.7,29.3,28.2,29.1,27.9,27.5,26.8,26.4,25.2,25.9,26.2,26.9,45.5,27.9,28.3,33,29.4,31.7,30.9,32.7,44.6,34.9,35.2,35.7,37.7,42.4,43.2,44,45.2,46.3,46.9,49.6,47.3,46.8,46.6,46.7,46.8,45.3,46.2,47.2,47.5,49.4,50.1,44
"21","13","  From persons","W062RC1",0.2,0.2,0.2,0.2,0.3,0.3,0.3,0.3,0.3,0.3,0.3,0.3,0.3,0.3,0.3,0.3,0.3,0.3,0.4,0.4,0.4,0.4,0.4,0.4,0.4,0.4,0.4,0.4,0.4,0.4,0.4,0.4,0.4,0.4,0.4,0.4,0.5,0.5,0.5,0.5,0.5,0.6,0.6,0.6,0.6,0.6,0.6,0.6,0.3,0.3,0.3,0.3,0.3,0.3,0.4,0.4,0.4,0.5,0.5,0.5,0.5,0.5,0.5,0.5,0.5,0.5,0.5,0.5,0.6,0.6,0.6,0.6,0.6,0.6,0.6,0.6,0.7,0.7,0.8,0.9,0.9,1,1,1,1,1,1,1,1.1,1.1,1.1,1.2,1.2,1.3,1.3,1.3,1.4,1.4,1.5,1.5,1.7,1.8,1.8,1.9,1.8,1.8,1.8,1.9,1.9,2,2.1,2.2,2.3,2.4,2.6,2.7,2.8,3,3.1,3.2,3.3,3.4,3.5,3.6,3.7,3.8,3.9,4,4.1,4.3,4.4,4.5,4.6,4.8,5,5.3,5.6,5.9,6.1,6.3,6.7,6.9,7.2,7.5,7.7,8,8.3,8.5,8.8,9.1,9.3,9.5,9.9,10.2,10.6,11,11.3,11.7,12.1,12.7,12.7,12.9,13.5,13.7,14.2,14.8,15.1,15.4,15.9,16.3,16.7,17.1,17.3,17.9,18.7,19.6,20.9,22.1,23.1,24.2,25,25.8,26.4,26.8,27.9,28.3,28.7,29.3,30.1,30.7,31.1,31.6,31.9,32.3,32.9,33.4,34,34.6,35.2,35.8,37.2,37.9,38.6,39.2,39.5,40.1,40.9,41.8,42.8,44,45.3,46.6,48.1,49.4,50.7,51.9,52.6,53.6,54.7,56,57.5,58.9,60.2,61.5,62.8,64.2,65.6,67,68.6,70.2,71.8
"22","14","Current surplus of government enterprises \2\","A108RC1",NA,NA,NA,NA,NA,NA,NA,NA,NA,NA,NA,NA,NA,NA,NA,NA,NA,NA,NA,NA,NA,NA,NA,NA,NA,NA,NA,NA,NA,NA,NA,NA,NA,NA,NA,NA,NA,NA,NA,NA,NA,NA,NA,NA,NA,NA,NA,NA,0.9,0.9,1,1.1,1,1,0.9,0.9,0.8,0.8,0.8,1,0.9,0.9,0.9,0.9,1.3,1.3,1.4,1.5,1.4,1.4,1.1,1.5,1.4,1.5,1.3,1.2,1.1,1.1,0.8,1,0.9,1.1,1,0.7,1.2,1.2,1.2,1.1,0.9,1,1,1.2,0.5,-0.3,-0.1,-0.2,-0.6,0,-0.3,-0.2,0,0.4,0.5,1,0.1,-0.3,-0.5,-0.8,-0.7,-0.2,-1.1,-1.8,-2.8,-3,-3.6,-3.6,-1.5,-1.8,-1.9,-2,-2.3,-2.5,-2.9,-2.9,-2.7,-2.1,-1.2,-1.4,-1.8,-2.3,-3,-3.5,-3.9,-4.4,-5.2,-5.8,-6,-4.3,-5.9,-3.6,-3.5,-3.7,-4.8,-4,-3.5,-3.1,-3.5,-2.4,-2.2,-2,-2.1,-1.3,-0.3,1.2,1.3,1,1.1,1.2,1.2,1.7,1.6,1.3,1,0.7,-0.4,3.3,3.4,3.8,4.7,5.2,5.3,4.5,3,1.5,1.1,0.7,3.4,6,6.2,7.1,7.4,7.7,8.2,7.2,6.2,7.8,7.3,7.6,7.6,9.2,8.9,8.6,11.8,11.3,11.3,11.3,12.1,12.3,12.9,13.3,12.6,13.3,12.5,12,10.7,10.8,10.6,9.2,11.2,10.5,10,8.6,7.9,7.1,4.2,2.2,1.7,-1.1,-2.9,-3.4,-0.9,-0.1,6,6,10.3,9.8,9.3,8.7,8.1,7.4,6.5
"23","15","    Current expenditures","W022RC1",47.8,48,51.3,47.7,49.1,50.5,53.6,54.5,57.1,58.6,58.2,57.2,65.3,59,54.3,58.5,63.4,67.8,72.2,75.5,74.9,79.4,81.7,82.8,84.7,85.9,85,86.4,84.3,83.6,84.2,85.3,86.5,85.5,89.2,88.5,88.8,92.4,91.7,95.7,99.4,101.6,102.2,105.9,105.4,110.8,112.9,113.5,113.4,115.2,116.4,118.4,119,122.1,123.6,127,127.8,132.4,133,135.2,139.5,141.9,143.5,146.3,148.4,149.3,151.7,154.9,157.4,159.6,159.5,160.2,163.2,166.8,173.5,178.3,182.5,189.8,195.9,202.9,213.5,217,221.7,227.9,237.2,244.4,249.8,255.8,255.9,264.1,270.2,276.6,278.9,296,299,305.2,314,325.4,327.7,334,349.1,352,355,366.1,374.8,384.2,387.6,395.7,409.5,428.1,444.1,461.3,482.4,508.5,514.3,527.6,535.9,541.3,556.5,565.7,578.1,589.2,602.9,620.7,632.5,643,660.1,677.8,695.1,712.4,735.5,763,796.2,822.2,863,889.9,923.3,945,977.5,1005.9,1029.5,1048.9,1084.4,1127.6,1139.7,1165.1,1181.6,1183.7,1213.8,1243.1,1268.9,1300.8,1329.6,1353.3,1378.8,1402.9,1421.1,1450,1476.5,1488.9,1505.5,1525.9,1538.5,1573.4,1595.7,1603.8,1618.4,1657,1691.4,1723.6,1748.4,1779.2,1825.2,1857.4,1883.7,1924.1,1892.5,1964.3,2003.3,2046.7,2096.7,2129.8,2156.9,2178.4,2191.2,2204.4,2229.4,2248.5,2250,2270.5,2301.9,2340.8,2374.7,2396.5,2413,2405.9,2464.6,2487.8,2491.3,2524.7,2540.8,2557.6,2571.4,2604.6,2599.5,2624.8,2634.6,2674.5,2693.3,2712.9,2752.5,2805.3,2822.4,2880.2,2902.1,2941.4,3000.8,3050.2,3074.7,3120.8,3171,3225.7,3243,3297.4,3342.5,3412,3411.3,3433,3499.2,3542.8,3568.9
"24","16","Consumption expenditures","A955RC1",32.1,32.3,31.7,31.1,31.3,33,34.3,35.5,37,37.8,36.9,36.3,36.5,36.7,35.7,38.9,44.4,48.5,53.6,55.3,57.3,61.1,62.4,64.4,65.7,67.2,66,67.4,64.8,63,63.2,63.6,64.4,64.2,66.9,66.5,66.4,69.2,67.7,70.7,73.9,74.5,75.3,77.5,76.7,80.2,79.6,81.5,78.3,80.7,81.7,82.2,80.6,82,84.4,86.2,85.3,87.6,89,90.8,94.1,95.7,98.1,99.4,100.2,100.6,104.1,106,107.1,108.3,109.7,109.4,110.7,112.6,117.5,122.9,124.9,129.7,135.5,137.8,145.2,147.7,150.8,155.1,161.2,163.7,167.2,171.1,171.3,176.1,181.3,184.3,187.1,188,191.5,194.1,200,203.6,206.2,209.1,217.4,221,220.5,224.3,229.2,233.4,235.5,241.3,249.9,255.5,265.2,276.1,283.6,291.8,298.1,305.1,308.7,314.3,317.5,326.1,334.5,342.8,349.7,359.4,365.5,372.8,379.2,388.5,398.7,407.1,413.6,429.8,445.1,462.9,469.7,486,502.5,517,523.2,539.8,551.8,559.1,572.4,589.4,598.9,609.4,622.4,611.8,634.4,654.4,664.5,677.3,696.6,710.5,729,744.7,754.1,770.2,786.3,793.8,803.2,811,814.8,831.8,840.7,847.1,851.1,872.5,878.8,898.5,907.8,920.4,944.9,956.5,965.7,990.5,1011,1013,1015.5,1017.1,1030.5,1040.7,1057.6,1062.7,1065.3,1067.3,1073.9,1082.2,1089.6,1097.5,1114.7,1114.7,1129.9,1136.6,1142.2,1137.3,1156.5,1168.2,1170.4,1189.4,1200.2,1214.2,1218.9,1232.9,1230.8,1252.6,1258.6,1281.8,1301.2,1314.8,1344.9,1375.2,1386.3,1416,1424.8,1441.3,1470.2,1491.5,1509.3,1535.6,1566.9,1597.8,1617.2,1654.9,1689.1,1717.5,1724,1737.6,1770.9,1792.1,1818.5
"25","17","Current transfer payments","A084RC1",11.1,11.1,15.2,12.2,13.3,13,14.6,14,15.3,16.1,16.5,16.1,23.7,17,13.4,13.9,13.3,13.7,13.8,13.9,12.3,13.1,14,13.2,13.5,13.5,13.6,14,14.6,15,15.9,16.7,17.1,16.7,16.7,16.7,17,17.3,17.7,18,18.6,20.1,20,21.2,22.5,24.5,24.9,24.4,26.7,26.8,26.3,27.4,26.7,28.1,27.8,29.5,31,32.8,31.6,31.7,32.4,32.9,32,33.2,34.7,34.8,33.1,34,34.9,35.5,34.3,35,36.2,37.5,39.2,38.2,39.6,41.3,41.1,45.1,48.4,49.6,50.8,51.7,54.1,57.8,59.3,61.1,61,63.7,63.8,66.4,67.4,78.3,78.8,82.6,85.2,93,92.7,95.6,99.4,98.7,100.9,109.6,110.6,114.4,115.2,116.7,122.1,134.1,137.8,144.6,156.9,173.6,171.1,175.1,177.8,176.7,187.2,186,189,190.7,195.8,197.8,202.1,203.5,211.6,214.5,219.5,224.2,239.7,246.8,258,261,293.6,299.2,301.8,304.8,324.1,325.8,331.7,339.6,356.5,374.4,373.5,380.3,376.3,383.4,383.6,386.7,390.8,402.7,408.4,412.1,419.3,423,429.6,440,448.2,449.8,451.8,458.1,459.9,468.9,480.8,482.6,489.8,501.9,519,524.7,537.3,551.3,567.5,583.1,591.6,602.3,545.7,611.3,647.8,685.4,723.7,745.5,755.5,773.5,776.6,785.6,804,818.7,815.8,821.9,828.8,858.1,865.3,872.1,878.6,873.7,910,922.6,919.8,933,939.3,940.3,947.1,964.4,959.7,963.4,967.3,987.8,992.6,996.5,1007.1,1025.9,1029.6,1055.7,1070.2,1093.9,1119.6,1151.2,1158.7,1212.8,1249.8,1267.3,1273.6,1291.1,1310.1,1332.1,1343.8,1345.7,1386.3,1397,1397.8
"26","18","  Government social benefits","W063RC1",9.4,9.2,13.1,10.1,10.3,10.1,9.7,9.4,10.1,10.7,11.2,11.4,19.8,13.3,10.2,10.4,10.3,10.5,10.7,10.6,10.5,10.6,11.4,11.5,11.5,11.4,11.7,12.1,12.9,13.6,13.9,14.6,14.6,14.7,14.9,14.9,15.2,15.4,15.8,16,16.8,18,18.2,19.4,20.8,22.6,23,22.5,22.7,22.6,22.8,23.5,23.5,24.1,24.9,25.9,27.7,28.6,28.7,28.2,28.8,28.7,29.1,29.8,31.1,30.1,30.3,30.8,31.7,31.3,31.5,31.8,33,32.9,36.2,35,36,36.1,38,41.4,44.3,45.4,47,48,50.3,53.5,54.9,56,57.5,58.6,59.9,61.4,63.4,73.6,74,77.8,79.8,87.4,87.4,89,91.9,92.4,93.3,103.7,106,108.2,109.8,112.9,117.9,126,132.9,139.7,150.5,165.3,168.4,171.1,175.1,173.5,180.5,183.2,186,186.8,192.2,194.8,198.3,199.6,207.8,210.6,215.5,219.9,235.4,241.5,251.6,256.6,288.4,291.2,296.7,299.5,317.7,319.9,324.6,333.8,350.3,365.9,368.7,374.5,369.2,372.5,377,379.8,381.1,388.6,398.9,401.2,406.3,409,420.8,426.5,433.8,437.3,442.8,448.5,450.5,453.8,470.9,474,479.6,485.8,508.7,516.1,525.3,536.2,556.4,567.7,578.3,596.9,622.4,643.4,653.7,683.3,710,729.8,741.3,745.6,763,770.1,786,791.2,803.9,808.3,813.7,831.4,852.3,861,866.7,861.4,890.3,910.7,907,909.1,928.8,929.7,935.8,941.4,948.9,953.2,954.4,963.2,981.1,982.9,994.4,1003.2,1016.5,1041.4,1054.2,1064.3,1108,1139.5,1145.3,1193.6,1222.5,1252.5,1259.5,1272,1285,1307,1320.2,1324.9,1352.5,1374.1,1375.4
"27","19","    To persons","A063RC1",9.4,9.2,13.1,10.1,10.3,10.1,9.7,9.4,10.1,10.7,11.2,11.4,19.8,13.3,10.2,10.4,10.3,10.5,10.7,10.6,10.5,10.6,11.4,11.5,11.5,11.4,11.7,12.1,12.9,13.6,13.9,14.6,14.6,14.7,14.9,14.9,15.2,15.4,15.8,16,16.8,18,18.2,19.4,20.8,22.6,23,22.5,22.7,22.6,22.8,23.5,23.3,24,24.7,25.7,27.5,28.3,28.5,28,28.5,28.5,28.9,29.5,30.9,29.9,30.1,30.6,31.5,31,31.3,31.5,32.7,32.3,35.9,34.7,35.7,35.8,37.5,41,43.9,45,46.4,47.7,49.9,53.2,54.5,55.7,57.2,58.2,59.5,61,63,73.1,73.5,77.4,79.3,86.9,86.9,88.5,91.4,91.9,92.9,103.1,105.4,107.6,109.2,112.3,117.5,125.4,132.2,139.1,149.8,164.6,167.7,170.4,174.4,172.7,179.7,182.4,185.1,186.1,191.3,194,197.4,198.7,206.9,209.7,214.6,218.9,234.3,240.4,250.6,255.6,287.2,290,295.5,298.3,316.4,318.6,323.6,332.6,349,364.5,367.4,373.2,368,371.2,375.8,378.5,379.9,387.4,397.6,400,405.1,407.8,419.3,425,432.5,435.3,441.3,447,448.9,452.3,469.3,472.5,478,484.2,507,514.6,523.6,534.5,554.6,565.9,576.5,595.2,620.5,641.5,651.8,680.3,708.5,727.1,739.3,744.1,761.6,768.1,784,789.2,802.6,806.8,809.9,829.6,851,858.9,864.6,859.3,887.9,908.6,904.9,907.1,926.7,927.4,933.7,939.1,946.6,950.9,952.2,960.9,978.7,980.5,992,1000.8,1014,1038.9,1051.6,1061.8,1105.3,1136.8,1142.7,1190.9,1219.9,1249.7,1256.8,1269.3,1282.2,1304.1,1317.4,1322,1349.6,1371.1,1372.5
"28","20","    To the rest of the world \3\","W016RC1",NA,NA,NA,NA,NA,NA,NA,NA,NA,NA,NA,NA,NA,NA,NA,NA,NA,NA,NA,NA,NA,NA,NA,NA,NA,NA,NA,NA,NA,NA,NA,NA,NA,NA,NA,NA,NA,NA,NA,NA,NA,NA,NA,NA,NA,NA,NA,NA,NA,NA,NA,NA,0.2,0.2,0.2,0.2,0.2,0.2,0.2,0.2,0.3,0.2,0.2,0.2,0.3,0.2,0.2,0.2,0.2,0.2,0.3,0.3,0.3,0.5,0.3,0.3,0.3,0.3,0.5,0.3,0.3,0.4,0.6,0.3,0.3,0.3,0.5,0.4,0.4,0.4,0.4,0.4,0.4,0.4,0.5,0.4,0.4,0.5,0.5,0.5,0.5,0.5,0.4,0.6,0.6,0.6,0.6,0.6,0.3,0.7,0.7,0.7,0.7,0.7,0.7,0.7,0.8,0.8,0.8,0.8,0.8,0.8,0.9,0.8,0.9,0.9,0.9,1,0.9,0.9,1,1,1,1,1.2,1.2,1.2,1.2,1.4,1.3,0.9,1.2,1.3,1.3,1.3,1.3,1.3,1.3,1.2,1.3,1.2,1.2,1.3,1.2,1.2,1.2,1.5,1.5,1.4,2.1,1.5,1.5,1.5,1.5,1.6,1.6,1.6,1.6,1.7,1.6,1.7,1.6,1.8,1.8,1.8,1.7,1.9,1.9,1.9,3,1.5,2.7,2,1.6,1.4,2,2.1,2,1.4,1.4,3.7,1.8,1.3,2.1,2.1,2.1,2.3,2.1,2.1,2.1,2.1,2.2,2.1,2.2,2.3,2.4,2.2,2.3,2.3,2.4,2.4,2.4,2.5,2.5,2.5,2.5,2.7,2.6,2.7,2.7,2.7,2.7,2.7,2.8,2.8,2.8,2.8,2.9,2.9,2.9,3
"29","21","  Other current transfer payments to the rest of the world (net) \3\","W017RC1",1.7,1.9,2.1,2.1,3,3,4.9,4.6,5.1,5.4,5.3,4.7,3.9,3.8,3.1,3.5,3,3.1,3.2,3.2,1.8,2.4,2.6,1.7,2.1,2.1,1.9,1.9,1.7,1.5,2,2.1,2.6,2,1.9,1.8,1.8,2,1.9,2,1.7,2.1,1.7,1.8,1.7,1.8,1.9,1.9,4,4.2,3.4,3.9,3.2,4,2.9,3.6,3.3,4.2,2.9,3.5,3.6,4.2,2.9,3.5,3.5,4.7,2.8,3.2,3.1,4.2,2.8,3.2,3.2,4.7,3,3.2,3.6,5.2,3.1,3.8,4.2,4.3,3.8,3.7,3.9,4.3,4.4,5.1,3.5,5.2,3.9,5,4,4.7,4.9,4.8,5.4,5.6,5.3,6.7,7.5,6.3,7.6,5.9,4.6,6.2,5.3,3.8,4.2,8.1,4.9,4.9,6.4,8.3,2.7,4,2.7,3.2,6.6,2.8,3.1,3.9,3.6,3,3.8,4,3.8,3.8,4,4.3,4.4,5.3,6.5,4.4,5.3,8,5.1,5.3,6.4,5.9,7.1,5.7,6.2,8.5,4.8,5.7,7,10.9,6.6,6.8,9.7,14.1,9.5,10.9,12.9,14,8.8,13.5,14.3,12.4,8.9,9.6,9.5,15.1,9.9,8.6,10.3,16.1,10.3,8.6,11.9,15.1,11.2,15.4,13.3,5.3,-76.7,-32.1,-5.9,2.1,13.7,15.7,14.2,27.9,13.7,15.5,18,27.5,11.8,13.7,15.2,26.8,13,11.1,12,12.4,19.7,11.9,12.8,23.8,10.5,10.6,11.3,23,10.8,10.2,12.9,24.6,11.6,13.7,12.7,22.7,13.1,14.2,16.1,29.6,11.6,11.8,13.3,19.2,27.3,14.9,14,19.1,25.1,25.1,23.6,20.8,33.7,23,22.4
"30","22","Interest payments \1\","A180RC1",4.4,4.3,4.3,4.3,4.3,4.3,4.3,4.4,4.5,4.5,4.6,4.6,4.6,4.7,4.7,4.8,4.8,4.8,4.8,4.9,4.9,4.9,4.9,5,5,5,5.1,5.1,5.2,5.2,5.3,5.3,5.2,5.1,5.3,5.5,5.5,5.7,5.8,6.3,6.1,6.2,6.3,6.6,6.1,6,6.1,6.4,7.3,6.8,7.3,7.7,10.7,10.6,10.3,10,9.9,10,10.2,10.4,10.7,11,11.3,11.4,11.5,11.8,12.1,12.5,12.7,13,13,13.1,13.4,13.7,13.7,14,14.4,14.8,15.3,15.8,15.8,15.8,16.4,17.4,17.9,18.7,19.1,19.4,19.3,19.9,20.4,21.3,22.2,22.7,23.6,23.8,24,24,24.6,25.2,25.5,25.9,26.4,27.2,29.1,30.7,32.1,33.2,33.9,35,36.4,37.1,37.8,39,40.5,42.6,44.4,45.6,46.8,48.4,48.9,50,51,53.4,56.2,58.4,61.5,64.8,68.7,71.4,73.9,77.7,83.7,88.7,89.6,94.3,108.4,112.5,119.3,126.8,131.9,136.7,142.5,144.5,147.4,152.7,160.4,167,174.8,181.4,192.7,200.3,203.7,208.7,209.3,213.4,214.4,215.7,216.7,218.6,222.3,226.4,232.8,241.5,243.9,244.3,248.5,254.2,265.8,273.1,276.4,280.4,285.8,291.1,299.8,304.7,309.2,312.6,312.7,316.3,314.1,314.7,313.6,310.3,314,314.2,314,311.9,311.4,319.1,326.9,336.2,346.2,353.9,357.9,360.3,363.5,362.5,366.9,368.4,367.8,370.4,372.9,374.4,375.4,374.6,373,366.8,358.2,357.6,354.9,358.4,362.2,364.2,362.8,362,358.7,349,339.4,329.4,315.3,323.8,313.9,312.6,301.9,305.9,299,305.3,303.1,312.8,312.9
"31","23","  To persons and business \1\","A204RC1",NA,NA,NA,NA,NA,NA,NA,NA,NA,NA,NA,NA,NA,NA,NA,NA,NA,NA,NA,NA,NA,NA,NA,NA,NA,NA,NA,NA,NA,NA,NA,NA,NA,NA,NA,NA,NA,NA,NA,NA,NA,NA,NA,NA,NA,NA,NA,NA,NA,NA,NA,NA,10.3,10.3,10,9.8,9.6,9.8,10,10.1,10.4,10.6,10.9,11.1,11.2,11.4,11.7,12,12.3,12.5,12.5,12.6,12.9,13.2,13.3,13.5,13.8,14.3,14.7,15.2,15.3,15.2,15.8,16.7,17.2,17.9,18.5,18.7,18.5,19.1,19.6,20.5,21.3,21.7,22.5,22.6,22.7,22.4,22.6,22.8,22.9,23.4,23.7,24.3,25.7,26.8,28.1,29.2,29.9,30.8,32.1,32.5,32.9,34.6,36,38.2,40,41.1,42.2,43.7,44.1,44.8,45.4,46.7,48.4,50,52.8,55,57.6,60.4,62.9,66.4,71.4,76.8,77.5,80,92.2,95,101.6,108.9,113,118.4,122.6,124.4,128.5,134,141.5,147.5,155,161,171.1,177.3,180.7,185.8,186,190,189.9,191.5,191.9,193.6,196.5,200.4,206.7,214.6,215,213.4,215.5,220.2,228.9,235,237.4,241.1,245.7,250.6,258.9,263.1,267.4,271.7,271.7,276.6,275,275.4,274.5,271.5,275.2,275.5,274.2,271.8,270.6,276.8,282.3,287.1,297.9,301.2,301.9,302,303.8,299.7,299.7,297.1,293.5,292.7,292.2,292.7,294.1,293.4,293.8,291.3,284.4,284.7,279.9,281.9,282.6,282,278.8,275.9,272.8,264,259.4,250.6,236.9,246.7,238.4,239.2,229.9,234.9,227.1,232,226.4,230.4,226.3
"32","24","  To the rest of the world","B093RC1",0,0,0,0,0,0,0,0,0,0,0,0,0,0,0,0,0,0,0,0,0,0,0.1,0.1,0.1,0.1,0.1,0.1,0.1,0.1,0.1,0.1,0.1,0.1,0.1,0.1,0.1,0.1,0.2,0.2,0.2,0.2,0.2,0.2,0.2,0.1,0.1,0.2,0.2,0.2,0.3,0.4,0.4,0.3,0.3,0.3,0.3,0.3,0.3,0.3,0.3,0.3,0.3,0.4,0.4,0.4,0.4,0.4,0.4,0.4,0.4,0.5,0.5,0.5,0.5,0.5,0.5,0.5,0.6,0.6,0.5,0.6,0.6,0.7,0.7,0.7,0.7,0.7,0.8,0.8,0.8,0.8,0.8,1,1.1,1.2,1.3,1.6,2.1,2.4,2.5,2.6,2.7,2.9,3.5,3.9,4,4,4,4.2,4.3,4.5,4.9,4.4,4.5,4.4,4.4,4.4,4.6,4.7,4.8,5.1,5.6,6.6,7.8,8.4,8.6,9.8,11.1,11,11.1,11.3,12.3,11.9,12.1,14.4,16.2,17.4,17.7,17.9,18.8,18.3,19.9,20.1,18.9,18.7,19,19.4,19.8,20.3,21.6,22.9,23,22.9,23.3,23.3,24.5,24.2,24.8,25,25.8,26,26.1,26.9,28.9,30.9,32.9,34.1,36.9,38.1,39.1,39.3,40.1,40.5,40.9,41.6,41.8,40.9,41.1,39.7,39.2,39.3,39.1,38.8,38.8,38.7,39.8,40.1,40.7,42.3,44.6,49.1,48.3,52.7,56,58.3,59.7,62.8,67.2,71.4,74.4,77.7,80.7,81.7,81.3,81.2,79.2,75.5,73.8,72.9,75,76.5,79.6,82.2,83.9,86.2,85.9,85,80,78.8,78.4,77.1,75.5,73.4,72,71,71.9,73.3,76.6,82.4,86.5
"33","25","Subsidies \2\","A107RC1",0.3,0.2,0.2,0.1,0.2,0.1,0.4,0.6,0.3,0.2,0.3,0.2,0.4,0.6,0.5,0.8,0.9,0.8,0.6,0.7,0.5,0.4,0.4,0.3,0.3,0.1,0.3,-0.2,-0.3,0.3,-0.1,-0.3,-0.2,-0.1,-0.4,-0.2,-0.1,0.2,0.5,0.8,0.9,0.8,0.6,0.5,0.6,0.8,1,1.2,1.1,0.9,1.1,1.1,1,1.3,1,1.2,1.6,2,2.2,2.3,2.3,2.4,2.2,2.2,2,2.2,2.3,2.4,2.7,2.9,2.6,2.7,2.9,3,3,3.1,3.6,3.9,4.1,4.2,4,3.9,3.7,3.7,4,4.2,4.2,4.2,4.3,4.5,4.7,4.7,4.7,4.8,4.7,4.8,4.8,4.8,4.5,4.6,6.1,6.2,7.2,7.1,5.9,5.7,4.7,4.6,3.6,2.9,3.2,3.6,4.2,4.3,4.6,4.9,5.1,4.8,5.1,5.5,5.8,5.9,6.4,10.3,8.7,8.4,8.3,10.4,8.4,8.8,8.1,8.9,9.2,9.6,10.1,10.3,10.6,10.7,11.1,13.5,14,13.6,13,19.4,19.8,21.5,22.1,21.5,21.2,20.9,20.8,21.1,21,20.9,21.2,21.9,23,24.1,25.4,26.7,28.2,30.4,31.2,31,30.3,29.7,29.1,28.4,27.8,27.2,26.9,27.1,26.9,26.7,26.7,26.8,26.9,27,27.3,27.9,28.4,29,30.2,31.9,35.2,37.3,37.4,35.7,33.3,32.1,31.6,31.7,33.3,33.8,34.3,34.6,34.6,34.5,34.2,33.9,33.4,32.7,32.5,32.9,33.5,34.2,35.7,38.2,41.3,44,45.6,45.8,44.4,44.4,44.3,44.1,52.3,58.4,67.3,43.1,38.9,36.8,38.4,38.7,42.8,55.2,44.5,44.4,40.4,39.4,39.7
"34","26","Less: Wage accruals less disbursements","A184RC1",0,0,0,0,0,0,0,0,0,0,0,0,0,0,0,0,0,0,0.7,-0.6,0,0,0,0,0,-0.1,-0.1,-0.1,0,0,0,0,0.1,0.5,-0.6,0,0,0,0,0,0,0,0,0,0.6,0.6,-1.3,0,0,0,0,0,0,0,0,0,0,0,0,0,0,0,0,0,0,0,0,0,0,0,0.1,-0.1,0,0,0,0,0,0,0,0,0,0,0,0,0,0,0,0,0,0,0,0,2.5,-2.1,-0.4,0,0,0,0.3,0.5,-0.6,-0.2,0,2.1,0.1,-0.1,0,0,0,-0.6,-1.4,0.1,0.1,0.1,0.1,0.1,0.1,0.1,0.1,0.1,0.1,0.1,0.1,0.1,0.1,0.1,0.5,0.4,0.1,-0.9,-0.1,0.2,-0.2,0,0,0,0,0,0.3,0,-0.1,0,0,0,0,-1.3,-0.4,0,0.2,0.2,0,0.6,0.1,-1,0,0,0,0,0,0,0,0,0.2,-0.2,0,0,0,0,0,0,0,0,0,0,0,0.2,0.2,-0.4,0,0,0,0,0,0,0,0,0,0,0,0,0,0,0,0,0,0,0,0,0,0,0,0,0,0,0,0,0,0,0,0,0,0,0,0,0,0,0,0,0,0,0,0,0,0,1.4,-1.4,0,0,1.5,-1.5,0
"35","27","    Net government saving","A922RC1",7.6,6.8,3.1,9.3,8.8,6.3,2.6,1.6,-1.9,-5.1,-4.9,-4.9,-7.4,3.5,15.3,15.9,19.9,12.5,7.7,8.7,9.8,5.8,4.4,7,7.2,6.7,7,0.4,0.2,1.4,1.7,3.1,6.6,10,8.7,11.7,12.8,11.2,12.2,11.6,10.9,8.6,8.5,2,-0.5,-5.7,-3.8,0.2,6.3,8.8,7.1,6.4,16,12.4,10.9,6.6,6.6,4.8,7,9.3,7.3,7.2,8.7,7.9,9.5,11.8,11.9,11.1,8.5,3.7,7.8,9.6,13.8,13.3,6.2,6.2,12.8,11.5,9.4,6.4,-2.1,-3.6,-2.1,-1.6,1.2,0.8,8.9,9.9,22,19.3,14.1,11.4,5.9,-8.1,-12.3,-17.8,-18.6,-24.1,-22.7,-22.2,-13.5,-9,-6.4,-6.1,4.2,1,4.5,7.9,3.5,-0.1,-0.5,-20.5,-46.5,-101.6,-58.4,-59.7,-46.7,-41.6,-45.3,-43.9,-35.7,-27.6,-29.5,-31,-29.5,-2.4,-3.4,4.1,8.4,5.7,2.1,-9.2,-20.2,-49.2,-61.2,-48.7,-27.5,-35.4,-43.4,-76.6,-101,-107.4,-146.4,-181.4,-180.6,-166.4,-175.9,-149.6,-131.4,-137.3,-150.6,-157.4,-122.3,-173.3,-152.6,-162.2,-154,-181.5,-184.4,-159.5,-174.5,-106.6,-122.2,-127,-128.8,-117.8,-106.8,-112.8,-84.8,-101.5,-116.7,-134.2,-152.7,-161.3,-158.8,-186.2,-165.4,-217.9,-232.8,-255.4,-288.8,-289.7,-319.9,-288.5,-310.6,-269.8,-274.4,-235.6,-228,-183.9,-193.5,-202,-205.1,-194.9,-185.4,-154.4,-158.4,-121.3,-105.9,-78.3,-59.6,-32.7,9.5,16.1,61.6,75.7,110.1,116,128.4,149.9,159.8,178,268.7,240.9,240.2,207.9,189.2,149.4,-97.2,-35.3,-237.3,-275.2,-276.5,-329,-330.6,-370.1,-426.5,-343.9,-379.2,-361.7,-379.6
"36","28","Social insurance funds","A221RC1",NA,NA,NA,NA,NA,NA,NA,NA,NA,NA,NA,NA,NA,NA,NA,NA,NA,NA,NA,NA,NA,NA,NA,NA,NA,NA,NA,NA,NA,NA,NA,NA,NA,NA,NA,NA,NA,NA,NA,NA,NA,NA,NA,NA,-1.3,-3.5,-3.4,-2.4,-0.6,-0.3,-0.6,-1.1,1.4,0.8,0.2,-0.8,-2.1,-2.7,-2.7,-1.8,-0.6,-0.3,-0.5,-0.8,-0.1,1.2,1.2,1.2,0.5,1.4,1.5,1.8,0.9,1.7,-1.2,0.7,6.5,6.8,6.3,4.8,3.8,4.4,4.2,4.7,4.7,3,2.8,2.8,5.3,5.6,6.1,6.4,6.8,-1.2,0.7,-1.5,1.5,-4.9,-3.8,-4,0.4,1.1,2.2,-5.2,6.4,6,6.1,5.9,9.5,4.4,2.2,-1.8,-8.6,-14.4,-20.7,-19.1,-14.4,-11.9,-16.7,-17.2,-13.6,-11.1,-13.7,-13,-4.3,0,-4.7,-3.3,6.6,6.2,-2.4,-2.7,-0.9,-6.9,-26.2,-22.6,-6,-4.9,-18.6,-20.7,-17.5,-24.3,-37.7,-50.8,-40.6,-43,-32.3,-28.5,-11.6,-8,-3.8,-5.8,-0.6,2.3,3,7.6,8.5,7.9,6.7,10.1,13.3,13.7,17.9,24.5,33.8,41,44.7,49.3,44.3,45,45.2,47.3,45.8,45.4,47.8,41,31.8,27.2,29.5,23.5,11.6,7.5,9.8,9.8,7.5,9.9,9.2,12.8,18,22.7,22.7,26.9,25.1,22,22.5,22.5,12,14.8,18.9,21.3,22.4,26.8,34,43.8,47.8,56.4,63.8,74.7,87.3,91.2,97,107.6,119.4,107.2,116.2,114.7,105.3,97.9,83.5,71.8,65.9,45.3,43.6,42.1,49.5,42.9,45.6,48.4,60.5,67.2,69.5
"37","29","Other","A391RC1",NA,NA,NA,NA,NA,NA,NA,NA,NA,NA,NA,NA,NA,NA,NA,NA,NA,NA,NA,NA,NA,NA,NA,NA,NA,NA,NA,NA,NA,NA,NA,NA,NA,NA,NA,NA,NA,NA,NA,NA,NA,NA,NA,NA,0.7,-2.2,-0.4,2.5,6.9,9,7.7,7.6,14.6,11.6,10.7,7.3,8.7,7.5,9.6,11.1,8,7.5,9.2,8.7,9.7,10.7,10.7,9.8,7.9,2.3,6.2,7.9,12.9,11.6,7.3,5.6,6.3,4.7,3,1.6,-6,-7.9,-6.3,-6.3,-3.5,-2.2,6.2,7.1,16.7,13.7,8,5,-0.8,-7,-13,-16.3,-20.1,-19.2,-18.8,-18.3,-13.9,-10.1,-8.7,-0.9,-2.2,-5,-1.6,2,-6,-4.6,-2.7,-18.8,-37.9,-87.2,-37.7,-40.6,-32.3,-29.7,-28.6,-26.7,-22.1,-16.5,-15.8,-18,-25.2,-2.4,1.4,7.4,1.8,-0.6,4.5,-6.5,-19.4,-42.2,-35.1,-26.1,-21.6,-30.5,-24.8,-55.9,-83.6,-83.1,-108.8,-130.5,-140,-123.4,-143.7,-121.1,-119.7,-129.3,-146.8,-151.6,-121.7,-175.6,-155.6,-169.8,-162.5,-189.4,-191.1,-169.6,-187.8,-120.3,-140.1,-151.5,-162.6,-158.8,-151.5,-162.1,-129.1,-146.5,-161.9,-181.5,-198.6,-206.7,-206.6,-227.2,-197.2,-245.1,-262.4,-279,-300.3,-297.2,-329.7,-298.3,-318,-279.6,-283.5,-248.4,-246,-206.7,-216.2,-229,-230.1,-217,-207.9,-176.9,-170.4,-136.1,-124.8,-99.6,-82,-59.5,-24.5,-27.7,13.8,19.2,46.2,41.3,41.2,58.6,62.8,70.4,149.3,133.7,124,93.2,83.9,51.5,-180.7,-107.1,-303.2,-320.5,-320.1,-371.2,-380.1,-413,-472.1,-392.3,-439.7,-429,-449.1
"38",NA,"Addenda:"," ",NA,NA,NA,NA,NA,NA,NA,NA,NA,NA,NA,NA,NA,NA,NA,NA,NA,NA,NA,NA,NA,NA,NA,NA,NA,NA,NA,NA,NA,NA,NA,NA,NA,NA,NA,NA,NA,NA,NA,NA,NA,NA,NA,NA,NA,NA,NA,NA,NA,NA,NA,NA,NA,NA,NA,NA,NA,NA,NA,NA,NA,NA,NA,NA,NA,NA,NA,NA,NA,NA,NA,NA,NA,NA,NA,NA,NA,NA,NA,NA,NA,NA,NA,NA,NA,NA,NA,NA,NA,NA,NA,NA,NA,NA,NA,NA,NA,NA,NA,NA,NA,NA,NA,NA,NA,NA,NA,NA,NA,NA,NA,NA,NA,NA,NA,NA,NA,NA,NA,NA,NA,NA,NA,NA,NA,NA,NA,NA,NA,NA,NA,NA,NA,NA,NA,NA,NA,NA,NA,NA,NA,NA,NA,NA,NA,NA,NA,NA,NA,NA,NA,NA,NA,NA,NA,NA,NA,NA,NA,NA,NA,NA,NA,NA,NA,NA,NA,NA,NA,NA,NA,NA,NA,NA,NA,NA,NA,NA,NA,NA,NA,NA,NA,NA,NA,NA,NA,NA,NA,NA,NA,NA,NA,NA,NA,NA,NA,NA,NA,NA,NA,NA,NA,NA,NA,NA,NA,NA,NA,NA,NA,NA,NA,NA,NA,NA,NA,NA,NA,NA,NA,NA,NA,NA,NA,NA,NA,NA,NA,NA,NA
"39","30","  Total receipts","W066RC1",56.4,55.7,55.4,58,59,58,57.2,57.1,56.2,54.4,54.3,53.2,58.7,63.3,70.4,75.2,84.2,81.2,80.8,85.2,85.7,86.3,87.2,90.8,93.1,93.6,93.1,88,85.7,86.1,87,89.6,94.3,96.6,99.1,101.6,103.1,105.3,105.6,109,112,112.2,112.5,109.6,106.6,106.8,110.7,115.3,121.4,125.7,125.3,126.7,137,136.8,136.6,136.1,137,139.6,142.5,147,149.2,151.8,154.9,156.9,160.7,164,166.6,168.8,168.8,166.7,170.7,173.3,180.6,183.5,183.2,188.3,199.2,205.3,209.2,213.1,215.3,217.3,223.7,230.2,242.1,249.3,263,270.1,282.5,288.2,288.9,292.7,289.6,292.6,291.4,292.3,300.4,306.4,310.5,319.5,343.3,349,355,367,386.3,391.4,398.3,410.3,419.7,434.4,449.8,446.6,441.8,413.4,462.6,474.6,496,506.8,518.3,529.8,556.6,569.5,581.1,597.1,610.2,647.7,663.9,689.2,711,725.4,745.1,761.7,784.1,781.7,811,850.1,904.4,918.8,943.6,939.1,939.9,951.8,948,954.8,967.3,1007.1,1014.6,1041.7,1091.1,1114.1,1126.5,1151.7,1216.1,1188.6,1235.5,1249.6,1276.6,1278.4,1302.6,1339.5,1341.7,1429.8,1427.2,1456.6,1477.4,1496.4,1523.3,1556,1618.2,1634.7,1644,1658.2,1686,1714.9,1740.4,1753,1742.7,1761.4,1787,1806.7,1823.7,1855.1,1853,1906.3,1897.2,1952,1972.6,2032,2042.5,2107.9,2128.1,2158.3,2189,2220.6,2248.3,2272.7,2327.7,2389.5,2409.6,2470.2,2506.9,2551.2,2608.4,2649.1,2691.8,2732.8,2777.2,2824.7,2857,2899.3,2948,3022.6,3127.1,3156.5,3177.8,3185.1,3226.1,3237.9,3011.7,3119.6,2968.4,2982.8,3001,2997.6,3041.7,3068.5,3013.1,3118.2,3150.1,3209.8,3221
"40","31","    Current receipts","W021RC1",55.4,54.8,54.4,57,57.9,56.7,56.2,56.2,55.2,53.5,53.3,52.3,57.9,62.5,69.5,74.4,83.3,80.3,79.9,84.1,84.7,85.2,86.1,89.8,91.9,92.5,92,86.8,84.5,84.9,85.9,88.4,93.1,95.5,97.9,100.2,101.6,103.6,104,107.4,110.4,110.3,110.6,107.9,104.8,105.1,109.1,113.6,119.7,123.9,123.4,124.8,135,134.5,134.5,133.6,134.4,137.2,140,144.5,146.8,149.1,152.2,154.1,157.9,161.1,163.6,166,165.9,163.3,167.3,169.9,177,180.1,179.6,184.5,195.3,201.3,205.3,209.3,211.3,213.5,219.5,226.3,238.4,245.2,258.8,265.7,277.9,283.4,284.3,288.1,284.8,287.8,286.7,287.5,295.4,301.4,305.1,311.7,335.6,343,348.6,360,379,385.3,392,403.6,413,428,443.6,440.7,435.9,406.9,455.9,467.9,489.2,499.8,511.1,521.9,542.4,561.6,573.4,589.7,603,640.6,656.7,681.9,703.5,718.1,737.6,753.8,775.9,773,801.7,841.2,895.7,909.6,934.1,929.3,928.4,941.5,938,946.2,959.1,998.6,1005.7,1034.1,1082.4,1105.9,1118.3,1143.4,1207.2,1180,1226.1,1240.7,1267.1,1268.4,1292.1,1329.4,1331,1419.2,1416.3,1446.5,1466.9,1486,1511.6,1544.2,1606.6,1622.1,1631.6,1644.9,1672.4,1696.1,1724.9,1737.9,1727.2,1746.5,1770.5,1791.3,1807.9,1840.2,1837,1889.8,1880.7,1934.7,1955,2012.9,2022.1,2086.6,2108.4,2138.7,2169.7,2201.6,2227.7,2251.5,2306.2,2366.5,2385.4,2446.4,2481.2,2524.9,2580.9,2620.7,2661.1,2700.5,2744.7,2790.5,2821.8,2862.8,2912.2,2983.3,3091.1,3121.1,3142.3,3149.3,3189.9,3199.6,2977.4,3085.5,2933.7,2950.5,2966.5,2968.3,3012,3042,2984.8,3089.2,3120,3181.1,3189.3
"41","32","    Capital transfer receipts","W067RC1",1,0.9,1,1,1.1,1.2,1,1,0.9,0.9,0.9,0.9,0.8,0.8,0.8,0.8,0.9,0.9,0.9,1.1,1,1.1,1.1,1,1.2,1.1,1.1,1.2,1.2,1.1,1.1,1.2,1.2,1.1,1.2,1.4,1.5,1.7,1.6,1.6,1.6,1.9,1.9,1.7,1.8,1.7,1.7,1.7,1.7,1.7,1.9,1.9,2,2.2,2.1,2.6,2.6,2.4,2.6,2.5,2.4,2.7,2.6,2.8,2.8,2.9,3,2.8,3,3.3,3.4,3.5,3.6,3.4,3.6,3.8,3.9,4,3.8,3.8,4,3.9,4.2,3.9,3.7,4,4.2,4.4,4.6,4.8,4.5,4.6,4.8,4.8,4.7,4.8,5,5,5.5,7.7,7.7,6,6.4,7,7.3,6.1,6.3,6.7,6.7,6.4,6.2,5.9,5.9,6.5,6.7,6.7,6.8,7.1,7.2,7.9,14.2,7.9,7.7,7.4,7.2,7.1,7.2,7.3,7.4,7.3,7.5,7.9,8.2,8.7,9.3,8.9,8.7,9.1,9.5,9.8,11.5,10.3,10,8.6,8.3,8.4,8.9,7.6,8.7,8.2,8.2,8.3,8.9,8.6,9.4,8.9,9.5,10,10.5,10.1,10.7,10.6,10.9,10.1,10.6,10.4,11.7,11.8,11.5,12.6,12.3,13.3,13.6,18.7,15.6,15.1,15.5,15,16.5,15.4,15.7,15,16,16.4,16.5,17.3,17.6,19.1,20.4,21.3,19.6,19.6,19.3,19.1,20.6,21.2,21.6,23,24.1,23.8,25.7,26.3,27.5,28.4,30.7,32.3,32.5,34.2,35.2,36.5,35.8,39.3,36,35.3,35.4,35.8,36.2,38.4,34.3,34.1,34.7,32.3,34.5,29.2,29.7,26.5,28.3,29,30.1,28.7,31.7
"42","33","  Total expenditures","W068RC1",NA,NA,NA,NA,NA,NA,NA,NA,NA,NA,NA,NA,NA,NA,NA,NA,NA,NA,NA,NA,NA,NA,NA,NA,NA,NA,NA,NA,NA,NA,NA,NA,NA,NA,NA,NA,NA,NA,NA,NA,NA,NA,NA,NA,NA,NA,NA,NA,NA,NA,NA,NA,133.1,136.1,139,142.1,145.3,148.6,150.3,153.8,158.1,160.1,162.4,164.8,165.8,166.6,170.9,172.7,175.8,178.5,178.4,178,180.8,184.4,192.8,197.8,204.2,210.1,218,226,237.4,238.7,245.5,249.1,257.2,266.2,271.1,277.3,278.4,284.1,290,293,296.8,313,317.3,323.5,327.1,340.9,343.7,348.7,364.4,367.8,368.1,379.2,388.4,400.6,398.6,411.3,425.9,437.9,467.5,479,507.4,528.6,539.9,556.6,565.9,563.8,576.4,586.6,602.2,613.8,622.9,640.7,652.8,669.7,693.6,712.4,721.6,745.9,773.1,797.9,838.7,864,898.2,916,966,978.1,1000.8,1040.6,1060.2,1086.4,1120.4,1158.5,1179.8,1191.6,1222.2,1230.7,1261.5,1290.2,1318.8,1360.3,1391.2,1422.4,1448.9,1473.9,1493.2,1518.2,1560.9,1561.9,1584.1,1607.8,1622.4,1654.5,1670.4,1683.8,1691.8,1734,1768.4,1801,1831.8,1860.8,1915.9,1945.9,1971.9,2044.9,1982.7,2053.8,2107.1,2132.9,2187.7,2216.9,2239.2,2256.8,2267,2280.4,2300.7,2321.4,2311.2,2340.2,2380.3,2412.5,2450.1,2472.5,2459.1,2477.9,2541.3,2570.7,2574.2,2593.7,2626,2617.7,2654.9,2681.4,2672.4,2702,2731,2769.4,2790.6,2818.9,2861.5,2939.9,2941.2,2995.9,3018.1,3055.1,3117,3188.1,3191.3,3256.4,3314.5,3372.5,3393,3457.6,3501.2,3579.9,3584.5,3601.1,3671.5,3723.5,3744.7
"43","34","    Current expenditures","W022RC1",47.8,48,51.3,47.7,49.1,50.5,53.6,54.5,57.1,58.6,58.2,57.2,65.3,59,54.3,58.5,63.4,67.8,72.2,75.5,74.9,79.4,81.7,82.8,84.7,85.9,85,86.4,84.3,83.6,84.2,85.3,86.5,85.5,89.2,88.5,88.8,92.4,91.7,95.7,99.4,101.6,102.2,105.9,105.4,110.8,112.9,113.5,113.4,115.2,116.4,118.4,119,122.1,123.6,127,127.8,132.4,133,135.2,139.5,141.9,143.5,146.3,148.4,149.3,151.7,154.9,157.4,159.6,159.5,160.2,163.2,166.8,173.5,178.3,182.5,189.8,195.9,202.9,213.5,217,221.7,227.9,237.2,244.4,249.8,255.8,255.9,264.1,270.2,276.6,278.9,296,299,305.2,314,325.4,327.7,334,349.1,352,355,366.1,374.8,384.2,387.6,395.7,409.5,428.1,444.1,461.3,482.4,508.5,514.3,527.6,535.9,541.3,556.5,565.7,578.1,589.2,602.9,620.7,632.5,643,660.1,677.8,695.1,712.4,735.5,763,796.2,822.2,863,889.9,923.3,945,977.5,1005.9,1029.5,1048.9,1084.4,1127.6,1139.7,1165.1,1181.6,1183.7,1213.8,1243.1,1268.9,1300.8,1329.6,1353.3,1378.8,1402.9,1421.1,1450,1476.5,1488.9,1505.5,1525.9,1538.5,1573.4,1595.7,1603.8,1618.4,1657,1691.4,1723.6,1748.4,1779.2,1825.2,1857.4,1883.7,1924.1,1892.5,1964.3,2003.3,2046.7,2096.7,2129.8,2156.9,2178.4,2191.2,2204.4,2229.4,2248.5,2250,2270.5,2301.9,2340.8,2374.7,2396.5,2413,2405.9,2464.6,2487.8,2491.3,2524.7,2540.8,2557.6,2571.4,2604.6,2599.5,2624.8,2634.6,2674.5,2693.3,2712.9,2752.5,2805.3,2822.4,2880.2,2902.1,2941.4,3000.8,3050.2,3074.7,3120.8,3171,3225.7,3243,3297.4,3342.5,3412,3411.3,3433,3499.2,3542.8,3568.9
"44","35","    Gross government investment","A782RC1",4.3,4.3,4.7,5.1,6.2,6.7,7.1,8,8.6,9.5,10.3,10.4,9,9.4,10.2,10.6,13,16.2,19,22.3,21.9,22,22.5,22.9,23.9,24.6,24.3,23.1,23.8,23.2,21.7,21.4,21,21.9,20.7,20.3,21.8,22.2,23.9,23.7,24.2,23.9,24.6,24.7,25.1,25.3,27.3,28.2,30.5,29.5,29.3,27.8,27.7,27.5,29,28.9,31.4,30,31.2,32.8,33,32.7,33.7,33.7,33,32.8,34.8,33.9,34.2,34.6,34.8,34.9,34.2,34.8,36.5,36.7,38.7,38.2,40.3,42,43.4,42,43.2,43.3,43.1,44,43.8,43.6,45.4,43.4,43.6,40.7,42.8,42.6,44.1,44.8,41.7,41.8,42.3,41.3,42.3,42.9,41.1,44.3,47.5,46.7,45.6,47.5,51.5,56.5,58,59,62.6,58.1,63.9,67.8,70.4,65.8,65.3,64,66.9,69.1,67.6,66.5,66.4,77,80.7,84.2,79.1,85.4,93.7,95.7,101.7,99.9,97.9,101.5,107.6,105.5,105.2,109.3,106.7,112.8,112.3,117.4,117.9,119.7,125.8,128,133,137.1,139.1,148.3,149.1,157.9,165,163.1,165.1,170.5,181.1,176.2,178.9,183.7,187.9,186.7,181.5,186.3,186.3,190.4,191.1,195.1,202.2,202.3,212.4,213.7,215.8,221,216.4,221.3,222,221.5,227.1,224.6,221.3,219.4,216.7,221.1,217.6,220.7,211.9,218.2,228.7,226.6,231.5,236.1,230.8,232.5,239.1,245.5,246.3,248.7,252.5,254.7,253.3,248.1,246.2,258.9,273.1,271.2,274.4,284.4,288.3,300.1,303.3,304,305,305.6,313.2,333.9,316.3,332.7,342.3,347.1,351.1,349.2,352.3,356.7,362.4,362.4,368.6,382.2,378.7
"45","36","    Capital transfer payments","W069RC1",0,0,0,0,0,0,0,0,0,0,0,0,0,0,0,0,0,0,0,0,0,0,0,0,0,0,0,0,0,0,0,0,0,0,0,0,0,0,0,0,0,0,0,0,0,0,0,0,0,0,0.1,0.1,0.1,0.1,0.1,0.1,0.1,0.1,0.1,0.1,0.1,0.1,0.1,0.2,0.1,0.1,0.1,0.1,0.1,0.1,0.1,0.1,0.1,0.1,0.1,0.1,0.1,0.1,0.1,0.1,0.1,0.1,0.1,0.1,0.1,0.1,0.1,0.1,0.1,0.1,0.1,0.1,0.1,0.1,0.1,0.2,0.2,0.1,0.1,0.1,0.2,0.2,0.3,0.1,0.2,0.1,0.1,0.2,0.2,0.2,0.2,0.3,0.3,0.2,0.2,0.2,0.2,0.2,0.2,0.2,0.1,0.2,0.2,0.1,0.1,0.2,0.2,0.2,0.2,0.2,0.3,0.3,0.3,0.3,0.2,0.3,0.2,0.2,0.2,0.3,0.3,0.2,0.2,0.1,0.1,0,0,0,0,0,0,0,0,0,0,0,0,0,0,0,0,0,0,0,0,0,0,0,0,0,0,0.8,0.7,0,0,28.2,4.3,0.4,15.8,0,0,0.2,0,0,2.4,0,0.2,0,0,3.4,0.9,0,0,0,1.8,0,0,0,0,0,0,0.3,0.4,0.1,0,0,0.1,0,0,0,0,16.7,0,0,0.1,0,0,0,0,0,0,0.3,0.3,14.7,14.8,19.4,16.4,16.7,16.3,16.3,16.3
"46","37","    Net purchases of nonproduced assets","AD07RC1",NA,NA,NA,NA,NA,NA,NA,NA,NA,NA,NA,NA,NA,NA,NA,NA,NA,NA,NA,NA,NA,NA,NA,NA,NA,NA,NA,NA,NA,NA,NA,NA,NA,NA,NA,NA,NA,NA,NA,NA,NA,NA,NA,NA,NA,NA,NA,NA,NA,NA,NA,NA,1.1,1.4,1.4,1.4,1.3,1.5,1.6,1.5,1.6,1.8,1.6,1.6,1.5,1.8,1.9,1.5,2,2.2,2.2,1.2,1.9,1.4,1.8,1.9,2.4,1.9,2.1,1.7,1.4,0.8,2.4,0,-0.6,0.6,0.5,1.6,1.1,1.2,1.1,1,0.9,0.7,1,0.7,-0.8,1.8,1.9,1.9,1.9,1.9,1.3,-1.3,-3.5,0.6,-3.1,0.2,-1.9,-12.1,2.1,-3.3,1.2,1.4,1.7,1.8,1,-1.2,-2.6,0.3,1.7,0.6,-1.9,0.2,1.7,-1.6,2.7,1.2,-0.9,1.5,-1,-4.1,-0.9,2.5,-0.1,-10.6,2.1,-3.3,-11,-1.9,-1.5,1.1,1.6,-7.6,2.2,-12.4,-2.9,2.3,-0.4,-3.7,-1.7,0.3,3.1,2.9,-1.3,3.1,3.5,-3.8,3.8,-0.7,4.1,4,3.4,3.6,4.4,6.7,2,3.6,4.8,3.3,4.3,4.4,5.1,4.4,4.4,6.1,6,6,6,6,6.1,6.1,6.1,6.1,6.1,6,6,6.1,6.1,5.3,7.8,6.4,7,4.3,-20.9,6.4,5.5,6.1,6.4,-9,4.8,-21.3,4.4,4.9,3.5,-3.7,2.8,5,6.3,7.4,8.6,8.5,8.9,7.7,9.2,8.2,5,7.8,11.7,9.6,9.9,9.7,10.5,10.1,7.2,9,13.4,9.3,10,9.3,11.9
"47","38","    Less: Consumption of fixed capital","A264RC1",11.1,10.7,10.6,10.3,10,9.7,9.6,9.4,9.3,8.9,8.5,8.3,8,7.8,7.9,8.2,8.4,8.6,8.7,9,9.1,9.4,9.8,10,10.2,10.5,10.5,10.7,10.8,11.1,11.3,11.5,11.5,11.6,11.9,12.1,12.5,12.7,12.9,13.1,13.4,13.6,13.7,13.8,13.6,13.8,14,14.2,14.3,14.4,14.6,14.7,14.8,15,15.1,15.2,15.3,15.5,15.6,15.8,16.1,16.3,16.6,17,17.2,17.4,17.6,17.7,17.9,18,18.1,18.3,18.5,18.8,19,19.2,19.4,19.9,20.4,20.7,21,21.3,21.7,22.1,22.6,22.9,23.2,23.7,24.1,24.6,24.9,25.4,25.9,26.4,26.9,27.4,27.9,28.2,28.4,28.6,29.1,29.2,29.6,30,30.5,31.1,31.6,32.2,33.3,34.9,36.9,38.4,39.1,39.6,40.2,41,41.7,42.3,42.9,43.6,44.6,45.3,45.9,46.8,47.9,49,50.1,50.9,52,53.6,55.4,57,58.7,60.9,62.8,65,67.2,69.3,71.1,72.9,74.8,76.6,78.1,79,80,80.9,82.4,83.4,84.9,86.3,87.5,89.1,90.6,91.8,93.5,95.2,96.4,98.5,100.5,102.5,104.4,105.7,107.4,109.2,111.2,113.1,114.9,117,118.9,120.9,123,126,127.5,129.7,132.1,134.5,136.5,138.2,140.1,141.4,142.2,143.9,145.1,147,149.4,151.1,152.5,153.9,156.8,157.3,159,161.2,163,164.4,165.5,167,167.9,168.6,169.8,170.7,172,173.6,174.5,176.4,176.8,178,179.6,181.4,183.4,185.8,188,190.6,193.4,196,198.3,200.2,202,203.8,211.4,206.6,208.6,210.3,211.9,213.8,215.6,217.3,219.1,220.4,222.6,227,231.1
"48","39","  Net lending or net borrowing (-)","AD01RC1",NA,NA,NA,NA,NA,NA,NA,NA,NA,NA,NA,NA,NA,NA,NA,NA,NA,NA,NA,NA,NA,NA,NA,NA,NA,NA,NA,NA,NA,NA,NA,NA,NA,NA,NA,NA,NA,NA,NA,NA,NA,NA,NA,NA,NA,NA,NA,NA,NA,NA,NA,NA,3.9,0.6,-2.3,-6,-8.3,-9,-7.8,-6.8,-8.9,-8.3,-7.5,-7.9,-5.1,-2.6,-4.3,-3.9,-7,-11.8,-7.7,-4.7,-0.2,-0.8,-9.6,-9.5,-4.9,-4.8,-8.8,-12.9,-22.1,-21.4,-21.8,-18.9,-15.1,-16.9,-8.1,-7.2,4.1,4.1,-1.1,-0.4,-7.2,-20.4,-25.9,-31.2,-26.7,-34.5,-33.2,-29.2,-21,-18.8,-13.1,-12.1,-2.2,-9.2,-0.3,-1,-6.2,-3.5,-17.7,-32.3,-65.6,-115.2,-77.3,-82,-69.9,-57,-58.1,-56.8,-45.7,-44.3,-41.8,-43.5,-42.6,-22,-29.6,-23.2,-10.6,-20.5,-28.1,-36.1,-54.6,-82.3,-87.1,-65.9,-61.6,-59.3,-57.1,-101.6,-120.3,-134.5,-172.4,-203.7,-212.5,-184.5,-207.6,-189,-170.4,-176.1,-192.4,-208.5,-175.1,-233.8,-213.5,-224.4,-216.6,-239.8,-258.2,-222.4,-242.4,-177.9,-195.2,-197.9,-192.9,-187.4,-168.5,-178.1,-150.2,-166.3,-187.9,-202.6,-229.9,-231,-231.4,-291.9,-240,-292.4,-320.1,-326.2,-364,-361.8,-386.1,-350.5,-369.8,-328.4,-328.1,-289.3,-268.7,-232.3,-252.2,-254.2,-261.1,-251.8,-210.9,-205.2,-213.6,-181.3,-164.6,-123.5,-119.2,-66.6,-46.5,-32.3,19.4,30.8,46.2,55.2,66.4,80.4,86.6,82.7,185.9,160.6,159.6,130,109.1,49.8,-179.5,-136.8,-346.2,-389.7,-392,-460,-459.5,-511.4,-571.4,-483,-521.4,-513.7,-523.6
"49",NA,NA,NA,NA,NA,NA,NA,NA,NA,NA,NA,NA,NA,NA,NA,NA,NA,NA,NA,NA,NA,NA,NA,NA,NA,NA,NA,NA,NA,NA,NA,NA,NA,NA,NA,NA,NA,NA,NA,NA,NA,NA,NA,NA,NA,NA,NA,NA,NA,NA,NA,NA,NA,NA,NA,NA,NA,NA,NA,NA,NA,NA,NA,NA,NA,NA,NA,NA,NA,NA,NA,NA,NA,NA,NA,NA,NA,NA,NA,NA,NA,NA,NA,NA,NA,NA,NA,NA,NA,NA,NA,NA,NA,NA,NA,NA,NA,NA,NA,NA,NA,NA,NA,NA,NA,NA,NA,NA,NA,NA,NA,NA,NA,NA,NA,NA,NA,NA,NA,NA,NA,NA,NA,NA,NA,NA,NA,NA,NA,NA,NA,NA,NA,NA,NA,NA,NA,NA,NA,NA,NA,NA,NA,NA,NA,NA,NA,NA,NA,NA,NA,NA,NA,NA,NA,NA,NA,NA,NA,NA,NA,NA,NA,NA,NA,NA,NA,NA,NA,NA,NA,NA,NA,NA,NA,NA,NA,NA,NA,NA,NA,NA,NA,NA,NA,NA,NA,NA,NA,NA,NA,NA,NA,NA,NA,NA,NA,NA,NA,NA,NA,NA,NA,NA,NA,NA,NA,NA,NA,NA,NA,NA,NA,NA,NA,NA,NA,NA,NA,NA,NA,NA,NA,NA,NA,NA,NA,NA,NA,NA,NA,NA,NA,NA
"50","1. Prior to 1960, interest payments to persons (line 23) and",NA,NA,NA,NA,NA,NA,NA,NA,NA,NA,NA,NA,NA,NA,NA,NA,NA,NA,NA,NA,NA,NA,NA,NA,NA,NA,NA,NA,NA,NA,NA,NA,NA,NA,NA,NA,NA,NA,NA,NA,NA,NA,NA,NA,NA,NA,NA,NA,NA,NA,NA,NA,NA,NA,NA,NA,NA,NA,NA,NA,NA,NA,NA,NA,NA,NA,NA,NA,NA,NA,NA,NA,NA,NA,NA,NA,NA,NA,NA,NA,NA,NA,NA,NA,NA,NA,NA,NA,NA,NA,NA,NA,NA,NA,NA,NA,NA,NA,NA,NA,NA,NA,NA,NA,NA,NA,NA,NA,NA,NA,NA,NA,NA,NA,NA,NA,NA,NA,NA,NA,NA,NA,NA,NA,NA,NA,NA,NA,NA,NA,NA,NA,NA,NA,NA,NA,NA,NA,NA,NA,NA,NA,NA,NA,NA,NA,NA,NA,NA,NA,NA,NA,NA,NA,NA,NA,NA,NA,NA,NA,NA,NA,NA,NA,NA,NA,NA,NA,NA,NA,NA,NA,NA,NA,NA,NA,NA,NA,NA,NA,NA,NA,NA,NA,NA,NA,NA,NA,NA,NA,NA,NA,NA,NA,NA,NA,NA,NA,NA,NA,NA,NA,NA,NA,NA,NA,NA,NA,NA,NA,NA,NA,NA,NA,NA,NA,NA,NA,NA,NA,NA,NA,NA,NA,NA,NA,NA,NA,NA,NA,NA,NA,NA
"51","interest receipts on line 9 are not shown separately, but are",NA,NA,NA,NA,NA,NA,NA,NA,NA,NA,NA,NA,NA,NA,NA,NA,NA,NA,NA,NA,NA,NA,NA,NA,NA,NA,NA,NA,NA,NA,NA,NA,NA,NA,NA,NA,NA,NA,NA,NA,NA,NA,NA,NA,NA,NA,NA,NA,NA,NA,NA,NA,NA,NA,NA,NA,NA,NA,NA,NA,NA,NA,NA,NA,NA,NA,NA,NA,NA,NA,NA,NA,NA,NA,NA,NA,NA,NA,NA,NA,NA,NA,NA,NA,NA,NA,NA,NA,NA,NA,NA,NA,NA,NA,NA,NA,NA,NA,NA,NA,NA,NA,NA,NA,NA,NA,NA,NA,NA,NA,NA,NA,NA,NA,NA,NA,NA,NA,NA,NA,NA,NA,NA,NA,NA,NA,NA,NA,NA,NA,NA,NA,NA,NA,NA,NA,NA,NA,NA,NA,NA,NA,NA,NA,NA,NA,NA,NA,NA,NA,NA,NA,NA,NA,NA,NA,NA,NA,NA,NA,NA,NA,NA,NA,NA,NA,NA,NA,NA,NA,NA,NA,NA,NA,NA,NA,NA,NA,NA,NA,NA,NA,NA,NA,NA,NA,NA,NA,NA,NA,NA,NA,NA,NA,NA,NA,NA,NA,NA,NA,NA,NA,NA,NA,NA,NA,NA,NA,NA,NA,NA,NA,NA,NA,NA,NA,NA,NA,NA,NA,NA,NA,NA,NA,NA,NA,NA,NA,NA,NA,NA,NA,NA
"52","included in interest payments (line 22), which is shown net",NA,NA,NA,NA,NA,NA,NA,NA,NA,NA,NA,NA,NA,NA,NA,NA,NA,NA,NA,NA,NA,NA,NA,NA,NA,NA,NA,NA,NA,NA,NA,NA,NA,NA,NA,NA,NA,NA,NA,NA,NA,NA,NA,NA,NA,NA,NA,NA,NA,NA,NA,NA,NA,NA,NA,NA,NA,NA,NA,NA,NA,NA,NA,NA,NA,NA,NA,NA,NA,NA,NA,NA,NA,NA,NA,NA,NA,NA,NA,NA,NA,NA,NA,NA,NA,NA,NA,NA,NA,NA,NA,NA,NA,NA,NA,NA,NA,NA,NA,NA,NA,NA,NA,NA,NA,NA,NA,NA,NA,NA,NA,NA,NA,NA,NA,NA,NA,NA,NA,NA,NA,NA,NA,NA,NA,NA,NA,NA,NA,NA,NA,NA,NA,NA,NA,NA,NA,NA,NA,NA,NA,NA,NA,NA,NA,NA,NA,NA,NA,NA,NA,NA,NA,NA,NA,NA,NA,NA,NA,NA,NA,NA,NA,NA,NA,NA,NA,NA,NA,NA,NA,NA,NA,NA,NA,NA,NA,NA,NA,NA,NA,NA,NA,NA,NA,NA,NA,NA,NA,NA,NA,NA,NA,NA,NA,NA,NA,NA,NA,NA,NA,NA,NA,NA,NA,NA,NA,NA,NA,NA,NA,NA,NA,NA,NA,NA,NA,NA,NA,NA,NA,NA,NA,NA,NA,NA,NA,NA,NA,NA,NA,NA,NA
"53","of interest receipts. Miscellaneous receipts on line 9 includes",NA,NA,NA,NA,NA,NA,NA,NA,NA,NA,NA,NA,NA,NA,NA,NA,NA,NA,NA,NA,NA,NA,NA,NA,NA,NA,NA,NA,NA,NA,NA,NA,NA,NA,NA,NA,NA,NA,NA,NA,NA,NA,NA,NA,NA,NA,NA,NA,NA,NA,NA,NA,NA,NA,NA,NA,NA,NA,NA,NA,NA,NA,NA,NA,NA,NA,NA,NA,NA,NA,NA,NA,NA,NA,NA,NA,NA,NA,NA,NA,NA,NA,NA,NA,NA,NA,NA,NA,NA,NA,NA,NA,NA,NA,NA,NA,NA,NA,NA,NA,NA,NA,NA,NA,NA,NA,NA,NA,NA,NA,NA,NA,NA,NA,NA,NA,NA,NA,NA,NA,NA,NA,NA,NA,NA,NA,NA,NA,NA,NA,NA,NA,NA,NA,NA,NA,NA,NA,NA,NA,NA,NA,NA,NA,NA,NA,NA,NA,NA,NA,NA,NA,NA,NA,NA,NA,NA,NA,NA,NA,NA,NA,NA,NA,NA,NA,NA,NA,NA,NA,NA,NA,NA,NA,NA,NA,NA,NA,NA,NA,NA,NA,NA,NA,NA,NA,NA,NA,NA,NA,NA,NA,NA,NA,NA,NA,NA,NA,NA,NA,NA,NA,NA,NA,NA,NA,NA,NA,NA,NA,NA,NA,NA,NA,NA,NA,NA,NA,NA,NA,NA,NA,NA,NA,NA,NA,NA,NA,NA,NA,NA,NA,NA
"54","rents and royalties received by governments.",NA,NA,NA,NA,NA,NA,NA,NA,NA,NA,NA,NA,NA,NA,NA,NA,NA,NA,NA,NA,NA,NA,NA,NA,NA,NA,NA,NA,NA,NA,NA,NA,NA,NA,NA,NA,NA,NA,NA,NA,NA,NA,NA,NA,NA,NA,NA,NA,NA,NA,NA,NA,NA,NA,NA,NA,NA,NA,NA,NA,NA,NA,NA,NA,NA,NA,NA,NA,NA,NA,NA,NA,NA,NA,NA,NA,NA,NA,NA,NA,NA,NA,NA,NA,NA,NA,NA,NA,NA,NA,NA,NA,NA,NA,NA,NA,NA,NA,NA,NA,NA,NA,NA,NA,NA,NA,NA,NA,NA,NA,NA,NA,NA,NA,NA,NA,NA,NA,NA,NA,NA,NA,NA,NA,NA,NA,NA,NA,NA,NA,NA,NA,NA,NA,NA,NA,NA,NA,NA,NA,NA,NA,NA,NA,NA,NA,NA,NA,NA,NA,NA,NA,NA,NA,NA,NA,NA,NA,NA,NA,NA,NA,NA,NA,NA,NA,NA,NA,NA,NA,NA,NA,NA,NA,NA,NA,NA,NA,NA,NA,NA,NA,NA,NA,NA,NA,NA,NA,NA,NA,NA,NA,NA,NA,NA,NA,NA,NA,NA,NA,NA,NA,NA,NA,NA,NA,NA,NA,NA,NA,NA,NA,NA,NA,NA,NA,NA,NA,NA,NA,NA,NA,NA,NA,NA,NA,NA,NA,NA,NA,NA,NA,NA
"55","2. Prior to 1959, subsidies (line 25) and the current surplus of government enterprises",NA,NA,NA,NA,NA,NA,NA,NA,NA,NA,NA,NA,NA,NA,NA,NA,NA,NA,NA,NA,NA,NA,NA,NA,NA,NA,NA,NA,NA,NA,NA,NA,NA,NA,NA,NA,NA,NA,NA,NA,NA,NA,NA,NA,NA,NA,NA,NA,NA,NA,NA,NA,NA,NA,NA,NA,NA,NA,NA,NA,NA,NA,NA,NA,NA,NA,NA,NA,NA,NA,NA,NA,NA,NA,NA,NA,NA,NA,NA,NA,NA,NA,NA,NA,NA,NA,NA,NA,NA,NA,NA,NA,NA,NA,NA,NA,NA,NA,NA,NA,NA,NA,NA,NA,NA,NA,NA,NA,NA,NA,NA,NA,NA,NA,NA,NA,NA,NA,NA,NA,NA,NA,NA,NA,NA,NA,NA,NA,NA,NA,NA,NA,NA,NA,NA,NA,NA,NA,NA,NA,NA,NA,NA,NA,NA,NA,NA,NA,NA,NA,NA,NA,NA,NA,NA,NA,NA,NA,NA,NA,NA,NA,NA,NA,NA,NA,NA,NA,NA,NA,NA,NA,NA,NA,NA,NA,NA,NA,NA,NA,NA,NA,NA,NA,NA,NA,NA,NA,NA,NA,NA,NA,NA,NA,NA,NA,NA,NA,NA,NA,NA,NA,NA,NA,NA,NA,NA,NA,NA,NA,NA,NA,NA,NA,NA,NA,NA,NA,NA,NA,NA,NA,NA,NA,NA,NA,NA,NA,NA,NA,NA,NA,NA
"56","(line 14) are not shown separately; subsidies are presented net of the current surplus",NA,NA,NA,NA,NA,NA,NA,NA,NA,NA,NA,NA,NA,NA,NA,NA,NA,NA,NA,NA,NA,NA,NA,NA,NA,NA,NA,NA,NA,NA,NA,NA,NA,NA,NA,NA,NA,NA,NA,NA,NA,NA,NA,NA,NA,NA,NA,NA,NA,NA,NA,NA,NA,NA,NA,NA,NA,NA,NA,NA,NA,NA,NA,NA,NA,NA,NA,NA,NA,NA,NA,NA,NA,NA,NA,NA,NA,NA,NA,NA,NA,NA,NA,NA,NA,NA,NA,NA,NA,NA,NA,NA,NA,NA,NA,NA,NA,NA,NA,NA,NA,NA,NA,NA,NA,NA,NA,NA,NA,NA,NA,NA,NA,NA,NA,NA,NA,NA,NA,NA,NA,NA,NA,NA,NA,NA,NA,NA,NA,NA,NA,NA,NA,NA,NA,NA,NA,NA,NA,NA,NA,NA,NA,NA,NA,NA,NA,NA,NA,NA,NA,NA,NA,NA,NA,NA,NA,NA,NA,NA,NA,NA,NA,NA,NA,NA,NA,NA,NA,NA,NA,NA,NA,NA,NA,NA,NA,NA,NA,NA,NA,NA,NA,NA,NA,NA,NA,NA,NA,NA,NA,NA,NA,NA,NA,NA,NA,NA,NA,NA,NA,NA,NA,NA,NA,NA,NA,NA,NA,NA,NA,NA,NA,NA,NA,NA,NA,NA,NA,NA,NA,NA,NA,NA,NA,NA,NA,NA,NA,NA,NA,NA,NA
"57","of government enterprises.",NA,NA,NA,NA,NA,NA,NA,NA,NA,NA,NA,NA,NA,NA,NA,NA,NA,NA,NA,NA,NA,NA,NA,NA,NA,NA,NA,NA,NA,NA,NA,NA,NA,NA,NA,NA,NA,NA,NA,NA,NA,NA,NA,NA,NA,NA,NA,NA,NA,NA,NA,NA,NA,NA,NA,NA,NA,NA,NA,NA,NA,NA,NA,NA,NA,NA,NA,NA,NA,NA,NA,NA,NA,NA,NA,NA,NA,NA,NA,NA,NA,NA,NA,NA,NA,NA,NA,NA,NA,NA,NA,NA,NA,NA,NA,NA,NA,NA,NA,NA,NA,NA,NA,NA,NA,NA,NA,NA,NA,NA,NA,NA,NA,NA,NA,NA,NA,NA,NA,NA,NA,NA,NA,NA,NA,NA,NA,NA,NA,NA,NA,NA,NA,NA,NA,NA,NA,NA,NA,NA,NA,NA,NA,NA,NA,NA,NA,NA,NA,NA,NA,NA,NA,NA,NA,NA,NA,NA,NA,NA,NA,NA,NA,NA,NA,NA,NA,NA,NA,NA,NA,NA,NA,NA,NA,NA,NA,NA,NA,NA,NA,NA,NA,NA,NA,NA,NA,NA,NA,NA,NA,NA,NA,NA,NA,NA,NA,NA,NA,NA,NA,NA,NA,NA,NA,NA,NA,NA,NA,NA,NA,NA,NA,NA,NA,NA,NA,NA,NA,NA,NA,NA,NA,NA,NA,NA,NA,NA,NA,NA,NA,NA,NA
"58","3. Prior to 1960, government social benefits to the rest of the world are included in line 21,",NA,NA,NA,NA,NA,NA,NA,NA,NA,NA,NA,NA,NA,NA,NA,NA,NA,NA,NA,NA,NA,NA,NA,NA,NA,NA,NA,NA,NA,NA,NA,NA,NA,NA,NA,NA,NA,NA,NA,NA,NA,NA,NA,NA,NA,NA,NA,NA,NA,NA,NA,NA,NA,NA,NA,NA,NA,NA,NA,NA,NA,NA,NA,NA,NA,NA,NA,NA,NA,NA,NA,NA,NA,NA,NA,NA,NA,NA,NA,NA,NA,NA,NA,NA,NA,NA,NA,NA,NA,NA,NA,NA,NA,NA,NA,NA,NA,NA,NA,NA,NA,NA,NA,NA,NA,NA,NA,NA,NA,NA,NA,NA,NA,NA,NA,NA,NA,NA,NA,NA,NA,NA,NA,NA,NA,NA,NA,NA,NA,NA,NA,NA,NA,NA,NA,NA,NA,NA,NA,NA,NA,NA,NA,NA,NA,NA,NA,NA,NA,NA,NA,NA,NA,NA,NA,NA,NA,NA,NA,NA,NA,NA,NA,NA,NA,NA,NA,NA,NA,NA,NA,NA,NA,NA,NA,NA,NA,NA,NA,NA,NA,NA,NA,NA,NA,NA,NA,NA,NA,NA,NA,NA,NA,NA,NA,NA,NA,NA,NA,NA,NA,NA,NA,NA,NA,NA,NA,NA,NA,NA,NA,NA,NA,NA,NA,NA,NA,NA,NA,NA,NA,NA,NA,NA,NA,NA,NA,NA,NA,NA,NA,NA,NA
"59","other current transfer payments to the rest of the world (net).""",NA,NA,NA,NA,NA,NA,NA,NA,NA,NA,NA,NA,NA,NA,NA,NA,NA,NA,NA,NA,NA,NA,NA,NA,NA,NA,NA,NA,NA,NA,NA,NA,NA,NA,NA,NA,NA,NA,NA,NA,NA,NA,NA,NA,NA,NA,NA,NA,NA,NA,NA,NA,NA,NA,NA,NA,NA,NA,NA,NA,NA,NA,NA,NA,NA,NA,NA,NA,NA,NA,NA,NA,NA,NA,NA,NA,NA,NA,NA,NA,NA,NA,NA,NA,NA,NA,NA,NA,NA,NA,NA,NA,NA,NA,NA,NA,NA,NA,NA,NA,NA,NA,NA,NA,NA,NA,NA,NA,NA,NA,NA,NA,NA,NA,NA,NA,NA,NA,NA,NA,NA,NA,NA,NA,NA,NA,NA,NA,NA,NA,NA,NA,NA,NA,NA,NA,NA,NA,NA,NA,NA,NA,NA,NA,NA,NA,NA,NA,NA,NA,NA,NA,NA,NA,NA,NA,NA,NA,NA,NA,NA,NA,NA,NA,NA,NA,NA,NA,NA,NA,NA,NA,NA,NA,NA,NA,NA,NA,NA,NA,NA,NA,NA,NA,NA,NA,NA,NA,NA,NA,NA,NA,NA,NA,NA,NA,NA,NA,NA,NA,NA,NA,NA,NA,NA,NA,NA,NA,NA,NA,NA,NA,NA,NA,NA,NA,NA,NA,NA,NA,NA,NA,NA,NA,NA,NA,NA,NA,NA,NA,NA,NA,NA
