"","Table 5#16# Changes in Net Stock of Produced Assets (Fixed Asset","F2","F3","F4","F5","F6","F7","F8","F9","F10","F11","F12","F13","F14","F15","F16","F17","F18","F19","F20","F21","F22","F23","F24","F25","F26","F27","F28","F29","F30","F31","F32","F33","F34","F35","F36","F37","F38","F39","F40","F41","F42","F43","F44","F45","F46","F47","F48","F49","F50","F51","F52","F53","F54"
"1","[Billions of dollars]",NA,NA,NA,NA,NA,NA,NA,NA,NA,NA,NA,NA,NA,NA,NA,NA,NA,NA,NA,NA,NA,NA,NA,NA,NA,NA,NA,NA,NA,NA,NA,NA,NA,NA,NA,NA,NA,NA,NA,NA,NA,NA,NA,NA,NA,NA,NA,NA,NA,NA,NA,NA,NA
"2","Annual data from 1951 To 2001",NA,NA,NA,NA,NA,NA,NA,NA,NA,NA,NA,NA,NA,NA,NA,NA,NA,NA,NA,NA,NA,NA,NA,NA,NA,NA,NA,NA,NA,NA,NA,NA,NA,NA,NA,NA,NA,NA,NA,NA,NA,NA,NA,NA,NA,NA,NA,NA,NA,NA,NA,NA,NA
"3","Bureau of Economic Analysis",NA,NA,NA,NA,NA,NA,NA,NA,NA,NA,NA,NA,NA,NA,NA,NA,NA,NA,NA,NA,NA,NA,NA,NA,NA,NA,NA,NA,NA,NA,NA,NA,NA,NA,NA,NA,NA,NA,NA,NA,NA,NA,NA,NA,NA,NA,NA,NA,NA,NA,NA,NA,NA
"4","Data published September  2002   ",NA,NA,NA,NA,NA,NA,NA,NA,NA,NA,NA,NA,NA,NA,NA,NA,NA,NA,NA,NA,NA,NA,NA,NA,NA,NA,NA,NA,NA,NA,NA,NA,NA,NA,NA,NA,NA,NA,NA,NA,NA,NA,NA,NA,NA,NA,NA,NA,NA,NA,NA,NA,NA
"5","File created 9/25/2003 2:14:02 PM",NA,NA,NA,NA,NA,NA,NA,NA,NA,NA,NA,NA,NA,NA,NA,NA,NA,NA,NA,NA,NA,NA,NA,NA,NA,NA,NA,NA,NA,NA,NA,NA,NA,NA,NA,NA,NA,NA,NA,NA,NA,NA,NA,NA,NA,NA,NA,NA,NA,NA,NA,NA,NA
"6",NA,NA,NA,NA,NA,NA,NA,NA,NA,NA,NA,NA,NA,NA,NA,NA,NA,NA,NA,NA,NA,NA,NA,NA,NA,NA,NA,NA,NA,NA,NA,NA,NA,NA,NA,NA,NA,NA,NA,NA,NA,NA,NA,NA,NA,NA,NA,NA,NA,NA,NA,NA,NA,NA
"7","Line",NA,NA,1951,1952,1953,1954,1955,1956,1957,1958,1959,1960,1961,1962,1963,1964,1965,1966,1967,1968,1969,1970,1971,1972,1973,1974,1975,1976,1977,1978,1979,1980,1981,1982,1983,1984,1985,1986,1987,1988,1989,1990,1991,1992,1993,1994,1995,1996,1997,1998,1999,2000,2001
"8",NA,"Opening balance"," ",NA,NA,NA,NA,NA,NA,NA,NA,NA,NA,NA,NA,NA,NA,NA,NA,NA,NA,NA,NA,NA,NA,NA,NA,NA,NA,NA,NA,NA,NA,NA,NA,NA,NA,NA,NA,NA,NA,NA,NA,NA,NA,NA,NA,NA,NA,NA,NA,NA,NA,NA
"9","1","Produced assets","K16001",980.9,1083.8,1135.6,1171.1,1219.5,1306.5,1417.2,1481.8,1536.5,1592.9,1641.9,1700.5,1775.6,1836.1,1948,2080.4,2258.7,2424.5,2655.4,2897.4,3141,3465.1,3820.6,4344.9,5158.2,5554.7,6052.8,6763.9,7670.1,8861.6,10074.1,11076,11636.7,12004.4,12677.6,13296.3,14054.6,14860.9,15771.9,16652.3,17426.5,17781.9,18529.2,19486.5,20689.1,21663.8,22698.8,23892.5,25116.9,26729.4,28498.7
"10","2","  Fixed assets","K16002",883.2,972.8,1030.4,1067.6,1117.6,1202.1,1305,1365.7,1416.8,1471.6,1516.9,1572.3,1640.3,1698.3,1804.9,1923.2,2085,2240.4,2458,2681.6,2918.1,3224.4,3553.9,4022.2,4776,5167.3,5633.5,6301.2,7123.3,8216.9,9363.4,10321.1,10884.6,11234.8,11832,12439.8,13215.2,13959.9,14803.1,15636,16371.9,16753.9,17477.3,18403.6,19526.1,20441.5,21447.3,22596,23791.3,25305.9,26973.9
"11","3","    Private","K16003",671.5,735.9,776.3,808,842.2,905.7,976.1,1022.7,1055.2,1099.4,1131.4,1167.4,1209,1245.5,1330.3,1418.1,1538.7,1649.2,1815.7,1973.7,2129.6,2366.4,2613.5,2968.2,3489.4,3815.2,4207.5,4787.4,5473,6339.9,7212.7,7949.7,8376.1,8667.6,9163.5,9657.8,10266.6,10857.3,11540.9,12197.2,12760.3,13021.5,13582.6,14318,15203.7,15908.5,16722.5,17653.1,18649.6,19880.4,21215.2
"12","4","    Government","K16004",211.7,236.9,254.1,259.7,275.4,296.5,328.9,343,361.6,372.2,385.5,404.9,431.3,452.8,474.7,505,546.3,591.3,642.3,707.8,788.6,858,940.3,1054,1286.5,1352.2,1426,1513.8,1650.4,1877,2150.7,2371.3,2508.5,2567.2,2668.6,2782.1,2948.6,3102.6,3262.2,3438.7,3611.6,3732.4,3894.6,4085.6,4322.4,4533,4724.8,4942.9,5141.7,5425.5,5758.7
"13","5","  Private inventories \1\","K16005",97.7,111,105.1,103.4,101.8,104.3,112.2,116.1,119.7,121.4,125,128.2,135.3,137.7,143.1,157.2,173.7,184,197.4,215.8,222.9,240.6,266.7,322.7,382.3,387.3,419.3,462.7,546.8,644.7,710.7,754.9,752.1,769.6,845.5,856.5,839.4,901,968.8,1016.3,1054.5,1028,1052,1082.8,1163,1222.4,1251.5,1296.5,1325.6,1423.5,1524.8
"14",NA,"Accumulation of produced assets"," ",NA,NA,NA,NA,NA,NA,NA,NA,NA,NA,NA,NA,NA,NA,NA,NA,NA,NA,NA,NA,NA,NA,NA,NA,NA,NA,NA,NA,NA,NA,NA,NA,NA,NA,NA,NA,NA,NA,NA,NA,NA,NA,NA,NA,NA,NA,NA,NA,NA,NA,NA
"15","6","Gross fixed investment","K16006",67.9,72.8,78.5,78.3,85,91,94.1,91.3,103.9,103.9,106.5,115.3,121.8,131.9,144.6,158,162.5,176.8,191.7,195.1,213.9,244.8,278,292.9,301,341.2,406.5,487.3,561.1,584.4,647.9,643.3,692.8,809.5,873.3,913.9,938.6,988.8,1042.9,1062.9,1020.7,1074.7,1154.9,1260.2,1348.9,1462.8,1592.3,1742.7,1881.9,2011.6,1982.2
"16","7","  Private \2\","K16007",50.3,50.5,54.5,55.8,64,68.1,69.7,64.9,74.6,75.7,75.2,82,88.1,97.2,109,117.7,118.7,132.1,147.3,150.4,169.9,198.5,228.6,235.4,236.5,274.8,339,410.2,472.7,484.2,541,531,570,670.1,714.5,740.7,754.3,802.7,845.2,847.2,800.4,851.6,934,1034.6,1110.7,1212.7,1327.7,1465.6,1577.2,1691.8,1646.3
"17","8","    Nonresidential","K16008",31.8,31.9,35.1,34.7,39,44.5,47.5,42.5,46.5,49.4,48.8,53.1,56,63,74.8,85.4,86.4,93.4,104.7,109,114.1,128.8,153.3,169.5,173.7,192.4,228.7,278.6,331.6,360.9,418.4,425.3,417.4,490.3,527.6,522.5,526.7,568.4,613.4,630.3,608.9,626.1,682.2,748.6,825.1,899.4,999.4,1101.2,1173.5,1265.8,1201.6
"18","9","      Structures","K16009",12,12.2,13.6,13.9,15.2,18.2,19,17.6,18.1,19.6,19.7,20.8,21.2,23.7,28.3,31.3,31.5,33.6,37.7,40.3,42.7,47.2,55,61.2,61.4,65.9,74.6,91.4,114.9,133.9,164.6,175,152.7,176,193.3,175.8,172.1,181.6,193.4,202.5,183.4,172.2,179.4,187.5,204.6,225,255.8,282.4,283.7,314.2,324.5
"19","10","      Equipment and software","K16010",19.9,19.7,21.5,20.8,23.9,26.3,28.6,24.9,28.4,29.8,29.1,32.3,34.8,39.2,46.5,54,54.9,59.9,67,68.7,71.5,81.7,98.3,108.2,112.4,126.4,154.1,187.2,216.7,227,253.8,250.3,264.7,314.3,334.3,346.8,354.7,386.8,420,427.8,425.4,453.9,502.8,561.1,620.5,674.4,743.6,818.9,889.8,951.6,877.1
"20","11","    Residential","K16011",18.4,18.6,19.4,21.1,25,23.6,22.2,22.3,28.1,26.3,26.4,29,32.1,34.3,34.2,32.3,32.4,38.7,42.6,41.4,55.8,69.7,75.3,66,62.7,82.5,110.3,131.6,141,123.2,122.6,105.7,152.5,179.8,186.9,218.1,227.6,234.2,231.8,216.8,191.5,225.5,251.8,286,285.6,313.3,328.2,364.4,403.7,426,444.8
"21","12","  Government \3\","K16012",17.6,22.3,24,22.5,21,22.9,24.4,26.5,29.3,28.3,31.3,33.3,33.6,34.6,35.6,40.4,43.8,44.7,44.4,44.8,44,46.3,49.4,57.4,64.5,66.4,67.5,77.1,88.5,100.3,106.9,112.3,122.8,139.4,158.8,173.2,184.3,186.2,197.7,215.8,220.3,223.1,220.9,225.6,238.2,250.1,264.6,277.1,304.7,319.8,335.8
"22","13","    Structures","K16013",9.5,11.1,11.7,12.1,12,13.4,14.9,16.5,16.9,16.6,18,18.6,19.9,21.1,22.8,25.1,26.5,28.5,29,29.2,31.2,31.6,34.4,40.3,44.5,44.9,44.3,51.5,57.8,65.3,66.4,65,65.7,72.5,81.1,89,95.5,99,102,112.6,117,119.7,120.8,124.9,134.4,140.3,154.8,159,175.3,183.5,193.4
"23","14","    Equipment and software","K16014",8.1,11.2,12.3,10.4,9,9.5,9.5,10,12.4,11.7,13.3,14.7,13.7,13.6,12.7,15.3,17.3,16.1,15.5,15.6,12.7,14.7,15.1,17.1,20,21.5,23.2,25.6,30.7,34.9,40.5,47.3,57.1,66.8,77.7,84.2,88.8,87.2,95.7,103.1,103.3,103.4,100.1,100.6,103.8,109.8,109.8,118.1,129.4,136.3,142.4
"24","15","Less: Stock reconciliation adjustments","K16015",1.4,1.3,1.8,1.9,2.1,2.5,2.2,2.4,2.4,2.6,2.8,2.8,2.8,2.6,3,2.9,3.3,3,3.6,3.7,4,4.1,4.5,3.7,5.1,4.6,5,5.4,5.8,6.6,6.7,5.4,13.2,16.6,19.3,18,24.1,21.8,21.3,26,7.8,9.5,18.5,17.6,20.9,22.6,36.3,39.6,42,38.6,37.5
"25","16","  Private \4\","K16016",1.3,1.2,1.6,1.8,2.4,2.6,2.2,2.3,2.4,2.5,2.7,2.8,2.8,2.6,3,2.9,3.3,2.9,3.4,3.4,3.5,3.9,4.3,3.5,4.7,3.9,4.1,4.1,4.4,5.1,6.2,5.2,12.5,15.8,18.3,17.1,23.1,20.9,20.7,25.4,7.4,8.2,17.1,17,22.4,29.9,36.5,39.6,41.8,38.6,37.5
"26","17","  Government \5\","K16017",0.1,0,0.2,0,-0.3,-0.1,0,0,0,0,0.1,0.1,0,0,0,0,0,0.1,0.1,0.2,0.4,0.2,0.1,0.2,0.5,0.7,0.9,1.3,1.4,1.5,0.5,0.3,0.8,0.7,1,0.9,1,0.9,0.6,0.6,0.4,1.3,1.4,0.6,-1.5,-7.2,-0.1,0,0.1,0,0
"27","18","Less: Consumption of fixed capital, except disaster losses \6\","K16018",33.7,36.2,38.6,40.5,42.8,47.3,51.1,52.8,54.8,56.9,58.5,61,63.6,66.6,70.8,76.5,83.1,90.9,99.8,109.1,118.8,129.4,142.3,164.7,190.9,208.8,231.2,261.5,299.3,344.7,394.8,435.6,455,482.4,514.8,551.6,586.1,627.4,669.2,711.3,746.5,769.5,808.6,855.2,909.3,956.2,1013.3,1072,1141.7,1228.9,1314.9
"28","19","  Private","K16019",25,26.6,28.1,29.3,31,34.4,37.3,38.8,40.2,41.8,42.8,44.3,46,48.4,51.7,56.3,61.4,67.4,74.5,81.8,89.6,97.8,108.5,126.7,149.1,164.4,184.1,210.7,243.8,282,323.9,356.6,371.7,393.5,420.8,450.7,478.2,512.4,546.2,579.5,606.5,624.3,656,695.2,741.2,781.9,832.4,884.3,943.8,1018,1094
"29","20","    Nonresidential","K16020",20.1,21.3,22.5,23.5,24.8,27.8,30.4,31.6,32.8,33.9,34.6,35.8,37.2,39.1,41.8,45.6,49.9,54.9,60.7,66.9,73.3,79.6,87.8,103,122.4,135.2,150.9,172.3,199.5,231.3,267.7,296.4,309.1,327.6,351.3,376.6,399,427.6,456.2,484.7,508.6,523,549.1,575,621.1,656.3,699.7,744.8,793.4,858.5,922.9
"30","21","      Structures","K16021",6.5,6.9,7.1,7.2,7.6,8.5,9.1,9.4,9.7,9.9,10.1,10.4,10.7,11.1,11.8,12.7,13.5,14.7,16.2,17.8,19.7,21.9,24,28.5,33,35.5,39.8,45,52.8,59.5,70.9,80.7,81,83.6,88.5,91.9,93.4,101.3,107.1,113.1,116.6,116.9,122.1,127.7,134.5,140.3,149.4,158.1,161.9,170.8,192.4
"31","22","      Equipment and software","K16022",13.6,14.5,15.4,16.3,17.3,19.4,21.3,22.2,23.1,24.1,24.5,25.4,26.4,27.9,30,32.9,36.4,40.2,44.5,49.1,53.6,57.7,63.9,74.5,89.4,99.7,111.2,127.3,146.7,171.8,196.7,215.7,228.1,243.9,262.8,284.7,305.6,326.3,349.1,371.6,392.1,406.1,427,447.3,486.5,516,550.3,586.6,631.4,687.7,730.6
"32","23","    Residential","K16023",4.9,5.2,5.5,5.8,6.1,6.6,6.9,7.1,7.5,7.8,8.2,8.5,8.8,9.3,10,10.7,11.5,12.5,13.9,14.9,16.4,18.2,20.7,23.8,26.8,29.2,33.1,38.5,44.3,50.7,56.2,60.2,62.6,66,69.5,74.2,79.3,84.8,90,94.8,97.9,101.3,106.9,120.2,120.1,125.6,132.7,139.6,150.4,159.5,171
"33","24","  Government","K16024",8.7,9.6,10.5,11.2,11.8,12.9,13.7,14,14.6,15.2,15.7,16.7,17.6,18.3,19.1,20.2,21.7,23.4,25.2,27.3,29.2,31.5,33.8,37.9,41.8,44.4,47.2,50.8,55.5,62.7,71,79,83.3,88.8,94,100.8,107.8,115,123,131.8,140,145.3,152.6,160,168.1,174.3,180.9,187.6,197.9,210.9,220.9
"34","25","    Structures","K16025",3.5,3.7,3.9,3.9,4.1,4.6,5,5.2,5.4,5.5,5.8,6.1,6.5,6.8,7.2,7.9,8.5,9.2,10.2,11.5,12.8,13.9,15.6,19.1,21.5,22.3,23.5,25.1,28.2,32.4,36.7,39.6,40.4,41.3,42.8,45,47.7,49.9,52.2,54.9,56.9,58.5,61.3,64.6,68.5,71.9,75.7,79.2,83.5,89.1,94.1
"35","26","    Equipment and software","K16026",5.2,5.9,6.6,7.3,7.7,8.3,8.7,8.8,9.2,9.6,9.9,10.6,11.2,11.5,11.8,12.4,13.2,14.2,15,15.8,16.3,17.6,18.2,18.8,20.3,22.2,23.7,25.6,27.2,30.3,34.3,39.4,43,47.5,51.2,55.8,60.1,65.1,70.8,76.9,83.1,86.7,91.3,95.5,99.6,102.4,105.2,108.5,114.4,121.8,126.8
"36","27","Change in private inventories \7\","K16027",9.9,3.5,1.9,-1.9,5,3.9,0.8,-0.4,3.9,3.2,3,6.1,5.6,4.8,9.2,13.6,9.9,9.1,9.2,2,8.3,9.1,15.9,14,-6.3,17.1,22.3,25.8,18,-6.3,29.8,-14.9,-5.8,65.4,21.8,6.6,27.1,18.5,27.7,14.5,-0.2,15,21.1,62.6,33,30,62.9,73.1,59.5,63.6,-60.3
"37",NA,"Other changes in volume of assets"," ",NA,NA,NA,NA,NA,NA,NA,NA,NA,NA,NA,NA,NA,NA,NA,NA,NA,NA,NA,NA,NA,NA,NA,NA,NA,NA,NA,NA,NA,NA,NA,NA,NA,NA,NA,NA,NA,NA,NA,NA,NA,NA,NA,NA,NA,NA,NA,NA,NA,NA,NA
"38","28","Less: Other changes in volume of assets","K16028",0.1,0.1,0.1,0.1,0,0,0,0,0,0,0,0,0,0,0,0.4,0.5,0.8,0.6,0.6,0.5,1.6,1.1,0.2,0,0.2,0.3,0,1.1,0.5,0,0.9,1.1,0,1.7,0,0,0,8.8,0,2.3,18,4.1,21.5,2.4,0,0,0,3.5,0,14.6
"39","29","  Private fixed assets \8\","K16029",0,0,0,0,0,0,0,0,0,0,0,0,0,0,0,0,0,0,0,0,0.1,1.6,0.6,0.2,0,0.2,0.3,0,1.1,0.5,0,0.9,1.1,0,1.7,0,0,0,7.8,0,1.5,17.9,4.1,19.5,2.4,0,0,0,3.5,0,12.8
"40","30","  Government fixed assets \9\","K16030",0.1,0.1,0.1,0.1,0,0,0,0,0,0,0,0,0,0,0,0.4,0.5,0.8,0.6,0.6,0.4,0,0.4,0,0,0,0,0,0,0,0,0,0,0,0,0,0,0,1,0,0.7,0,0,2,0,0,0,0,0,0,1.7
"41","31","    General government","K16031",0.1,0.1,0.1,0.1,0,0,0,0,0,0,0,0,0,0,0,0.4,0.5,0.8,0.6,0.6,0.4,0,0.4,0,0,0,0,0,0,0,0,0,0,0,0,0,0,0,0.8,0,0.7,0,0,1.7,0,0,0,0,0,0,0.2
"42","32","    Government enterprises","K16032",0,0,0,0,0,0,0,0,0,0,0,0,0,0,0,0,0,0,0,0,0,0,0,0,0,0,0,0,0,0,0,0,0,0,0,0,0,0,0.2,0,0,0,0,0.3,0,0,0,0,0,0,1.5
"43",NA,"Revaluation"," ",NA,NA,NA,NA,NA,NA,NA,NA,NA,NA,NA,NA,NA,NA,NA,NA,NA,NA,NA,NA,NA,NA,NA,NA,NA,NA,NA,NA,NA,NA,NA,NA,NA,NA,NA,NA,NA,NA,NA,NA,NA,NA,NA,NA,NA,NA,NA,NA,NA,NA,NA
"44","33","Nominal holding gains or losses (-)","K16033",60.2,13,-4.5,14.5,41.9,65.6,23,18.9,5.8,1.3,10.5,17.5,-0.5,44.5,52.3,86.5,80.3,139.7,145,159.9,225.2,236.6,378.3,675,297.8,353.3,518.8,660,918.6,986.2,725.8,374.2,150,297.2,259.4,407.3,450.7,553,509.1,434,91.5,454.7,612.5,774.2,525.5,520.9,588.2,520.1,858.3,961.7,568.7
"45","34","  Neutral holding gains or losses (-) \10\","K16034",38.1,16.3,13.8,8.8,32,49.2,41.9,22.9,18.2,24.5,15,24.4,24,29.9,42.2,67,79.3,112.7,145.3,153.3,156.5,155.7,302.8,512.2,345.8,329.3,427.7,532.1,797.2,929.1,752.1,496,384.5,388.1,364.3,327.7,479,569.3,592.7,751.1,430.2,432.6,382.4,448.2,419.6,405.3,251.8,231,563.4,694.2,309.8
"46","35","    Fixed assets","K16035",34.3,14.7,12.5,8.1,29.3,45.3,38.6,21.1,16.8,22.7,13.9,22.6,22.1,27.6,39.1,61.9,73.2,104.1,134.4,142,145.4,144.9,281.4,473.9,320.6,306.1,397.8,495.3,740.4,862.6,698.7,462.7,360,362.6,340,306.8,450.3,534.8,556.2,705.4,404.3,407.6,360.7,422.8,395.9,382.4,237.8,217.9,533.1,656.4,295.2
"47","36","      Private","K16036",26,11.1,9.4,6.1,22.1,34.1,28.9,15.8,12.5,16.9,10.3,16.7,16.3,20.3,28.8,45.6,54,76.7,99.4,104.7,106.3,106.7,207.7,350.5,234.4,226.4,297.9,377.4,570.3,666.4,538.9,356.7,277.2,280.1,263.5,238.3,349.8,416.1,433.7,550,314.9,316.7,280.4,329.2,308.5,297.9,185.5,171.7,421,520.1,234.5
"48","37","      Government","K16037",8.2,3.6,3.1,2,7.2,11.2,9.7,5.3,4.3,5.7,3.6,5.8,5.8,7.4,10.3,16.2,19.2,27.4,35,37.4,39,38.2,73.7,123.5,86.2,79.7,99.9,117.9,170.1,196.2,159.8,106.1,82.7,82.6,76.5,68.5,100.5,118.8,122.5,155.4,89.5,91,80.3,93.6,87.5,84.6,52.2,46.3,112.1,136.3,60.7
"49","38","    Private inventories \1\","K16038",3.9,1.7,1.3,0.8,2.7,3.9,3.3,1.8,1.4,1.9,1.1,1.9,1.8,2.2,3.1,5.2,6.2,8.6,10.9,11.3,11.1,10.8,21.4,38.2,25.2,23.2,29.9,36.7,56.8,66.5,53.4,33.3,24.5,25.5,24.3,20.9,28.7,34.5,36.5,45.7,25.8,25,21.7,25.4,23.7,22.9,14,13.1,30.3,37.8,14.6
"50","39","  Real holding gains or losses (-)","K16039",22.1,-3.3,-18.3,5.7,9.8,16.3,-18.9,-4.1,-12.4,-23.2,-4.6,-7,-24.5,14.7,10.1,19.5,1,27,-0.2,6.5,68.7,80.9,75.5,162.8,-48.1,24,91.1,127.9,121.4,57.1,-26.3,-121.8,-234.5,-91,-104.9,79.6,-28.3,-16.3,-83.6,-317.1,-338.7,22,230,326,105.9,115.6,336.5,289.1,294.8,267.5,259
"51","40","    Fixed assets","K16040",22.7,7.7,-13.4,6.1,15,16.3,-18.8,-6.2,-8.7,-21.7,-3.7,-6.1,-19.5,16.4,8.3,21.8,6.7,31.3,1.4,12.8,70.3,74.8,56.7,155.5,-34.2,32.3,100,106.4,98.2,51.3,12.7,-100.6,-233.3,-75.9,-69.8,124.3,-34,-31.2,-66.9,-295.1,-286.5,38,242,333.8,103.2,139.4,368.4,346.2,286.8,267.6,307.9
"52","41","      Private","K16041",14.4,6.7,-2.6,3.5,10.7,5.2,-12.5,-7,-0.3,-16.2,-4.1,-10.1,-19.2,18.3,4.8,16.5,2.5,28.1,-10.7,-14,53.9,45.2,31.8,65.7,8.6,59.4,131.6,112.7,73.3,9.8,-12.8,-98.7,-170.5,-44.9,-43,97.8,-12.1,-1.9,-47.8,-229.2,-238.6,43.2,198.3,253.5,51.6,115.3,286.3,283.1,221.7,179.4,238.7
"53","42","      Government","K16042",8.3,1,-10.8,2.6,4.4,11.1,-6.2,0.8,-8.4,-5.5,0.4,3.9,-0.3,-1.9,3.6,5.3,4.2,3.2,12,26.8,16.5,29.5,24.9,89.7,-42.8,-27.1,-31.6,-6.3,24.9,41.4,25.4,-1.9,-62.8,-31,-26.8,26.5,-22,-29.3,-19.1,-65.9,-47.8,-5.2,43.7,80.2,51.6,24.1,82.1,63,65.1,88.1,69.3
"54","43","    Private inventories \1\","K16043",-0.5,-11,-4.9,-0.4,-5.2,0,-0.1,2.2,-3.7,-1.5,-0.8,-0.9,-5,-1.7,1.8,-2.3,-5.7,-4.3,-1.6,-6.3,-1.6,6.1,18.7,7.3,-13.9,-8.3,-8.8,21.5,23.2,5.9,-39,-21.2,-1.2,-15,-35.1,-44.6,5.7,14.9,-16.7,-22,-52.2,-16,-12,-7.8,2.7,-23.7,-31.9,-57,8,-0.1,-49
"55",NA,"Closing balance"," ",NA,NA,NA,NA,NA,NA,NA,NA,NA,NA,NA,NA,NA,NA,NA,NA,NA,NA,NA,NA,NA,NA,NA,NA,NA,NA,NA,NA,NA,NA,NA,NA,NA,NA,NA,NA,NA,NA,NA,NA,NA,NA,NA,NA,NA,NA,NA,NA,NA,NA,NA
"56","44","Produced assets \11\","K16044",1083.8,1135.6,1171.1,1219.5,1306.5,1417.2,1481.8,1536.5,1592.9,1641.9,1700.5,1775.6,1836.1,1948,2080.4,2258.7,2424.5,2655.4,2897.4,3141,3465.1,3820.6,4344.9,5158.2,5554.7,6052.8,6763.9,7670.1,8861.6,10074.1,11076,11636.7,12004.4,12677.6,13296.3,14054.6,14860.9,15771.9,16652.3,17426.5,17781.9,18529.2,19486.5,20689.1,21663.8,22698.8,23892.5,25116.9,26729.4,28498.7,29622.3
"57","45","  Fixed assets","K16045",972.8,1030.4,1067.6,1117.6,1202.1,1305,1365.7,1416.8,1471.6,1516.9,1572.3,1640.3,1698.3,1804.9,1923.2,2085,2240.4,2458,2681.6,2918.1,3224.4,3553.9,4022.2,4776,5167.3,5633.5,6301.2,7123.3,8216.9,9363.4,10321.1,10884.6,11234.8,11832,12439.8,13215.2,13959.9,14803.1,15636,16371.9,16753.9,17477.3,18403.6,19526.1,20441.5,21447.3,22596,23791.3,25305.9,26973.9,28192.2
"58","46","    Private","K16046",735.9,776.3,808,842.2,905.7,976.1,1022.7,1055.2,1099.4,1131.4,1167.4,1209,1245.5,1330.3,1418.1,1538.7,1649.2,1815.7,1973.7,2129.6,2366.4,2613.5,2968.2,3489.4,3815.2,4207.5,4787.4,5473,6339.9,7212.7,7949.7,8376.1,8667.6,9163.5,9657.8,10266.6,10857.3,11540.9,12197.2,12760.3,13021.5,13582.6,14318,15203.7,15908.5,16722.5,17653.1,18649.6,19880.4,21215.2,22190.4
"59","47","    Government","K16047",236.9,254.1,259.7,275.4,296.5,328.9,343,361.6,372.2,385.5,404.9,431.3,452.8,474.7,505,546.3,591.3,642.3,707.8,788.6,858,940.3,1054,1286.5,1352.2,1426,1513.8,1650.4,1877,2150.7,2371.3,2508.5,2567.2,2668.6,2782.1,2948.6,3102.6,3262.2,3438.7,3611.6,3732.4,3894.6,4085.6,4322.4,4533,4724.8,4942.9,5141.7,5425.5,5758.7,6001.8
"60","48","  Private inventories \1\","K16048",111,105.1,103.4,101.8,104.3,112.2,116.1,119.7,121.4,125,128.2,135.3,137.7,143.1,157.2,173.7,184,197.4,215.8,222.9,240.6,266.7,322.7,382.3,387.3,419.3,462.7,546.8,644.7,710.7,754.9,752.1,769.6,845.5,856.5,839.4,901,968.8,1016.3,1054.5,1028,1052,1082.8,1163,1222.4,1251.5,1296.5,1325.6,1423.5,1524.8,1430.1
"61",NA,"Addenda:"," ",NA,NA,NA,NA,NA,NA,NA,NA,NA,NA,NA,NA,NA,NA,NA,NA,NA,NA,NA,NA,NA,NA,NA,NA,NA,NA,NA,NA,NA,NA,NA,NA,NA,NA,NA,NA,NA,NA,NA,NA,NA,NA,NA,NA,NA,NA,NA,NA,NA,NA,NA
"62","49","  Intersectoral auto valuation adjustment \12\","K16049",1,0.9,1.3,1.6,2,2.1,1.8,1.9,2,2.1,2.3,2.3,2.5,2.3,2.6,2.9,3.1,2.9,3.3,3.8,4,4.1,4.6,4.3,4.7,5,5.2,5.6,6.8,7.9,7.8,8.2,8.4,12.4,13.1,13.5,14.6,15.6,16.5,16.3,4.4,8.3,12.2,14.4,14.6,17.7,23.1,26.4,28.3,26.7,25.3
"63","50","  Brokers' commissions on sale of nonresidential used structures and dealers' margins on used equipment","K16050",0.4,0.3,0.3,0.2,0.4,0.4,0.5,0.4,0.4,0.4,0.4,0.5,0.5,0.6,0.7,0.8,0.7,0.8,0.8,0.8,0.8,0.9,1.1,1.2,1.3,1.4,1.7,1.8,1.9,1.9,2.1,3.3,3.3,3.8,4.1,4.2,4.6,5.3,5.8,6.2,5.6,5.6,6.6,7.2,8.2,8.8,9.7,10.5,10.5,11.3,11.1
"64","51","  Electric plants put in place less electric plants put in use \13\","K16051",0.1,0,0.2,0,-0.3,-0.1,0,0,0,0,0.1,0,-0.2,-0.2,-0.3,-0.8,-0.5,-0.6,-0.6,-0.9,-0.8,-0.9,-1.2,-1.9,-0.8,-1.8,-1.9,-2.3,-3.3,-3.6,-6,-6.8,-5.4,-2.9,2.1,0.3,4.9,0.9,-1,3.5,-2.2,-4.4,-0.4,-4,-1.9,-3.9,3.5,2.7,3.1,0.6,1.2
"65","52","    Private","K16052",0,0,0,0,0,0,0,0,0,0,0,0,-0.2,-0.2,-0.3,-0.7,-0.5,-0.7,-0.7,-1.1,-1.3,-1.1,-1.3,-2.1,-1.3,-2.5,-2.7,-3.6,-4.8,-5.1,-6.5,-7,-6.2,-3.6,1,-0.6,3.9,0,-1.6,2.9,-2.6,-5.7,-1.7,-4.6,-0.4,3.4,3.6,2.7,3,0.6,1.2
"66","53","    Government","K16053",0.1,0,0.2,0,-0.3,-0.1,0,0,0,0,0.1,0.1,0,0,0,0,0,0.1,0.1,0.2,0.4,0.2,0.1,0.2,0.5,0.7,0.9,1.3,1.4,1.5,0.5,0.3,0.8,0.7,1,0.9,1,0.9,0.6,0.6,0.4,1.3,1.4,0.6,-1.5,-7.2,-0.1,0,0.1,0,0
"67","54","  Abandoned electric plants \14\","K16054",0,0,0,0,0,0,0,0,0,0,0,0,0,0,0,0,0,0,0,0,0,0,0,0,0,0,0,0.3,0.4,0.4,2.8,2.6,7,4.5,0,0,0,0,0,0,0,0,0,0,0,0,0,0,0,0,0
"68",NA,NA,NA,NA,NA,NA,NA,NA,NA,NA,NA,NA,NA,NA,NA,NA,NA,NA,NA,NA,NA,NA,NA,NA,NA,NA,NA,NA,NA,NA,NA,NA,NA,NA,NA,NA,NA,NA,NA,NA,NA,NA,NA,NA,NA,NA,NA,NA,NA,NA,NA,NA,NA,NA
"69"," 1. Estimates of government inventories are not available.",NA,NA,NA,NA,NA,NA,NA,NA,NA,NA,NA,NA,NA,NA,NA,NA,NA,NA,NA,NA,NA,NA,NA,NA,NA,NA,NA,NA,NA,NA,NA,NA,NA,NA,NA,NA,NA,NA,NA,NA,NA,NA,NA,NA,NA,NA,NA,NA,NA,NA,NA,NA,NA
"70"," 2. Private fixed investment shown in table 5.2, line 4.",NA,NA,NA,NA,NA,NA,NA,NA,NA,NA,NA,NA,NA,NA,NA,NA,NA,NA,NA,NA,NA,NA,NA,NA,NA,NA,NA,NA,NA,NA,NA,NA,NA,NA,NA,NA,NA,NA,NA,NA,NA,NA,NA,NA,NA,NA,NA,NA,NA,NA,NA,NA,NA
"71"," 3. Gross government investment shown in table 5.2, line 20.",NA,NA,NA,NA,NA,NA,NA,NA,NA,NA,NA,NA,NA,NA,NA,NA,NA,NA,NA,NA,NA,NA,NA,NA,NA,NA,NA,NA,NA,NA,NA,NA,NA,NA,NA,NA,NA,NA,NA,NA,NA,NA,NA,NA,NA,NA,NA,NA,NA,NA,NA,NA,NA
"72"," 4. Consists of intersectoral auto valuation adjustment (line 49); brokers' commissions on sale of nonresidential used structures ",NA,NA,NA,NA,NA,NA,NA,NA,NA,NA,NA,NA,NA,NA,NA,NA,NA,NA,NA,NA,NA,NA,NA,NA,NA,NA,NA,NA,NA,NA,NA,NA,NA,NA,NA,NA,NA,NA,NA,NA,NA,NA,NA,NA,NA,NA,NA,NA,NA,NA,NA,NA,NA
"73","and dealers' margins on used",NA,NA,NA,NA,NA,NA,NA,NA,NA,NA,NA,NA,NA,NA,NA,NA,NA,NA,NA,NA,NA,NA,NA,NA,NA,NA,NA,NA,NA,NA,NA,NA,NA,NA,NA,NA,NA,NA,NA,NA,NA,NA,NA,NA,NA,NA,NA,NA,NA,NA,NA,NA,NA
"74","equipment (line 50); and private electric plants put in place less electric plants put in use (line 52).",NA,NA,NA,NA,NA,NA,NA,NA,NA,NA,NA,NA,NA,NA,NA,NA,NA,NA,NA,NA,NA,NA,NA,NA,NA,NA,NA,NA,NA,NA,NA,NA,NA,NA,NA,NA,NA,NA,NA,NA,NA,NA,NA,NA,NA,NA,NA,NA,NA,NA,NA,NA,NA
"75"," 5. Consists of government electric plants put in place less electric plants put in use (line 53).",NA,NA,NA,NA,NA,NA,NA,NA,NA,NA,NA,NA,NA,NA,NA,NA,NA,NA,NA,NA,NA,NA,NA,NA,NA,NA,NA,NA,NA,NA,NA,NA,NA,NA,NA,NA,NA,NA,NA,NA,NA,NA,NA,NA,NA,NA,NA,NA,NA,NA,NA,NA,NA
"76"," 6. Equals consumption of fixed capital shown in table 1.9, line 5 less the other changes in volume of private fixed assets (line ",NA,NA,NA,NA,NA,NA,NA,NA,NA,NA,NA,NA,NA,NA,NA,NA,NA,NA,NA,NA,NA,NA,NA,NA,NA,NA,NA,NA,NA,NA,NA,NA,NA,NA,NA,NA,NA,NA,NA,NA,NA,NA,NA,NA,NA,NA,NA,NA,NA,NA,NA,NA,NA
"77","29) and government enterprises fixed assets (line 32).",NA,NA,NA,NA,NA,NA,NA,NA,NA,NA,NA,NA,NA,NA,NA,NA,NA,NA,NA,NA,NA,NA,NA,NA,NA,NA,NA,NA,NA,NA,NA,NA,NA,NA,NA,NA,NA,NA,NA,NA,NA,NA,NA,NA,NA,NA,NA,NA,NA,NA,NA,NA,NA
"78"," 7. Change in private inventories shown in table 1.1, line 12.  Inventory estimates are not adjusted for disaster losses, theft, ",NA,NA,NA,NA,NA,NA,NA,NA,NA,NA,NA,NA,NA,NA,NA,NA,NA,NA,NA,NA,NA,NA,NA,NA,NA,NA,NA,NA,NA,NA,NA,NA,NA,NA,NA,NA,NA,NA,NA,NA,NA,NA,NA,NA,NA,NA,NA,NA,NA,NA,NA,NA,NA
"79","obsolescence, or infestation.",NA,NA,NA,NA,NA,NA,NA,NA,NA,NA,NA,NA,NA,NA,NA,NA,NA,NA,NA,NA,NA,NA,NA,NA,NA,NA,NA,NA,NA,NA,NA,NA,NA,NA,NA,NA,NA,NA,NA,NA,NA,NA,NA,NA,NA,NA,NA,NA,NA,NA,NA,NA,NA
"80"," 8. Consists of disaster losses.  Structures and equipment destroyed are valued at current cost.",NA,NA,NA,NA,NA,NA,NA,NA,NA,NA,NA,NA,NA,NA,NA,NA,NA,NA,NA,NA,NA,NA,NA,NA,NA,NA,NA,NA,NA,NA,NA,NA,NA,NA,NA,NA,NA,NA,NA,NA,NA,NA,NA,NA,NA,NA,NA,NA,NA,NA,NA,NA,NA
"81"," 9. Consists of disaster and war losses.  Structures and equipment destroyed are valued at current cost.",NA,NA,NA,NA,NA,NA,NA,NA,NA,NA,NA,NA,NA,NA,NA,NA,NA,NA,NA,NA,NA,NA,NA,NA,NA,NA,NA,NA,NA,NA,NA,NA,NA,NA,NA,NA,NA,NA,NA,NA,NA,NA,NA,NA,NA,NA,NA,NA,NA,NA,NA,NA,NA
"82"," 10. Neutral holding gains are the gains derived from holding an asset if the price of an asset changed in the same proportion as ",NA,NA,NA,NA,NA,NA,NA,NA,NA,NA,NA,NA,NA,NA,NA,NA,NA,NA,NA,NA,NA,NA,NA,NA,NA,NA,NA,NA,NA,NA,NA,NA,NA,NA,NA,NA,NA,NA,NA,NA,NA,NA,NA,NA,NA,NA,NA,NA,NA,NA,NA,NA,NA
"83","the general price level.",NA,NA,NA,NA,NA,NA,NA,NA,NA,NA,NA,NA,NA,NA,NA,NA,NA,NA,NA,NA,NA,NA,NA,NA,NA,NA,NA,NA,NA,NA,NA,NA,NA,NA,NA,NA,NA,NA,NA,NA,NA,NA,NA,NA,NA,NA,NA,NA,NA,NA,NA,NA,NA
"84","The chain-type price index for gross domestic purchases is used as a measure for the general price level.",NA,NA,NA,NA,NA,NA,NA,NA,NA,NA,NA,NA,NA,NA,NA,NA,NA,NA,NA,NA,NA,NA,NA,NA,NA,NA,NA,NA,NA,NA,NA,NA,NA,NA,NA,NA,NA,NA,NA,NA,NA,NA,NA,NA,NA,NA,NA,NA,NA,NA,NA,NA,NA
"85"," 11. Equals lines 1+6-15-18+27-28+33.",NA,NA,NA,NA,NA,NA,NA,NA,NA,NA,NA,NA,NA,NA,NA,NA,NA,NA,NA,NA,NA,NA,NA,NA,NA,NA,NA,NA,NA,NA,NA,NA,NA,NA,NA,NA,NA,NA,NA,NA,NA,NA,NA,NA,NA,NA,NA,NA,NA,NA,NA,NA,NA
"86"," 12. Used autos are valued at acquisition prices less depreciation in the estimates of the stocks of private fixed assets and ",NA,NA,NA,NA,NA,NA,NA,NA,NA,NA,NA,NA,NA,NA,NA,NA,NA,NA,NA,NA,NA,NA,NA,NA,NA,NA,NA,NA,NA,NA,NA,NA,NA,NA,NA,NA,NA,NA,NA,NA,NA,NA,NA,NA,NA,NA,NA,NA,NA,NA,NA,NA,NA
"87","consumer durable goods;",NA,NA,NA,NA,NA,NA,NA,NA,NA,NA,NA,NA,NA,NA,NA,NA,NA,NA,NA,NA,NA,NA,NA,NA,NA,NA,NA,NA,NA,NA,NA,NA,NA,NA,NA,NA,NA,NA,NA,NA,NA,NA,NA,NA,NA,NA,NA,NA,NA,NA,NA,NA,NA
"88","net purchases of used autos by business from consumers are valued at wholesale prices in gross fixed investment.",NA,NA,NA,NA,NA,NA,NA,NA,NA,NA,NA,NA,NA,NA,NA,NA,NA,NA,NA,NA,NA,NA,NA,NA,NA,NA,NA,NA,NA,NA,NA,NA,NA,NA,NA,NA,NA,NA,NA,NA,NA,NA,NA,NA,NA,NA,NA,NA,NA,NA,NA,NA,NA
"89"," 13. This adjustment reflects a timing difference between fixed investment and the stock of produced assets.  In investment, the ",NA,NA,NA,NA,NA,NA,NA,NA,NA,NA,NA,NA,NA,NA,NA,NA,NA,NA,NA,NA,NA,NA,NA,NA,NA,NA,NA,NA,NA,NA,NA,NA,NA,NA,NA,NA,NA,NA,NA,NA,NA,NA,NA,NA,NA,NA,NA,NA,NA,NA,NA,NA,NA
"90","value of structures and equipment for electric plants",NA,NA,NA,NA,NA,NA,NA,NA,NA,NA,NA,NA,NA,NA,NA,NA,NA,NA,NA,NA,NA,NA,NA,NA,NA,NA,NA,NA,NA,NA,NA,NA,NA,NA,NA,NA,NA,NA,NA,NA,NA,NA,NA,NA,NA,NA,NA,NA,NA,NA,NA,NA,NA
"91","is recorded on a put-in-place basis; in the stocks, the investment is recorded when the plants are put in use.",NA,NA,NA,NA,NA,NA,NA,NA,NA,NA,NA,NA,NA,NA,NA,NA,NA,NA,NA,NA,NA,NA,NA,NA,NA,NA,NA,NA,NA,NA,NA,NA,NA,NA,NA,NA,NA,NA,NA,NA,NA,NA,NA,NA,NA,NA,NA,NA,NA,NA,NA,NA,NA
"92"," 14. Consists of the value of abandoned nuclear power plants that were never put in use.  The investment in these plants is ",NA,NA,NA,NA,NA,NA,NA,NA,NA,NA,NA,NA,NA,NA,NA,NA,NA,NA,NA,NA,NA,NA,NA,NA,NA,NA,NA,NA,NA,NA,NA,NA,NA,NA,NA,NA,NA,NA,NA,NA,NA,NA,NA,NA,NA,NA,NA,NA,NA,NA,NA,NA,NA
"93","included in gross fixed investment,",NA,NA,NA,NA,NA,NA,NA,NA,NA,NA,NA,NA,NA,NA,NA,NA,NA,NA,NA,NA,NA,NA,NA,NA,NA,NA,NA,NA,NA,NA,NA,NA,NA,NA,NA,NA,NA,NA,NA,NA,NA,NA,NA,NA,NA,NA,NA,NA,NA,NA,NA,NA,NA
"94","but does not enter the opening or closing balances--it is included in the adjustments to gross fixed investment shown in line 15.",NA,NA,NA,NA,NA,NA,NA,NA,NA,NA,NA,NA,NA,NA,NA,NA,NA,NA,NA,NA,NA,NA,NA,NA,NA,NA,NA,NA,NA,NA,NA,NA,NA,NA,NA,NA,NA,NA,NA,NA,NA,NA,NA,NA,NA,NA,NA,NA,NA,NA,NA,NA,NA
