"","Table 5#7#5BU1# Change in Private Inventories by Industry       ","F2","F3","F4","F5","F6","F7","F8","F9","F10","F11","F12","F13","F14","F15","F16","F17","F18","F19","F20","F21","F22","F23","F24","F25","F26","F27","F28","F29","F30","F31","F32","F33","F34","F35","F36","F37","F38","F39","F40","F41","F42","F43","F44","F45","F46","F47","F48","F49","F50","F51","F52","F53","F54","F55","F56","F57","F58","F59","F60","F61","F62","F63","F64","F65","F66","F67","F68","F69","F70","F71","F72","F73","F74","F75","F76"
"1","[Millions of dollars; quarters seasonally adjusted at annual rates];                                                                                                     ",NA,NA,NA,NA,NA,NA,NA,NA,NA,NA,NA,NA,NA,NA,NA,NA,NA,NA,NA,NA,NA,NA,NA,NA,NA,NA,NA,NA,NA,NA,NA,NA,NA,NA,NA,NA,NA,NA,NA,NA,NA,NA,NA,NA,NA,NA,NA,NA,NA,NA,NA,NA,NA,NA,NA,NA,NA,NA,NA,NA,NA,NA,NA,NA,NA,NA,NA,NA,NA,NA,NA,NA,NA,NA,NA
"2","Quarterly data from 1997 To 2015",NA,NA,NA,NA,NA,NA,NA,NA,NA,NA,NA,NA,NA,NA,NA,NA,NA,NA,NA,NA,NA,NA,NA,NA,NA,NA,NA,NA,NA,NA,NA,NA,NA,NA,NA,NA,NA,NA,NA,NA,NA,NA,NA,NA,NA,NA,NA,NA,NA,NA,NA,NA,NA,NA,NA,NA,NA,NA,NA,NA,NA,NA,NA,NA,NA,NA,NA,NA,NA,NA,NA,NA,NA,NA,NA
"3","Bureau of Economic Analysis",NA,NA,NA,NA,NA,NA,NA,NA,NA,NA,NA,NA,NA,NA,NA,NA,NA,NA,NA,NA,NA,NA,NA,NA,NA,NA,NA,NA,NA,NA,NA,NA,NA,NA,NA,NA,NA,NA,NA,NA,NA,NA,NA,NA,NA,NA,NA,NA,NA,NA,NA,NA,NA,NA,NA,NA,NA,NA,NA,NA,NA,NA,NA,NA,NA,NA,NA,NA,NA,NA,NA,NA,NA,NA,NA
"4","Data published June 01, 2015     ",NA,NA,NA,NA,NA,NA,NA,NA,NA,NA,NA,NA,NA,NA,NA,NA,NA,NA,NA,NA,NA,NA,NA,NA,NA,NA,NA,NA,NA,NA,NA,NA,NA,NA,NA,NA,NA,NA,NA,NA,NA,NA,NA,NA,NA,NA,NA,NA,NA,NA,NA,NA,NA,NA,NA,NA,NA,NA,NA,NA,NA,NA,NA,NA,NA,NA,NA,NA,NA,NA,NA,NA,NA,NA,NA
"5","File created 5/29/2015 10:42:33 AM",NA,NA,NA,NA,NA,NA,NA,NA,NA,NA,NA,NA,NA,NA,NA,NA,NA,NA,NA,NA,NA,NA,NA,NA,NA,NA,NA,NA,NA,NA,NA,NA,NA,NA,NA,NA,NA,NA,NA,NA,NA,NA,NA,NA,NA,NA,NA,NA,NA,NA,NA,NA,NA,NA,NA,NA,NA,NA,NA,NA,NA,NA,NA,NA,NA,NA,NA,NA,NA,NA,NA,NA,NA,NA,NA
"6",NA,NA,NA,NA,NA,NA,NA,NA,NA,NA,NA,NA,NA,NA,NA,NA,NA,NA,NA,NA,NA,NA,NA,NA,NA,NA,NA,NA,NA,NA,NA,NA,NA,NA,NA,NA,NA,NA,NA,NA,NA,NA,NA,NA,NA,NA,NA,NA,NA,NA,NA,NA,NA,NA,NA,NA,NA,NA,NA,NA,NA,NA,NA,NA,NA,NA,NA,NA,NA,NA,NA,NA,NA,NA,NA,NA
"7","Line",NA,NA,1997,1997,1997,1997,1998,1998,1998,1998,1999,1999,1999,1999,2000,2000,2000,2000,2001,2001,2001,2001,2002,2002,2002,2002,2003,2003,2003,2003,2004,2004,2004,2004,2005,2005,2005,2005,2006,2006,2006,2006,2007,2007,2007,2007,2008,2008,2008,2008,2009,2009,2009,2009,2010,2010,2010,2010,2011,2011,2011,2011,2012,2012,2012,2012,2013,2013,2013,2013,2014,2014,2014,2014,2015
"8",NA,NA,NA,1,2,3,4,1,2,3,4,1,2,3,4,1,2,3,4,1,2,3,4,1,2,3,4,1,2,3,4,1,2,3,4,1,2,3,4,1,2,3,4,1,2,3,4,1,2,3,4,1,2,3,4,1,2,3,4,1,2,3,4,1,2,3,4,1,2,3,4,1,2,3,4,1
"9","1","    Nonfarm industries","CNF0",50349,87628,59648,73051,99478,42246,51892,56197,79285,35308,49616,89974,33897,84500,58360,47012,-36244,-8565,-31922,-76552,-4275,29463,28166,30639,28157,991,7258,40471,44448,57793,54582,63386,106189,29693,13600,87935,70685,85409,83428,42675,14853,52017,50980,22780,-13266,-27814,-25427,-67903,-145325,-186875,-200891,-50779,13331,56061,133167,72848,25749,64297,-18731,87378,78261,96705,96466,22624,34288,40252,94017,78171,36977,91815,83381,84279,98903
"10","2","Mining, utilities, and construction","CCMU0",12,3442,3269,-645,5775,5357,3898,6536,145,208,-2171,-3268,2364,-2579,-733,-7839,9882,10839,5060,6995,101,-3122,-4924,-3635,7005,2862,6073,8106,-2537,856,5538,1097,3976,9858,-2369,2863,14482,21502,15583,13399,1336,2057,-1843,-15201,-13073,-14473,8896,-12275,12569,9251,-8543,-23610,-15140,9517,4054,7141,-10633,-8870,-5450,4695,25080,8396,-4005,-6186,-12227,499,13848,-9506,-21720,10872,10196,3428,-3696
"11","3","Manufacturing industries","C300",15539,22745,20016,25971,31610,15634,6873,7575,12168,4617,15454,23310,-3591,14056,5926,11136,-20117,-19162,-24049,-30696,-15407,-645,11179,3989,87,-8670,-16538,-3319,-1607,7154,2578,14119,41435,4098,9780,27588,22167,20482,20732,10363,8314,20492,15726,24441,24064,-23972,-29666,-30586,-24293,-40822,-39275,-651,10148,4535,37506,41430,20822,42338,-2988,37002,13636,12914,29127,-7843,2059,7480,13705,10984,13816,31672,13316,11908,17692
"12",NA,"  By type of industry:"," ",NA,NA,NA,NA,NA,NA,NA,NA,NA,NA,NA,NA,NA,NA,NA,NA,NA,NA,NA,NA,NA,NA,NA,NA,NA,NA,NA,NA,NA,NA,NA,NA,NA,NA,NA,NA,NA,NA,NA,NA,NA,NA,NA,NA,NA,NA,NA,NA,NA,NA,NA,NA,NA,NA,NA,NA,NA,NA,NA,NA,NA,NA,NA,NA,NA,NA,NA,NA,NA,NA,NA,NA,NA
"13","4","    Durable goods industries","C30D0",8981,15785,14349,17470,29679,16509,9253,8629,5708,-3619,10540,12644,-1944,9486,4408,12927,-14588,-12762,-22483,-28224,-9892,-4696,301,3210,1609,-9674,-13855,3375,-3251,6283,3828,8614,27395,8485,13353,16788,10148,11465,18301,9735,13250,4122,7857,24716,-3337,-29634,-6243,16474,-20444,-36348,-32685,-6760,8975,17626,22521,20268,28192,24633,13774,22699,18166,16849,23073,3626,6708,9672,16986,15550,17356,21472,18108,25272,20988
"14","5","      Wood product manufacturing","C3210",-593,4,1855,187,-448,698,1286,428,279,331,221,1701,423,338,-449,365,-1005,1333,-394,-1921,1434,218,528,-508,821,-1287,-1113,1119,1617,437,1431,-568,3404,-878,-785,1335,-916,1574,-207,-663,-756,-440,-930,-610,-3626,-361,-115,-2321,-2954,-2532,-1039,-1328,1096,904,368,-259,195,-546,745,800,-432,581,621,149,1185,442,146,1017,876,540,-508,1096,1624
"15","6","      Nonmetallic mineral product manufacturing","C3270",419,521,-401,180,150,-240,39,-108,-503,-45,952,552,-539,316,117,654,-468,-367,-368,-833,-470,319,421,720,711,419,-419,-1245,98,-67,365,798,66,357,-294,266,272,444,1122,346,180,270,400,672,-423,-916,-838,-37,-1608,-2141,-2283,-1952,-289,-425,423,165,-339,627,93,837,-50,-94,174,-201,-257,399,487,305,468,764,-792,456,544
"16","7","      Primary metal manufacturing","C3310",-1068,374,963,1554,245,2178,2819,306,-1057,755,-28,1430,-809,-300,-312,-877,-2184,-3207,-1469,-1549,-1931,657,826,1093,-305,-2582,-2807,-1277,1183,1707,3352,4210,5549,1741,-1028,-7,691,316,3703,1061,732,-994,-624,1640,-268,-1681,-7,-4616,-8490,-10080,-4889,-2918,1779,4791,-284,2063,3936,4708,2377,2925,645,-29,1010,1674,412,-1601,1917,-451,1552,2332,3836,5928,-1800
"17","8","      Fabricated metal product manufacturing","C3320",1040,1718,215,2267,494,2737,-48,293,306,-348,1221,1692,-108,2464,224,574,-862,-511,-790,-2634,465,398,126,226,4210,-3701,-3386,405,-463,-194,227,88,3880,2599,630,2115,2095,346,1510,3046,1894,-1117,-291,2802,-857,-4782,-31,2855,-1631,-7268,-5816,-3016,-544,-449,1733,1443,1710,4069,1657,4012,-305,2400,1937,-527,1206,330,1588,1577,1568,1696,2540,4060,4412
"18","9","      Machinery manufacturing","C3330",672,2849,-705,2997,2670,-768,3239,-631,-84,-1589,-146,2163,505,3379,2665,3675,-1364,-5272,-5043,-5838,236,-2199,6,1967,-3370,-1141,-2206,-534,-1120,779,-228,354,2800,1865,4008,1773,1840,1802,4467,3055,-308,241,2480,638,1947,-6650,-191,5255,-1934,-5574,-7375,-3965,-2558,849,5275,5525,5681,6670,4874,5062,7780,4829,5821,-1912,-2189,-1576,2167,-1310,-2744,4732,2784,-260,2176
"19","10","      Computer and electronic product manufacturing","C3340",5886,9317,11010,6395,9015,74,-5475,-1659,9018,2229,1068,3538,3271,13271,6688,19422,-1560,-3132,-14206,-11618,-2733,-3997,-1772,-4722,2001,-49,356,4783,481,4563,1491,2327,1512,2216,4149,4548,1342,583,981,-1417,2506,-652,380,2831,5201,519,4714,4624,-2500,-2333,-183,3663,-2048,4870,3087,-401,5947,3141,166,1564,3459,-2700,2727,-213,-300,3692,709,3146,936,2452,512,472,3964
"20","11","      Electrical equipment, appliance, and component manufacturing","C3350",-308,1649,603,8,866,-517,719,536,-700,343,414,-168,9,499,2155,600,-352,-1887,-1295,-342,-51,-52,-27,-579,-322,-533,-1094,286,-1024,383,289,-866,330,-88,-85,-109,862,-230,94,2333,549,-781,-286,3599,-6,-456,-563,440,-2013,-2256,-1876,-1534,-1141,547,1845,-691,485,1233,95,767,1113,591,488,-312,979,-365,-742,408,-188,-1748,1472,372,1288
"21","12","      Transportation equipment manufacturing","C3360",2978,-734,868,2330,15522,11969,5741,9835,-2324,-5514,5611,32,-6234,-11620,-9163,-11319,-8653,1206,2475,-1829,-6094,-953,-1491,5017,-3231,-437,-2476,-1977,-3494,-893,-3123,824,9893,-1348,3855,4736,3142,7065,3955,1750,8742,7759,6370,12349,-1840,-11219,-12300,6145,94,-2785,-7385,5259,12109,4557,8232,11112,10219,6255,3482,6726,8055,10321,10122,5684,6453,9087,10128,9365,13264,10140,6788,11416,6928
"22","13","        Motor vehicle and parts manufacturing","C336MV0",2492,-204,1651,-1713,2733,-721,-1941,2343,1527,-739,949,4336,-1481,1252,351,-1066,-4655,-96,-2718,-2686,-1207,3042,2510,311,213,-24,825,1378,499,-157,1181,-1120,3241,443,-2438,1686,678,799,-324,1283,-351,-1998,-242,-1378,-2918,-4658,-4497,-2333,-1917,-6634,-1117,1514,5806,-397,831,832,918,2249,2949,1272,1335,880,803,869,-4069,635,1540,-1465,3564,656,2408,2172,8420
"23","14","        Other transportation equipment manufacturing","C336OT0",486,-530,-782,4043,12789,12689,7682,7492,-3851,-4775,4662,-4304,-4753,-12872,-9514,-10253,-3999,1303,5194,858,-4887,-3995,-4001,4706,-3443,-413,-3301,-3355,-3993,-736,-4304,1945,6652,-1791,6294,3050,2464,6266,4279,467,9093,9757,6612,13727,1078,-6561,-7803,8477,2010,3850,-6268,3745,6304,4954,7401,10280,9301,4006,533,5454,6720,9441,9319,4815,10521,8452,8588,10830,9700,9484,4380,9244,-1492
"24","15","      Furniture and related product manufacturing","C3370",-164,523,-84,285,23,292,27,70,166,43,118,968,492,309,521,-240,993,-1318,-578,-805,-94,224,1172,361,-87,-579,-1238,379,-514,622,421,526,-38,233,487,650,165,-74,248,-236,-302,18,-249,-16,-734,-873,-402,-847,-646,-1444,-844,-543,-360,352,60,-212,0,-518,-129,-256,-372,477,12,223,-682,-187,-227,-111,356,168,140,388,1208
"25","16","      Miscellaneous durable goods manufacturing","C3390",119,-435,25,1267,1143,87,906,-439,607,175,1110,736,1047,829,1963,73,868,392,-816,-856,-654,688,511,-365,1181,217,528,1437,-15,-1054,-397,921,-3,1789,2415,1481,655,-361,2428,459,12,-182,607,811,-2732,-3215,3490,4976,1240,64,-997,-426,931,1630,1782,1522,358,-1006,414,264,-1728,474,160,-940,-99,-549,814,1604,1268,396,1336,1344,644
"26","17","    Nondurable goods industries","C30N0",6557,6959,5668,8501,1931,-875,-2380,-1054,6460,8236,4914,10666,-1647,4570,1518,-1792,-5529,-6400,-1566,-2472,-5515,4052,10879,779,-1522,1004,-2683,-6694,1644,871,-1249,5505,14040,-4388,-3572,10800,12018,9017,2431,628,-4935,16370,7869,-275,27402,5662,-23423,-47060,-3849,-4474,-6590,6110,1173,-13091,14985,21162,-7370,17705,-16762,14303,-4529,-3935,6054,-11469,-4649,-2192,-3281,-4566,-3540,10200,-4792,-13364,-3296
"27","18","      Food manufacturing","C3110",-33,1500,506,1303,156,-592,-878,-30,1132,723,1754,1705,2517,-674,124,-15,-2298,-435,-159,984,-752,3938,1098,26,1369,-1487,-2209,-960,-2123,-3124,2444,-1099,938,1734,2034,714,2722,-376,-2777,1515,-4152,5319,117,-3897,-1376,-376,-2534,5029,3228,102,17,2920,-3056,107,2595,-1690,-7107,249,-1530,5418,991,-819,-4512,574,-5270,-574,532,-3493,-3488,-156,2932,1232,5664
"28","19","      Beverage and tobacco product manufacturing","C3120",475,984,911,430,776,-1255,-807,1159,-726,408,-1828,1418,111,276,-118,-425,402,427,706,846,-592,843,103,-67,-1262,757,-91,-219,-812,433,1477,-1506,-175,211,107,1413,-469,-297,388,437,-347,-43,-762,-242,-109,-383,203,-321,2072,919,1256,550,-616,492,-919,311,393,-371,214,973,999,717,260,932,-137,691,686,24,728,1080,1604,156,-220
"29","20","      Textile mills","C3130",195,-14,-3,-111,159,-51,166,-1,348,162,67,134,-838,-253,-404,-342,-748,90,-273,-765,-73,-600,-6,-185,123,326,-395,-624,50,-235,52,-100,-241,94,-323,225,129,-275,220,-651,-417,24,-53,-137,-311,-1149,135,-195,-603,-786,-995,-194,-61,-17,262,363,-146,152,-114,-157,-251,-238,-15,-145,-5,78,51,176,192,-156,104,220,44
"30","21","      Textile product mills","C3140",284,529,252,99,9,-377,-169,-374,515,455,108,278,380,513,427,368,165,502,-41,82,-1254,-652,-656,-1146,442,58,-125,118,-51,-37,210,-150,447,-80,-141,558,-219,219,188,-93,-480,103,-60,80,-54,-417,178,-132,-1372,-790,-167,-4,117,417,486,230,-327,-142,-122,-114,-196,-31,-5,197,100,-57,80,66,108,-100,-392,180,36
"31","22","      Apparel manufacturing","C3150",413,1177,490,-257,294,-349,92,-57,937,901,619,-1,-603,-897,-212,464,-1250,-1349,-2395,-1725,-128,-11,227,189,859,101,-633,-239,-706,-210,105,-144,349,-307,-138,-433,-255,-530,-468,1216,-330,-8,-283,-94,-333,-59,-415,-396,-572,-373,-545,-171,-216,50,103,-67,-191,-44,144,244,55,218,335,93,314,246,230,649,508,720,332,880,472
"32","23","      Leather and allied product manufacturing","C3160",-191,356,-50,64,76,132,-39,-134,-99,140,37,-62,-107,-13,12,-292,13,-203,-87,-359,-497,-173,107,101,9,-53,-145,-14,-73,-111,-10,174,136,1,88,-14,-127,177,269,190,19,-7,-80,-80,-109,521,-290,-252,180,-193,-150,-149,-84,-19,139,179,151,40,35,101,-8,184,90,150,-14,-143,-78,-82,-20,28,52,56,-4
"33","24","      Paper manufacturing","C3220",1615,-1678,961,1334,-647,156,-371,-1176,1101,877,1729,-67,-118,-215,-733,-1426,-1268,-116,348,694,1022,1198,1081,1187,-1588,291,-472,-955,-248,151,227,238,620,153,-990,16,424,-517,277,95,-25,-48,-136,656,-384,168,-1412,-1179,-1305,-1019,-276,-2015,-793,875,-299,-89,82,-567,849,-271,-334,-197,-990,-431,-428,-336,-629,-652,248,-96,784,560,1200
"34","25","      Printing and related support activities","C3230",-20,472,-383,811,-1215,-342,571,-1350,877,652,32,936,-37,-1036,-48,-204,217,-645,-527,-246,689,1482,-895,392,-470,-836,2,52,-391,273,485,-251,-184,262,14,-204,-491,647,489,-193,84,557,430,826,-63,-1290,-1718,-121,-1483,-514,296,-407,-176,155,-285,498,187,-490,12,-577,136,161,-347,-234,-247,166,206,336,528,552,280,276,144
"35","26","      Petroleum and coal product manufacturing","C3240",2010,249,942,610,-576,287,-1042,-483,19,-987,1372,28,-448,2243,-1477,-578,1614,625,-18,482,-1508,1069,781,-2414,351,1479,885,-2863,3106,1545,-3604,1909,5320,-6692,2257,3051,1506,8064,-1925,-2933,-831,6960,5945,4777,33732,23568,-10158,-45122,-2247,8246,-3967,12520,1624,-19889,7400,10604,3381,13366,-18320,6217,703,-1002,9714,-12372,-4366,6,-300,-349,-5644,12736,-11400,-21000,-16364
"36","27","      Chemical manufacturing","C3250",1035,2488,2044,3704,2460,499,-40,787,1575,4291,-231,5477,-1046,3389,4006,410,-1721,-3244,220,-1879,-779,-554,6274,-781,-1822,-596,2020,-261,2798,2297,-3815,6343,4442,1068,-4502,4124,5982,435,5089,1241,334,3379,2530,-2365,-4111,-13350,-6180,-323,1387,-8713,-829,-5383,3181,4481,4652,9334,-3546,2945,1923,2645,-6646,-2775,1321,-164,5222,-1695,-4321,-1451,3852,-2700,632,4916,5176
"37","28","      Plastics and rubber product manufacturing","C3260",774,897,-4,514,439,1017,137,607,779,614,1254,821,-1458,1236,-60,247,-655,-2053,660,-585,-1642,-2488,2766,3476,467,964,-1519,-729,95,-112,1179,90,2387,-832,-1979,1351,2815,1469,681,-199,1211,132,220,201,520,-1571,-1232,-4048,-3134,-1353,-1229,-1556,1254,257,849,1490,-248,2566,148,-177,22,-153,203,-69,180,-573,262,209,-552,-1708,280,-840,556
"38",NA,"  By stage of fabrication:"," ",NA,NA,NA,NA,NA,NA,NA,NA,NA,NA,NA,NA,NA,NA,NA,NA,NA,NA,NA,NA,NA,NA,NA,NA,NA,NA,NA,NA,NA,NA,NA,NA,NA,NA,NA,NA,NA,NA,NA,NA,NA,NA,NA,NA,NA,NA,NA,NA,NA,NA,NA,NA,NA,NA,NA,NA,NA,NA,NA,NA,NA,NA,NA,NA,NA,NA,NA,NA,NA,NA,NA,NA,NA
"39","29","    Materials and supplies","C30M0",11242,7342,13209,7844,10627,2829,2500,-2020,9733,3684,4581,12090,-1900,12652,5611,4388,-8327,-12317,-11278,-4944,-5109,-2718,3330,-1183,720,-5548,-9507,-2934,4344,2725,4094,6397,12694,3467,1417,7520,7458,6714,14051,-3318,-1515,8725,1471,-1254,3967,-6177,-1547,-11878,-4558,-19921,-17762,-7322,-4334,-6719,3823,13315,1609,8579,-535,19247,6159,3595,9105,-4951,-6357,-4787,7855,-452,5736,11112,-124,10392,5740
"40","30","      Durable goods industries","C30DM0",7138,7281,11118,5887,8574,5589,2617,-415,7158,1182,3121,7872,82,13874,6200,8855,-6915,-10849,-10897,-3806,-2331,-4561,-215,-1291,715,-4086,-7138,-764,3409,5175,3335,5029,7646,5496,3401,4091,5112,3960,10266,1028,1988,1770,-375,7105,-4244,-11558,4069,7159,467,-20393,-15191,-13272,-2433,3799,-321,6419,4096,10254,4869,12331,7906,1171,8219,293,-401,-981,4826,-242,8524,7880,-260,10048,7172
"41","31","      Nondurable goods industries","C30NM0",4104,61,2090,1957,2053,-2760,-116,-1605,2575,2502,1460,4218,-1982,-1222,-589,-4466,-1412,-1468,-382,-1138,-2778,1843,3546,107,6,-1462,-2369,-2171,935,-2451,759,1368,5049,-2029,-1985,3429,2345,2754,3786,-4345,-3503,6955,1846,-8359,8211,5380,-5616,-19037,-5025,472,-2572,5950,-1901,-10518,4145,6896,-2487,-1675,-5404,6916,-1746,2424,886,-5244,-5955,-3807,3028,-210,-2788,3232,136,344,-1432
"42","32","    Work-in-process","C30W0",1857,723,950,9355,8748,13275,661,4232,-2589,-3147,2866,3951,-3505,-4607,-10574,217,-8927,-5240,-1307,-19954,-3866,-729,4138,2177,169,-2947,-2338,2586,-1451,-1322,-9103,4050,12163,-1599,11247,7822,3660,10123,-2490,4895,9852,10840,8773,24685,16951,-12398,-5875,-11494,-4581,-6700,-7616,6704,9593,4997,18975,20251,12010,20018,-4933,15784,6277,6201,13673,-3000,11417,8186,8944,7163,10336,17212,9280,-1132,2636
"43","33","      Durable goods industries","C30DW0",1547,-1423,-2077,6836,10377,12171,2900,3922,-3809,-6398,5649,365,-2329,-6696,-9868,-277,-7132,-4190,-3270,-16687,-4588,-162,142,4035,-575,-3347,-3188,4436,-4252,-1412,-5451,1794,9418,1140,7848,7788,1820,2157,429,4216,7300,7035,9018,15376,3037,-10553,-7931,8443,-7207,-3906,-7250,6370,10362,10395,16105,15073,16163,10777,1599,10084,7382,7936,10455,4200,10083,7725,8805,9963,4276,12560,10536,13544,8172
"44","34","      Nondurable goods industries","C30NW0",310,2146,3027,2519,-1629,1105,-2239,310,1220,3251,-2783,3586,-1176,2089,-706,494,-1795,-1050,1963,-3267,722,-567,3996,-1857,744,400,850,-1850,2801,91,-3651,2256,2745,-2739,3399,34,1840,7966,-2919,679,2551,3805,-244,9310,13914,-1845,2056,-19937,2626,-2794,-366,334,-768,-5398,2870,5178,-4153,9241,-6532,5700,-1105,-1735,3218,-7199,1335,460,139,-2800,6060,4652,-1256,-14676,-5536
"45","35","    Finished goods","C30F0",2440,14679,5858,8773,12235,-470,3712,5363,5024,4079,8007,7269,1814,6011,10889,6530,-2863,-1605,-11463,-5798,-6432,2803,3711,2996,-803,-175,-4693,-2971,-4499,5751,7587,3672,16578,2229,-2883,12246,11049,3644,9170,8786,-23,927,5482,1009,3146,-5397,-22244,-7215,-15154,-14201,-13897,-32,4889,6258,14707,7864,7202,13741,2479,1971,1200,3118,6349,108,-3002,4082,-3094,4274,-2256,3348,4160,2648,9316
"46","36","      Durable goods industries","C30DF0",297,9927,5307,4747,10729,-1250,3737,5121,2360,1597,1770,4407,303,2308,8077,4349,-541,2276,-8316,-7731,-2974,27,374,466,1469,-2241,-3530,-298,-2408,2520,5944,1791,10331,1848,2104,4909,3216,5348,7606,4491,3961,-4683,-786,2235,-2131,-7524,-2381,871,-13704,-12049,-10245,142,1047,3432,6737,-1224,7933,3602,7305,284,2878,7742,4400,-867,-2973,2927,3354,5830,4556,1032,7832,1680,5644
"47","37","      Nondurable goods industries","C30NF0",2143,4752,551,4025,1507,781,-25,241,2664,2482,6237,2862,1511,3703,2813,2181,-2322,-3882,-3147,1933,-3458,2776,3337,2529,-2272,2066,-1163,-2673,-2092,3231,1643,1881,6247,381,-4987,7337,7833,-1704,1565,4294,-3983,5610,6267,-1226,5277,2127,-19862,-8086,-1450,-2151,-3652,-174,3843,2826,7970,9088,-731,10140,-4826,1687,-1678,-4624,1950,975,-28,1155,-6448,-1556,-6812,2316,-3672,968,3672
"48","38","Wholesale trade industries","CWT0",20378,33799,16684,30457,30552,13383,27140,14653,21786,7729,21038,25090,16294,24324,13616,21182,-5842,-6194,-22765,-14543,-6798,5460,4056,-2050,-5786,-4634,215,15477,13379,17292,29583,23029,42363,23309,12158,33018,21764,29145,29569,8944,12268,15166,21759,11835,14790,34389,17230,8333,-70219,-87784,-81552,-8020,6220,16384,58123,23632,3914,41383,-8848,36589,15772,26995,43649,14236,21539,2920,28743,43211,38768,25784,33688,49136,52184
"49",NA,"  By type of industry:"," ",NA,NA,NA,NA,NA,NA,NA,NA,NA,NA,NA,NA,NA,NA,NA,NA,NA,NA,NA,NA,NA,NA,NA,NA,NA,NA,NA,NA,NA,NA,NA,NA,NA,NA,NA,NA,NA,NA,NA,NA,NA,NA,NA,NA,NA,NA,NA,NA,NA,NA,NA,NA,NA,NA,NA,NA,NA,NA,NA,NA,NA,NA,NA,NA,NA,NA,NA,NA,NA,NA,NA,NA,NA
"50","39","    Durable goods industries","CWTD0",15647,26292,8339,18728,25365,8677,21948,12093,15613,11076,10354,19247,11360,21856,8573,12307,-6458,-20777,-21355,-18061,-8610,1434,7540,-6352,4414,-1445,-5354,12360,15775,19204,27695,14456,29121,20509,8087,25088,10470,26750,25996,9267,13182,-6542,-2512,8681,12500,3690,23167,-3593,-64749,-61419,-50240,-21904,7662,1151,20555,13690,18563,32772,25037,21674,22059,29739,21948,11954,16798,4979,23642,20945,28148,27812,24992,17740,35044
"51","40","    Nondurable goods industries","CWTN0",4731,7507,8345,11729,5187,4706,5192,2559,6174,-3346,10683,5843,4933,2469,5043,8875,616,14584,-1410,3519,1812,4026,-3484,4301,-10200,-3190,5569,3118,-2396,-1911,1887,8573,13242,2800,4071,7931,11294,2395,3574,-322,-914,21709,24271,3154,2290,30699,-5937,11926,-5469,-26366,-31312,13885,-1442,15233,37568,9942,-14649,8611,-33885,14915,-6288,-2744,21701,2282,4740,-2059,5101,22266,10620,-2028,8696,31396,17140
"52",NA,"  By type of wholesaler:"," ",NA,NA,NA,NA,NA,NA,NA,NA,NA,NA,NA,NA,NA,NA,NA,NA,NA,NA,NA,NA,NA,NA,NA,NA,NA,NA,NA,NA,NA,NA,NA,NA,NA,NA,NA,NA,NA,NA,NA,NA,NA,NA,NA,NA,NA,NA,NA,NA,NA,NA,NA,NA,NA,NA,NA,NA,NA,NA,NA,NA,NA,NA,NA,NA,NA,NA,NA,NA,NA,NA,NA,NA,NA
"53","41","    Merchant wholesale industries","C42W0",19163,30825,15399,25229,26954,13084,25464,12314,19850,4295,17956,23136,12918,19099,8839,18243,-3127,-2494,-15083,-11474,-2897,3270,3406,-616,-3414,-3775,617,13388,12439,14289,25442,23427,28345,17712,10238,21494,14438,26020,23254,3073,6755,9123,13521,8905,-10713,14860,17336,-4575,-50961,-70513,-64665,1739,270,13104,51608,21533,-1178,33327,-10890,32063,12790,22467,33063,9170,23472,1761,31676,41843,41532,25232,35160,48032,45152
"54","42","      Durable goods industries","C42WD0",14641,24245,7675,14329,21988,8757,19560,10016,14304,8385,9267,17684,8718,18725,4818,9443,-3706,-18601,-15869,-15073,-7164,-130,5580,-6676,5688,-433,-3901,8980,15247,18363,23790,15765,20923,17280,6148,19677,9503,23040,18481,6649,7790,-4397,-885,7888,7427,2719,22126,-5283,-56350,-53650,-45454,-22544,8171,3236,22856,19134,11017,28394,17314,16850,18849,24488,18093,10557,19606,3539,22222,19531,25788,29444,22244,17100,29520
"55","43","        Motor vehicles, parts, and supplies wholesalers","C42110",798,4110,1821,-985,4357,-3779,2542,23,2110,2690,4257,2171,3418,2999,-3155,1930,-1908,-2532,76,-288,217,3611,3549,999,531,3311,-2851,4833,1239,-841,6860,50,1420,9630,-152,4065,4440,3702,-970,-452,5521,-560,755,-652,1739,5225,5098,3542,-21634,-10877,-4343,-590,3942,-3411,2858,6626,8238,6411,6941,2875,-2126,6149,734,-2548,987,2459,-933,4095,11244,3216,6176,-364,11636
"56","44","        Furniture and home furnishings wholesalers","C42120",-755,747,365,151,-126,905,251,198,492,385,56,456,214,1094,105,803,213,-1100,-144,-665,-195,791,680,169,341,479,-215,834,551,-71,398,234,418,-261,916,650,-492,1254,348,423,309,-319,-45,-145,-7,-1395,-1143,-456,-2731,-2525,-1547,-798,-473,1245,1367,286,-375,-163,-769,212,442,-367,354,23,309,438,1258,-202,100,216,828,96,888
"57","45","        Lumber and other construction materials wholesalers","C42130",569,742,495,810,-307,-19,-658,415,109,496,159,824,472,623,-303,1032,-314,-1777,1229,633,-131,60,708,418,1476,445,296,2405,1626,2315,2195,1505,3613,-1947,-1888,2867,62,1627,866,-1468,-1663,-1723,-553,736,-2502,1313,-423,-2977,-3452,-3833,-966,-511,917,463,-913,908,839,-445,631,-580,183,877,901,739,917,-533,323,2013,780,964,1140,-728,-1932
"58","46","        Professional and commercial equipment wholesalers","C42140",4465,10256,5653,3338,7533,-179,2223,1503,5615,2231,1135,5415,-945,236,3629,715,-1682,-1763,-2258,170,-2307,984,94,-1236,1666,-1658,1669,1419,2081,2961,1979,2590,1082,3131,780,3260,3227,3084,5077,3008,2072,2022,2034,1544,2175,1059,2313,-1327,-4761,-4753,-1985,4062,2114,4727,973,4104,-248,3904,4388,-468,2302,3248,2510,3558,3382,1499,3408,1897,3604,1168,6304,3448,1528
"59","47","          Computers and software wholesalers","C421430",3773,9046,5297,2668,6384,723,1662,4220,3574,3167,722,4141,-2085,-393,3296,-1033,122,-2221,-425,568,-229,1092,503,-582,2412,545,121,2582,1023,2719,274,1908,1896,1117,1614,857,2097,520,2874,1402,336,1472,1725,-52,1832,328,1708,-201,-2070,-347,100,5060,1871,3991,901,2389,-1416,3929,3377,-1471,1076,1915,1162,1943,2355,2537,1689,471,2300,1848,3372,1560,68
"60","48","          Other professional and commercial equipment wholesalers","C4214X0",692,1211,356,670,1149,-902,561,-2717,2041,-936,413,1275,1141,629,333,1749,-1804,458,-1833,-398,-2078,-107,-409,-654,-746,-2203,1548,-1164,1059,241,1706,682,-815,2014,-834,2403,1130,2563,2204,1606,1737,550,309,1596,343,730,605,-1126,-2691,-4406,-2085,-998,243,736,72,1716,1167,-25,1011,1003,1227,1333,1348,1614,1027,-1038,1718,1426,1304,-680,2932,1888,1460
"61","49","        Metal and mineral (except petroleum) wholesalers","C42150",1518,1108,47,339,1505,498,1866,940,-818,1545,-703,172,2005,705,-617,-1425,-1331,-567,-1040,-966,-218,-64,1631,-1420,-612,-475,-800,638,4129,345,2956,4818,2991,259,-67,-988,723,4498,4195,272,-1110,-3139,-3281,1238,3787,3373,-813,881,-1527,-9270,-9847,-7265,1839,-2593,2160,3330,-189,3112,-1042,5168,3797,907,4746,1990,-445,-2301,1325,1209,688,8908,260,4096,4044
"62","50","        Electrical goods wholesalers","C42160",1886,-168,-228,562,2281,2852,1841,1346,1370,1876,3719,5844,2100,4669,4110,4041,809,-4068,-6950,-7129,-2225,-942,1741,-2458,899,939,6,-1012,4031,4025,1647,2201,3450,2113,1706,1868,1997,2829,5617,1473,1661,2625,1104,4802,1107,2762,4898,-4083,-10966,-8175,-3196,1271,2420,3077,4826,929,-600,3103,3029,1612,2680,1328,-956,4121,570,164,2689,1060,-836,6488,1096,1320,9616
"63","51","        Hardware and plumbing and heating equipment wholesalers","C42170",-569,1087,218,-113,1196,965,-60,1062,277,39,-174,455,360,1999,189,948,-934,-873,137,-1382,-148,633,668,-22,2026,-652,-350,1012,731,1763,1987,855,1143,856,319,2506,1515,869,1287,1225,569,1220,-113,-8,-2468,-1566,490,-3544,-2966,-1818,-2851,-1556,-682,-426,2265,714,1566,1350,-435,888,5,1259,-441,277,730,-265,-617,224,2000,1752,1840,2788,1536
"64","52","        Machinery, equipment, and supplies wholesalers","C42180",5174,8083,-2841,7316,4517,5574,7190,4731,3378,826,809,2338,-544,3678,1488,-506,1618,-1613,-4819,-4599,-1426,-4526,-2118,-2601,-1656,-3695,-2115,-1654,2499,5217,2585,3988,4664,3127,4510,3862,-197,7602,3270,1453,1500,-1236,553,3910,3356,-6745,8044,-1179,-5693,-11373,-12866,-11371,-2582,4521,6005,4053,6863,6398,6153,3638,8515,11317,9030,2813,10287,956,10828,9885,10444,4776,5668,5276,4460
"65","53","        Miscellaneous durable goods wholesalers","C42190",1556,-1719,2144,2911,1031,1938,4365,-202,1773,-1702,9,9,1637,2721,-628,1905,-177,-4309,-2102,-848,-730,-676,-1372,-525,1016,872,458,505,-1640,2649,3183,-476,2142,372,24,1587,-1771,-2424,-1209,715,-1070,-3287,-1339,-3536,239,-1305,3662,3859,-2621,-1024,-7854,-5788,676,-4367,3315,-1816,-5076,4724,-1582,3506,3049,-228,1215,-415,2868,1121,3941,-651,-2236,1956,-1068,1168,-2256
"66","54","      Nondurable goods industries","C42WN0",4521,6579,7724,10899,4966,4327,5904,2299,5546,-4089,8688,5452,4200,375,4022,8800,579,16107,786,3599,4266,3401,-2174,6060,-9102,-3342,4518,4407,-2808,-4074,1652,7663,7422,432,4089,1816,4935,2980,4773,-3576,-1035,13520,14406,1017,-18140,12142,-4790,709,5390,-16864,-19210,24283,-7901,9868,28752,2399,-12195,4933,-28203,15214,-6058,-2021,14970,-1387,3866,-1778,9454,22312,15744,-4212,12916,30932,15632
"67","55","        Paper and paper products wholesalers","C42210",576,-28,1495,573,600,-308,-478,278,-127,-418,3,-155,480,-583,143,964,-840,-439,-880,-377,-783,922,-560,757,-619,522,-524,833,411,1029,556,369,-811,1184,683,489,-525,-81,6,-508,-1165,834,383,336,-160,-423,-134,-206,-1973,-154,-274,-1,-789,789,-705,840,-711,452,-1166,1241,-802,1689,-259,277,-738,1051,-901,756,-332,924,-704,368,160
"68","56","        Drugs and druggists' sundries wholesalers","C42220",1237,1318,3012,661,1357,-830,635,3149,1778,4820,2539,4271,5108,3807,3308,6014,2335,10800,8660,6225,2027,202,-2311,3514,-497,-2816,1166,1195,127,-3040,-174,303,-1490,-3280,-3044,-463,1393,2520,514,-2627,-2105,4681,-41,569,-1891,-3067,2767,-94,562,-4128,-699,2569,-287,3945,822,876,1944,1865,2131,-589,-827,-3874,2299,-2690,2545,6484,4157,7054,9108,6648,2528,10312,5688
"69","57","        Apparel, piece goods, and notions wholesalers","C42230",1632,1310,-82,2857,65,789,-136,426,-165,-3041,-1085,1639,-335,-491,946,348,2401,676,-2058,-1135,470,831,3802,-707,401,892,-2189,-147,108,-856,3546,386,2125,1682,658,1183,378,-571,478,55,167,652,475,87,2382,-2413,264,1979,-2142,-3700,-4049,-2405,1050,1354,7194,1243,969,2322,-644,-879,-399,253,-2694,1276,2662,-965,1576,2123,2540,1480,2948,-1748,2940
"70","58","        Grocery and related products wholesalers","C42240",122,863,-479,3218,-1325,1771,-748,-482,1443,-1758,2739,2345,-1072,-1157,1592,281,-2307,-1022,-2453,-717,1171,5789,-927,-221,-373,-3688,491,-1659,-131,-651,-1069,559,1473,29,2757,2034,727,960,1222,1596,2873,2476,-1721,716,-203,2070,2043,326,-2002,-35,-735,-1920,-1166,5401,-34,795,1000,1203,3053,499,785,2220,-1970,1757,3547,-1282,3848,-1493,-1292,-2008,2984,2748,3236
"71","59","        Farm product raw material wholesalers","C42250",1356,943,706,2468,936,1716,3973,-1661,559,1087,3548,-1306,1022,-149,-43,638,-820,1299,-331,348,202,-2005,-2774,742,-2628,1295,2600,4437,258,-5706,-4605,-605,5746,1178,211,-1216,271,1008,-3431,2976,-5541,1590,12916,-1865,-4125,9037,-12262,-2290,3622,-974,-9190,20506,-6361,258,16994,3440,-17056,-6037,-18145,5662,1390,180,7544,-9046,-2093,-2568,-5016,17918,2008,-12988,6472,9824,-6916
"72","60","        Chemical and allied products wholesalers","C42260",828,375,-493,430,130,447,686,669,761,126,-282,379,19,-397,-1058,296,-61,748,133,471,350,-39,-2,292,-917,204,-534,607,-973,777,-186,-413,631,396,-730,74,-203,121,-330,-36,872,791,-371,327,482,-745,1566,-383,-2238,-1524,-769,-1136,257,1263,1203,200,279,1607,-199,665,-451,113,1673,1534,-1956,620,447,3448,-2148,1980,-1244,1108,-1180
"73","61","        Petroleum and petroleum products wholesalers","C42270",-30,252,-239,221,562,1349,1597,-1208,-326,-2077,-682,-959,-698,120,-772,-158,1510,1692,161,2705,-40,-2490,-227,-275,-4053,2970,421,-944,-733,221,3045,1567,686,-3177,3355,-168,2929,-560,4767,-5000,-895,5061,-60,-1754,-18214,5864,1797,1997,10010,-2808,-757,9403,-1117,-1544,135,-5925,-88,-1428,-10041,4649,-3279,-3556,4945,3138,-1588,242,1184,-6957,2520,2716,-3828,4644,12420
"74","62","        Beer, wine, and distilled alcoholic beverages wholesalers","C42280",-1230,1309,652,668,968,-867,223,360,2448,-1086,-324,75,172,-434,197,558,-584,469,-224,-673,1037,-312,375,720,11,-175,423,577,-561,1201,-734,1566,191,295,1145,450,466,317,1203,789,921,906,1900,444,822,566,1492,973,-147,-499,-1949,-1273,391,-94,530,453,1182,541,-656,1577,162,1002,1977,455,540,823,509,39,1328,404,804,1160,436
"75","63","        Miscellaneous nondurable goods wholesalers","C42290",30,238,3153,-197,1672,259,153,768,-825,-1743,2232,-837,-497,-340,-292,-140,-1056,1883,-2221,-3246,-167,503,450,1238,-427,-2545,2664,-492,-1314,2952,1274,3931,-1129,2125,-946,-565,-500,-734,343,-821,3838,-3471,925,2156,2768,1254,-2322,-1595,-302,-3041,-789,-1460,119,-1504,2611,478,285,4407,-2536,2388,-2637,-47,1457,1912,946,-6183,3651,-577,2012,-3368,2956,2516,-1152
"76","64","    Nonmerchant wholesale industries","C42N0",1215,2975,1285,5229,3598,299,1677,2338,1936,3434,3082,1954,3376,5225,4777,2939,-2715,-3700,-7682,-3069,-3901,2190,649,-1434,-2372,-860,-402,2090,941,3003,4141,-398,14018,5597,1921,11524,7325,3125,6315,5871,5513,6044,8237,2930,25503,19529,-107,12908,-19258,-17271,-16888,-9759,5950,3280,6515,2100,5093,8057,2041,4526,2981,4528,10586,5066,-1933,1159,-2933,1368,-2764,552,-1472,1104,7032
"77","65","      Durable goods industries","C42ND0",1006,2047,663,4399,3378,-80,2389,2077,1308,2691,1087,1562,2642,3131,3755,2864,-2752,-2177,-5486,-2989,-1447,1564,1960,325,-1274,-1012,-1453,3380,529,841,3905,-1309,8198,3229,1939,5410,967,3710,7514,2617,5392,-2145,-1628,793,5074,971,1041,1690,-8399,-7769,-4786,640,-510,-2085,-2302,-5444,7547,4378,7723,4824,3211,5250,3855,1398,-2807,1440,1420,1414,2360,-1632,2748,640,5524
"78","66","      Nondurable goods industries","C42NN0",209,928,621,830,220,379,-712,261,628,743,1995,392,734,2094,1022,75,37,-1523,-2196,-80,-2454,626,-1310,-1758,-1098,152,1051,-1290,412,2162,235,910,5820,2368,-19,6114,6358,-585,-1199,3254,121,8189,9865,2136,20430,18558,-1147,11217,-10859,-9502,-12102,-10399,6459,5365,8816,7544,-2454,3678,-5682,-298,-230,-723,6731,3669,875,-281,-4354,-45,-5124,2184,-4220,464,1508
"79","67","Retail trade industries","C440",6239,23084,16334,12151,28210,2369,8732,19236,37869,14075,8435,39358,7978,35237,21030,15585,-21914,6769,10596,-36717,20899,26496,19004,33741,27300,7897,16364,18578,30745,28543,12144,21116,15602,-10335,-5797,20577,9903,7921,12818,6718,-7984,12973,16806,3402,-39769,-22371,-22219,-39670,-57924,-58999,-65661,-16273,13138,27875,34269,1157,5878,-12995,-1812,3665,32804,35747,24225,19131,25517,26791,32322,39428,4381,16363,16297,12303,18491
"80","68","  Motor vehicle and parts dealers","C4410",736,6955,5427,7454,9873,-6248,-4172,7876,24716,574,2534,21937,2028,23531,15812,6149,-26405,9252,8633,-28796,19613,18381,2810,28060,16920,11805,7535,14763,14382,13213,1826,-73,3069,-19041,-7643,11991,831,106,555,-4152,-8914,3091,18550,-1043,-13207,-9157,-15713,-11302,-42396,-38054,-44115,-7160,11131,18745,24783,-5334,2840,-6488,1834,6873,32767,25264,23724,10895,14845,17701,17908,25600,-6987,14255,9577,2171,-1473
"81","69","  Furniture, furnishings, electronics, and appliance stores","C44230",1358,1069,1060,1273,2696,290,1854,1721,1344,2350,1651,2063,2163,2694,-544,3411,900,-2087,-796,1283,2769,607,3622,1214,1546,2818,1386,2194,4187,2892,2678,3779,461,4325,-1006,1252,2423,850,-195,919,1968,-404,1255,1526,-5076,-1853,1272,-9201,-2532,-2266,-851,-1299,1697,3155,2277,1908,-378,-773,-1530,-159,1085,2784,-815,2214,-339,-1021,661,1755,996,2624,-1132,1076,240
"82","70","  Building material and garden equipment and supplies dealers","C4440",954,1848,1925,585,2160,573,3042,1993,2400,1375,875,3162,470,2058,2112,8,167,521,-27,-557,2554,461,1529,2480,1357,-909,3313,-408,1794,3040,-415,3952,486,490,2535,3869,-1593,1414,2424,-2549,-3440,7429,-2962,1833,-6152,-2570,-3850,-8344,-2177,-4294,-1987,-1702,-1389,53,-933,2937,1855,-1579,-240,-1854,1474,1772,2200,-881,2817,422,2542,178,1344,-808,3328,268,988
"83","71","  Food and beverage stores","C4450",315,444,1361,-743,976,1780,-137,1147,1837,1524,2054,702,-75,-1890,386,-664,856,593,14,171,523,676,2254,-61,-881,-2865,1400,-2374,310,782,231,-100,205,-41,-1892,856,1529,1255,457,299,-766,1532,2391,1399,-610,292,-820,-674,2529,-987,-366,-2505,1359,-931,710,217,-2304,1160,551,-47,1947,-1540,258,-13,267,2479,537,1938,344,-316,1300,1448,3420
"84","72","  Clothing and clothing accessories stores","C4480",-1270,3069,1348,749,2027,1339,2053,-232,1512,1973,-2139,4216,2143,2607,3472,3487,-1349,-1025,162,-2308,-1150,3539,3081,1634,1638,-1521,885,1174,1308,3600,2385,2435,4836,811,797,-953,3785,2938,1006,5459,156,-2791,-420,-1304,-3176,-2423,588,-3885,-3966,-5301,-6332,-4066,-307,1739,-243,59,-445,-2565,-348,-2896,-1021,1903,-332,46,597,691,456,2940,1312,1316,424,3852,3696
"85","73","  General merchandise stores","C4520",-387,3173,-1189,-1029,-185,-166,2477,-690,3022,2144,1997,3613,379,2584,-843,2040,5165,726,-145,-5106,-1248,247,4397,4764,847,1206,2189,862,6121,3326,1040,7482,6297,946,2436,1741,-2431,-1784,5089,3172,550,633,-3207,1079,-7173,-2302,-696,-5969,-3147,-2849,-5296,-189,844,2772,4481,768,4789,-1503,-496,1146,-3556,1218,-2993,5094,4547,1261,4273,2411,3020,-2036,1308,-2320,1516
"86","74","    Department stores","C45210",460,2128,-1200,-436,-1556,-1074,794,-2017,1334,128,-580,1654,-1153,498,-2680,816,1739,-1217,-1194,-6888,-3434,-2468,-412,906,-1888,-818,-1161,-1750,1470,528,-1177,1943,4615,-3207,117,919,-3860,-2877,1232,1296,-1273,104,-2163,-300,-3860,-3610,-1308,-4970,-2944,-1259,-2615,-1886,1400,1664,1311,2737,-532,-3063,-1012,-1733,-12326,-6761,-11531,-4814,896,-519,873,-6,-200,-2504,-492,-2596,-20
"87","75","    Other general merchandise stores","C45290",-848,1045,11,-592,1370,908,1683,1327,1688,2016,2577,1959,1532,2086,1837,1224,3427,1943,1049,1781,2186,2715,4809,3858,2735,2024,3350,2612,4651,2798,2217,5539,1682,4153,2319,822,1429,1094,3857,1876,1823,529,-1044,1379,-3313,1307,612,-999,-203,-1590,-2681,1697,-555,1107,3170,-1969,5321,1560,516,2879,8771,7979,8539,9908,3651,1780,3400,2416,3220,468,1800,276,1536
"88","76","  Other retail stores","C44X0",4534,6526,6401,3863,10664,4801,3614,7421,3039,4136,1463,3667,871,3652,636,1153,-1248,-1211,2756,-1405,-2162,2584,1312,-4350,5872,-2637,-344,2367,2643,1689,4400,3640,248,2174,-1023,1821,5357,3142,3482,3571,2463,3482,1199,-88,-4376,-4357,-3000,-295,-6236,-5249,-6714,647,-197,2343,3194,603,-480,-1247,-1582,601,108,4346,2182,1777,2784,5256,5946,4606,4352,1328,1492,5808,10104
"89","77","Other industries","COTH0",8182,4558,3345,5117,3330,5503,5248,8197,7317,8679,6862,5483,10853,13462,18522,6949,1747,-818,-763,-1591,-3069,1273,-1149,-1406,-449,3537,1144,1629,4466,3947,4738,4025,2813,2764,-173,3889,2370,6360,4725,3251,918,1329,-1469,-1697,721,-1387,332,6294,-5458,-8520,-5860,-2225,-1035,-2250,-784,-513,5768,2441,368,5427,-9031,12653,3470,3286,-2600,2562,5399,-5945,1732,7124,9884,7504,14232
"90",NA,NA,NA,NA,NA,NA,NA,NA,NA,NA,NA,NA,NA,NA,NA,NA,NA,NA,NA,NA,NA,NA,NA,NA,NA,NA,NA,NA,NA,NA,NA,NA,NA,NA,NA,NA,NA,NA,NA,NA,NA,NA,NA,NA,NA,NA,NA,NA,NA,NA,NA,NA,NA,NA,NA,NA,NA,NA,NA,NA,NA,NA,NA,NA,NA,NA,NA,NA,NA,NA,NA,NA,NA,NA,NA,NA
"91","Note. Estimates in this table are based on the North American Industry Classification System (NAICS).",NA,NA,NA,NA,NA,NA,NA,NA,NA,NA,NA,NA,NA,NA,NA,NA,NA,NA,NA,NA,NA,NA,NA,NA,NA,NA,NA,NA,NA,NA,NA,NA,NA,NA,NA,NA,NA,NA,NA,NA,NA,NA,NA,NA,NA,NA,NA,NA,NA,NA,NA,NA,NA,NA,NA,NA,NA,NA,NA,NA,NA,NA,NA,NA,NA,NA,NA,NA,NA,NA,NA,NA,NA,NA,NA
