"","Table 3#2# Federal Government Current Receipts and Expenditures ","F2","F3","F4","F5","F6","F7","F8","F9","F10","F11","F12","F13","F14","F15","F16","F17","F18","F19","F20","F21","F22","F23","F24","F25","F26","F27","F28","F29","F30","F31","F32","F33","F34","F35","F36","F37","F38","F39","F40","F41","F42","F43","F44","F45","F46","F47","F48","F49","F50","F51","F52","F53","F54","F55","F56","F57","F58","F59","F60","F61","F62","F63","F64","F65","F66","F67","F68","F69","F70","F71","F72","F73","F74","F75","F76","F77","F78","F79","F80","F81","F82","F83","F84","F85","F86","F87","F88","F89","F90","F91","F92","F93","F94","F95","F96","F97","F98","F99","F100","F101","F102","F103","F104","F105","F106","F107","F108","F109","F110","F111","F112","F113","F114","F115","F116","F117","F118","F119","F120","F121","F122","F123","F124","F125","F126","F127","F128","F129","F130","F131","F132","F133","F134","F135","F136","F137","F138","F139","F140","F141","F142","F143","F144","F145","F146","F147","F148","F149","F150","F151","F152","F153","F154","F155","F156","F157","F158","F159","F160","F161","F162","F163","F164","F165","F166","F167","F168","F169","F170","F171","F172","F173","F174","F175","F176","F177","F178","F179","F180","F181","F182","F183","F184","F185","F186","F187","F188","F189","F190","F191","F192","F193","F194","F195","F196","F197","F198","F199","F200","F201","F202","F203","F204","F205","F206","F207","F208","F209","F210","F211","F212","F213","F214","F215","F216","F217","F218","F219","F220","F221","F222","F223","F224","F225","F226","F227","F228","F229","F230","F231","F232","F233","F234","F235"
"1","[Billions of dollars]; Seasonally adjusted at annual rates                                                                 ",NA,NA,NA,NA,NA,NA,NA,NA,NA,NA,NA,NA,NA,NA,NA,NA,NA,NA,NA,NA,NA,NA,NA,NA,NA,NA,NA,NA,NA,NA,NA,NA,NA,NA,NA,NA,NA,NA,NA,NA,NA,NA,NA,NA,NA,NA,NA,NA,NA,NA,NA,NA,NA,NA,NA,NA,NA,NA,NA,NA,NA,NA,NA,NA,NA,NA,NA,NA,NA,NA,NA,NA,NA,NA,NA,NA,NA,NA,NA,NA,NA,NA,NA,NA,NA,NA,NA,NA,NA,NA,NA,NA,NA,NA,NA,NA,NA,NA,NA,NA,NA,NA,NA,NA,NA,NA,NA,NA,NA,NA,NA,NA,NA,NA,NA,NA,NA,NA,NA,NA,NA,NA,NA,NA,NA,NA,NA,NA,NA,NA,NA,NA,NA,NA,NA,NA,NA,NA,NA,NA,NA,NA,NA,NA,NA,NA,NA,NA,NA,NA,NA,NA,NA,NA,NA,NA,NA,NA,NA,NA,NA,NA,NA,NA,NA,NA,NA,NA,NA,NA,NA,NA,NA,NA,NA,NA,NA,NA,NA,NA,NA,NA,NA,NA,NA,NA,NA,NA,NA,NA,NA,NA,NA,NA,NA,NA,NA,NA,NA,NA,NA,NA,NA,NA,NA,NA,NA,NA,NA,NA,NA,NA,NA,NA,NA,NA,NA,NA,NA,NA,NA,NA,NA,NA,NA,NA,NA,NA,NA,NA,NA,NA,NA,NA
"2","Quarterly data from 1947 To 2004",NA,NA,NA,NA,NA,NA,NA,NA,NA,NA,NA,NA,NA,NA,NA,NA,NA,NA,NA,NA,NA,NA,NA,NA,NA,NA,NA,NA,NA,NA,NA,NA,NA,NA,NA,NA,NA,NA,NA,NA,NA,NA,NA,NA,NA,NA,NA,NA,NA,NA,NA,NA,NA,NA,NA,NA,NA,NA,NA,NA,NA,NA,NA,NA,NA,NA,NA,NA,NA,NA,NA,NA,NA,NA,NA,NA,NA,NA,NA,NA,NA,NA,NA,NA,NA,NA,NA,NA,NA,NA,NA,NA,NA,NA,NA,NA,NA,NA,NA,NA,NA,NA,NA,NA,NA,NA,NA,NA,NA,NA,NA,NA,NA,NA,NA,NA,NA,NA,NA,NA,NA,NA,NA,NA,NA,NA,NA,NA,NA,NA,NA,NA,NA,NA,NA,NA,NA,NA,NA,NA,NA,NA,NA,NA,NA,NA,NA,NA,NA,NA,NA,NA,NA,NA,NA,NA,NA,NA,NA,NA,NA,NA,NA,NA,NA,NA,NA,NA,NA,NA,NA,NA,NA,NA,NA,NA,NA,NA,NA,NA,NA,NA,NA,NA,NA,NA,NA,NA,NA,NA,NA,NA,NA,NA,NA,NA,NA,NA,NA,NA,NA,NA,NA,NA,NA,NA,NA,NA,NA,NA,NA,NA,NA,NA,NA,NA,NA,NA,NA,NA,NA,NA,NA,NA,NA,NA,NA,NA,NA,NA,NA,NA,NA,NA
"3","Bureau of Economic Analysis",NA,NA,NA,NA,NA,NA,NA,NA,NA,NA,NA,NA,NA,NA,NA,NA,NA,NA,NA,NA,NA,NA,NA,NA,NA,NA,NA,NA,NA,NA,NA,NA,NA,NA,NA,NA,NA,NA,NA,NA,NA,NA,NA,NA,NA,NA,NA,NA,NA,NA,NA,NA,NA,NA,NA,NA,NA,NA,NA,NA,NA,NA,NA,NA,NA,NA,NA,NA,NA,NA,NA,NA,NA,NA,NA,NA,NA,NA,NA,NA,NA,NA,NA,NA,NA,NA,NA,NA,NA,NA,NA,NA,NA,NA,NA,NA,NA,NA,NA,NA,NA,NA,NA,NA,NA,NA,NA,NA,NA,NA,NA,NA,NA,NA,NA,NA,NA,NA,NA,NA,NA,NA,NA,NA,NA,NA,NA,NA,NA,NA,NA,NA,NA,NA,NA,NA,NA,NA,NA,NA,NA,NA,NA,NA,NA,NA,NA,NA,NA,NA,NA,NA,NA,NA,NA,NA,NA,NA,NA,NA,NA,NA,NA,NA,NA,NA,NA,NA,NA,NA,NA,NA,NA,NA,NA,NA,NA,NA,NA,NA,NA,NA,NA,NA,NA,NA,NA,NA,NA,NA,NA,NA,NA,NA,NA,NA,NA,NA,NA,NA,NA,NA,NA,NA,NA,NA,NA,NA,NA,NA,NA,NA,NA,NA,NA,NA,NA,NA,NA,NA,NA,NA,NA,NA,NA,NA,NA,NA,NA,NA,NA,NA,NA,NA
"4","Data published March 30, 2005    ",NA,NA,NA,NA,NA,NA,NA,NA,NA,NA,NA,NA,NA,NA,NA,NA,NA,NA,NA,NA,NA,NA,NA,NA,NA,NA,NA,NA,NA,NA,NA,NA,NA,NA,NA,NA,NA,NA,NA,NA,NA,NA,NA,NA,NA,NA,NA,NA,NA,NA,NA,NA,NA,NA,NA,NA,NA,NA,NA,NA,NA,NA,NA,NA,NA,NA,NA,NA,NA,NA,NA,NA,NA,NA,NA,NA,NA,NA,NA,NA,NA,NA,NA,NA,NA,NA,NA,NA,NA,NA,NA,NA,NA,NA,NA,NA,NA,NA,NA,NA,NA,NA,NA,NA,NA,NA,NA,NA,NA,NA,NA,NA,NA,NA,NA,NA,NA,NA,NA,NA,NA,NA,NA,NA,NA,NA,NA,NA,NA,NA,NA,NA,NA,NA,NA,NA,NA,NA,NA,NA,NA,NA,NA,NA,NA,NA,NA,NA,NA,NA,NA,NA,NA,NA,NA,NA,NA,NA,NA,NA,NA,NA,NA,NA,NA,NA,NA,NA,NA,NA,NA,NA,NA,NA,NA,NA,NA,NA,NA,NA,NA,NA,NA,NA,NA,NA,NA,NA,NA,NA,NA,NA,NA,NA,NA,NA,NA,NA,NA,NA,NA,NA,NA,NA,NA,NA,NA,NA,NA,NA,NA,NA,NA,NA,NA,NA,NA,NA,NA,NA,NA,NA,NA,NA,NA,NA,NA,NA,NA,NA,NA,NA,NA,NA
"5","File created 3/29/2005 7:59:50 AM",NA,NA,NA,NA,NA,NA,NA,NA,NA,NA,NA,NA,NA,NA,NA,NA,NA,NA,NA,NA,NA,NA,NA,NA,NA,NA,NA,NA,NA,NA,NA,NA,NA,NA,NA,NA,NA,NA,NA,NA,NA,NA,NA,NA,NA,NA,NA,NA,NA,NA,NA,NA,NA,NA,NA,NA,NA,NA,NA,NA,NA,NA,NA,NA,NA,NA,NA,NA,NA,NA,NA,NA,NA,NA,NA,NA,NA,NA,NA,NA,NA,NA,NA,NA,NA,NA,NA,NA,NA,NA,NA,NA,NA,NA,NA,NA,NA,NA,NA,NA,NA,NA,NA,NA,NA,NA,NA,NA,NA,NA,NA,NA,NA,NA,NA,NA,NA,NA,NA,NA,NA,NA,NA,NA,NA,NA,NA,NA,NA,NA,NA,NA,NA,NA,NA,NA,NA,NA,NA,NA,NA,NA,NA,NA,NA,NA,NA,NA,NA,NA,NA,NA,NA,NA,NA,NA,NA,NA,NA,NA,NA,NA,NA,NA,NA,NA,NA,NA,NA,NA,NA,NA,NA,NA,NA,NA,NA,NA,NA,NA,NA,NA,NA,NA,NA,NA,NA,NA,NA,NA,NA,NA,NA,NA,NA,NA,NA,NA,NA,NA,NA,NA,NA,NA,NA,NA,NA,NA,NA,NA,NA,NA,NA,NA,NA,NA,NA,NA,NA,NA,NA,NA,NA,NA,NA,NA,NA,NA,NA,NA,NA,NA,NA,NA
"6",NA,NA,NA,NA,NA,NA,NA,NA,NA,NA,NA,NA,NA,NA,NA,NA,NA,NA,NA,NA,NA,NA,NA,NA,NA,NA,NA,NA,NA,NA,NA,NA,NA,NA,NA,NA,NA,NA,NA,NA,NA,NA,NA,NA,NA,NA,NA,NA,NA,NA,NA,NA,NA,NA,NA,NA,NA,NA,NA,NA,NA,NA,NA,NA,NA,NA,NA,NA,NA,NA,NA,NA,NA,NA,NA,NA,NA,NA,NA,NA,NA,NA,NA,NA,NA,NA,NA,NA,NA,NA,NA,NA,NA,NA,NA,NA,NA,NA,NA,NA,NA,NA,NA,NA,NA,NA,NA,NA,NA,NA,NA,NA,NA,NA,NA,NA,NA,NA,NA,NA,NA,NA,NA,NA,NA,NA,NA,NA,NA,NA,NA,NA,NA,NA,NA,NA,NA,NA,NA,NA,NA,NA,NA,NA,NA,NA,NA,NA,NA,NA,NA,NA,NA,NA,NA,NA,NA,NA,NA,NA,NA,NA,NA,NA,NA,NA,NA,NA,NA,NA,NA,NA,NA,NA,NA,NA,NA,NA,NA,NA,NA,NA,NA,NA,NA,NA,NA,NA,NA,NA,NA,NA,NA,NA,NA,NA,NA,NA,NA,NA,NA,NA,NA,NA,NA,NA,NA,NA,NA,NA,NA,NA,NA,NA,NA,NA,NA,NA,NA,NA,NA,NA,NA,NA,NA,NA,NA,NA,NA,NA,NA,NA,NA,NA,NA
"7","Line",NA,NA,1947,1947,1947,1947,1948,1948,1948,1948,1949,1949,1949,1949,1950,1950,1950,1950,1951,1951,1951,1951,1952,1952,1952,1952,1953,1953,1953,1953,1954,1954,1954,1954,1955,1955,1955,1955,1956,1956,1956,1956,1957,1957,1957,1957,1958,1958,1958,1958,1959,1959,1959,1959,1960,1960,1960,1960,1961,1961,1961,1961,1962,1962,1962,1962,1963,1963,1963,1963,1964,1964,1964,1964,1965,1965,1965,1965,1966,1966,1966,1966,1967,1967,1967,1967,1968,1968,1968,1968,1969,1969,1969,1969,1970,1970,1970,1970,1971,1971,1971,1971,1972,1972,1972,1972,1973,1973,1973,1973,1974,1974,1974,1974,1975,1975,1975,1975,1976,1976,1976,1976,1977,1977,1977,1977,1978,1978,1978,1978,1979,1979,1979,1979,1980,1980,1980,1980,1981,1981,1981,1981,1982,1982,1982,1982,1983,1983,1983,1983,1984,1984,1984,1984,1985,1985,1985,1985,1986,1986,1986,1986,1987,1987,1987,1987,1988,1988,1988,1988,1989,1989,1989,1989,1990,1990,1990,1990,1991,1991,1991,1991,1992,1992,1992,1992,1993,1993,1993,1993,1994,1994,1994,1994,1995,1995,1995,1995,1996,1996,1996,1996,1997,1997,1997,1997,1998,1998,1998,1998,1999,1999,1999,1999,2000,2000,2000,2000,2001,2001,2001,2001,2002,2002,2002,2002,2003,2003,2003,2003,2004,2004,2004,2004
"8",NA,NA,NA,1,2,3,4,1,2,3,4,1,2,3,4,1,2,3,4,1,2,3,4,1,2,3,4,1,2,3,4,1,2,3,4,1,2,3,4,1,2,3,4,1,2,3,4,1,2,3,4,1,2,3,4,1,2,3,4,1,2,3,4,1,2,3,4,1,2,3,4,1,2,3,4,1,2,3,4,1,2,3,4,1,2,3,4,1,2,3,4,1,2,3,4,1,2,3,4,1,2,3,4,1,2,3,4,1,2,3,4,1,2,3,4,1,2,3,4,1,2,3,4,1,2,3,4,1,2,3,4,1,2,3,4,1,2,3,4,1,2,3,4,1,2,3,4,1,2,3,4,1,2,3,4,1,2,3,4,1,2,3,4,1,2,3,4,1,2,3,4,1,2,3,4,1,2,3,4,1,2,3,4,1,2,3,4,1,2,3,4,1,2,3,4,1,2,3,4,1,2,3,4,1,2,3,4,1,2,3,4,1,2,3,4,1,2,3,4,1,2,3,4,1,2,3,4,1,2,3,4,1,2,3,4
"9","1","    Current receipts","W005RC1",43.4,42.5,41.6,43.8,44,42.5,41.6,41.4,39.9,37.9,37.4,36.2,41.4,45.5,51.8,56.5,64.5,61.6,60.9,64.6,64.7,64.8,65.3,68.4,70.1,70.5,69.5,64.3,61.6,61.7,62.3,64.4,68.3,70.3,72,73.7,74.2,75.6,75.4,78.2,80.4,79.9,79.9,77.1,73.6,73.5,76.7,80.4,84.9,88.6,86.8,87.4,95.6,94.3,93.7,92.2,92.2,94.1,96,99.5,101,102.5,104.9,106.1,109.1,111.4,112.5,114.1,112.7,109,111.7,113.6,119.5,121.4,119.8,123.1,132.5,137.3,139.7,142.3,143.2,144.3,147.8,152.2,160.9,165.6,176.8,181.5,191,194.1,191.9,193.3,187.2,188.1,184.7,183.8,188.5,191.4,191.8,195.1,214.1,217.5,220.4,228.2,243.5,247.6,250.8,259.6,267.2,277.6,288.4,284.9,278.3,245.1,288.5,296.8,312.1,319,326.6,332.5,347,360.8,367.4,378.5,388.7,417.1,434.7,453.5,469.1,480.3,492.4,503.1,517.2,514.3,533.6,563.3,606.6,616.1,631.9,623.2,616.5,622.7,611.9,615.2,622.1,647.7,641.1,658.4,692.5,705.2,711.8,726.6,779.8,743.6,781.1,788.6,799.2,802.6,816.8,842.2,842.3,911.8,906.2,926.2,940,949.9,961.3,981.8,1028.2,1030.8,1038.5,1052,1057.5,1075.8,1093.2,1099.5,1087,1095.7,1107.1,1115.3,1126.8,1143.7,1137.6,1180.6,1174.4,1218.1,1226.8,1270.9,1272.4,1326.8,1331,1353,1373.8,1407.3,1415.2,1429.8,1470.5,1519,1529.5,1577,1600.2,1636.3,1672.8,1703.1,1731.4,1758.1,1792.4,1813.2,1843.6,1869.5,1900.2,1951.6,2035.7,2044.9,2066.8,2068,2089.2,2080.5,1895.4,1999.6,1844.6,1850.5,1847.9,1846.2,1888.6,1902.5,1816.4,1900.6,1915.3,1949.1,1965.8,2032.5
"10","2","Current tax receipts","W006RC1",36.9,36.4,36.3,38.9,39.1,37.8,36.9,36.7,34.6,32.7,32.5,31.5,36.1,40.2,46.3,50.7,57.9,54.9,54.3,57.9,57.8,58,58.4,61.4,63.1,63.3,62.4,57.3,53.6,53.7,54.3,56.3,59.5,61.3,62.8,64.5,64.3,65.6,65.4,68.1,69,68.5,68.4,65.8,62.2,62.2,65.3,68.9,71.4,74.9,73.2,73.7,78.2,76.8,76.2,74.8,74.6,76.4,78,81,80.9,82.2,84.5,85.7,86.3,88.4,89.3,90.5,89.1,85.3,87.6,89.1,94.6,96.2,94.3,97.6,100.2,104.6,106.1,108.2,107.7,107.5,110.3,114,120.6,124.4,134.8,139.3,145.9,148.1,144.8,145.4,139.2,140.5,136.5,135.9,136.8,138.2,138.7,141.1,154,156.4,158.4,164.7,167.6,170.7,173.4,180.9,182.3,190.2,199.8,196.6,189.6,156.1,198,204.4,210,215.4,221.2,225.9,234.7,245.7,250.2,259.1,258.9,282.1,295.7,310.7,313.3,322.4,330.9,338.3,345.7,341.2,357.3,379.5,401.9,406.4,419,405,388.4,393.2,381.7,383.7,379.8,401.8,391.5,401.2,416.4,423,426.1,437.4,476.7,429.5,467.3,469.1,469.3,470.1,479.2,499.9,494.3,560.1,552.6,568.9,556.5,561.6,568.1,580.5,618.5,618.1,619.2,630.9,626.9,643,653.9,647.3,627.5,632.6,638.5,645.6,645.8,658.8,649.2,687.8,674.6,709.6,715.5,753.9,741,789.4,789.4,807.8,817.7,848.1,852.5,862,896.1,936.4,937.5,959.6,990,1017.7,1046.8,1067.9,1086,1104.9,1131.4,1145.1,1157.5,1179.2,1203.9,1242.4,1301.9,1309.4,1322.6,1320.4,1323,1315.6,1132,1238.1,1070.4,1074.1,1066.6,1064.8,1089.7,1094.2,999.3,1074.9,1073.9,1098.5,1101.9,1157.6
"11","3","  Personal current taxes \1\","A074RC1",18.2,18.5,18.7,19.8,20.1,17.8,17.1,17.3,16.5,15.6,14.9,14.5,15.2,16.1,17.4,21,22.8,24.7,26.1,27.9,29.1,30,30.4,31.2,31.5,31.5,31.2,31,28.1,27.9,27.9,28.3,29,30.1,31,31.8,32.7,33.6,34.2,35.2,35.7,36.1,36.3,35.9,35.2,34.7,35.9,36.2,37.2,38.3,38.7,39.7,41.1,41.8,42.3,42.1,42.2,42.5,42.8,43.4,44.6,46,47.2,48.4,48.8,49,49.1,49.6,48,43.7,45.4,46.9,50.5,51.9,50.4,51.5,54.4,58,59.8,62.2,62.9,62.6,65.2,66.9,68.8,71.4,81,84.5,90.7,93.3,90.8,91.9,90.6,91.4,86.3,87.2,83.6,85.1,86.3,88.2,100.3,102.4,103.1,105.3,104.5,106.9,111,116,119.5,124.8,129.7,132,132.3,94.6,125.7,130.4,132.7,138.4,144.2,149.7,154.9,160.6,162.3,170.8,173.1,182.7,195.1,204.9,211.3,219.7,229.2,238.3,237.6,243.6,252.2,266.6,277.8,288.4,300.8,295.3,294.6,301.1,289.1,295.2,289,294.7,276.8,284.4,287.4,294.1,306.9,317.3,352.6,307.1,339.6,344.7,341.3,343.9,351.4,363.7,357.9,409.7,394.4,408,401.7,399.6,401.6,408.7,437.9,446.8,455.5,465.8,461.3,470.1,475.1,474.3,457.3,459.2,461.9,467,459.1,468,477.2,496.8,481.4,502.8,511.7,526.1,523.3,553.7,542.3,551.4,564.6,590.6,586.8,601.8,631.3,668.1,669.2,685.2,718,733.5,751.8,774,796.1,816.5,836.3,854.5,864.1,879.7,899.5,928.7,975.4,987.4,1011.7,1021.7,1047.3,1045.7,881,1004.1,846.9,835.6,824.4,817.7,809.6,811.6,709.2,772.5,768.3,781.5,799.6,814.3
"12","4","  Taxes on production and imports \2\","W007RC1",7.8,7.5,7.4,7.9,7.5,7.9,7.9,7.9,7.8,7.9,8.1,7.7,7.9,8.5,9.8,8.8,9.8,8.8,8.8,9.3,9.8,10.1,10.1,10.5,10.8,11,10.7,10.4,9.7,9.6,9.3,9.5,10,10.5,10.6,10.6,10.6,10.6,11,11.7,11.6,11.6,11.7,11.3,11.1,11.2,11.1,11.5,11.9,12.1,12.5,12.5,13.3,13.2,13.1,12.9,12.9,13.1,13.2,13.6,14,14,14.4,14.3,14.4,14.7,14.8,15,15,15.4,15.5,15.9,16.4,15.7,14.8,15,13.9,14.7,14.6,14.9,15,15.2,15.3,15.5,16.2,16.8,17.3,17.5,17.4,17.9,18.3,18,18,18.2,18.3,18.3,19.5,18.8,19,19.1,18.3,18.4,18.6,19.1,19.7,20,19.8,20.2,19.9,20.2,20.4,20.3,19.9,21.5,23.5,24.1,21,21.5,21.9,21.9,22.2,22.7,23.4,23.4,24.2,25.6,25.8,26.6,26.2,26.2,25.7,25.9,28,33.9,36.5,37.7,51,52.2,49.5,48.5,43.9,40.4,40.5,40.7,41.5,45.7,45.9,46.2,47.4,48,47.9,47.8,46.8,46,47.2,45.8,44.8,43.3,44.1,43.9,44.4,46.1,46.7,47.7,50,49.8,50.7,50.7,51.3,49.7,50.5,49.4,50.8,51.3,51.6,52,60.1,61.7,62.2,64.6,64,63.5,62.3,65,62.5,65.1,65.7,73.4,75.9,79,80.9,81.7,76.9,76.1,75.8,74.8,73,71.5,72.1,76.3,72.3,80.1,80.3,80.1,79.9,80.5,81.8,82.1,81.7,82.1,84.2,87.5,86.7,88.9,88.1,87.5,87.6,86.9,84.2,84.6,85.1,87.8,88.2,88,90.3,89.6,88,89.6,89,89.3,89.2,92.7
"13","5","    Excise taxes","B234RC1",NA,NA,NA,NA,NA,NA,NA,NA,NA,NA,NA,NA,NA,NA,NA,NA,NA,NA,NA,NA,NA,NA,NA,NA,NA,NA,NA,NA,NA,NA,NA,NA,NA,NA,NA,NA,NA,NA,NA,NA,NA,NA,NA,NA,NA,NA,NA,NA,10.9,11,11.4,11.4,12.1,12.1,12.1,11.9,11.9,12.1,12.1,12.5,12.8,12.8,13.2,13.1,13.2,13.5,13.6,13.7,13.8,14.1,14.2,14.5,15,14.1,13.1,13.3,12.1,12.8,12.7,13,13,13.3,13.5,13.5,14.1,14.6,15,15.1,15.4,15.3,15.8,15.6,15.5,15.8,15.8,15.7,16.9,16.1,15.8,15.1,15.2,15.6,15.7,15.9,16.2,16.7,16.7,17,16.5,16.7,16.5,16.5,15.8,16.3,16.6,16.8,16.7,17,17.1,17.3,17.1,17.4,17.6,17.9,17.8,18.5,18.5,19.1,18.6,18.7,18.4,18.6,20.7,27,29.3,30.4,43.2,43.8,40.7,39.1,34.8,31.7,32.2,32.4,33.8,36.7,36.2,36.1,36.5,35.8,35.7,35.5,34.5,34.4,35.1,33.1,32,29.8,29.8,29.7,29.5,30.3,31.3,31.8,33.7,33.6,34.2,33.9,34.2,32.2,32.8,31.8,33.1,33.5,34.2,35,43.6,45.6,45.5,46.7,46.3,45.5,43.6,46.1,43.9,44.9,45.2,53.5,55.3,57.8,58.9,59.8,56.9,56.1,56.1,55.1,52.9,52.2,52.4,58.6,53.3,59.6,60.5,60.8,60.5,60.9,62,62.6,63.5,64.2,64.5,66.5,66.7,67,66.5,66.5,65.8,66.3,64.3,64.4,66.3,68,67.9,67.2,68.6,68.2,66.7,68.1,66.5,66.2,66.2,68.4
"14","6","    Customs duties","B235RC1",NA,NA,NA,NA,NA,NA,NA,NA,NA,NA,NA,NA,NA,NA,NA,NA,NA,NA,NA,NA,NA,NA,NA,NA,NA,NA,NA,NA,NA,NA,NA,NA,NA,NA,NA,NA,NA,NA,NA,NA,NA,NA,NA,NA,NA,NA,NA,NA,1,1.1,1.1,1.1,1.2,1.1,1,1,1,1,1.1,1.1,1.2,1.2,1.2,1.2,1.2,1.2,1.2,1.2,1.2,1.3,1.3,1.4,1.4,1.6,1.7,1.7,1.8,1.9,1.9,1.9,1.9,1.9,1.8,2,2.1,2.2,2.4,2.3,2,2.6,2.5,2.4,2.4,2.4,2.5,2.6,2.6,2.7,3.2,4,3.1,2.8,2.9,3.1,3.4,3.3,3.2,3.2,3.4,3.6,3.8,3.9,4.1,5.2,6.9,7.3,4.3,4.6,4.7,4.6,5,5.3,5.8,5.5,6.4,7.1,7.3,7.5,7.6,7.6,7.3,7.4,7.2,6.9,7.2,7.3,7.9,8.3,8.8,9.3,9.1,8.7,8.3,8.3,7.6,9,9.6,10.1,10.9,12.1,12.3,12.3,12.3,11.7,12,12.7,12.8,13.4,14.3,14.2,14.9,15.9,15.4,15.9,16.3,16.1,16.5,16.7,17,17.5,17.7,17.6,17.7,17.8,17.5,17,16.5,16.2,16.7,17.9,17.7,18,18.7,18.9,18.7,20.2,20.4,19.9,20.6,21.3,22,21.9,20,20,19.6,19.7,20.1,19.4,19.7,17.7,19,20.4,19.8,19.3,19.4,19.6,19.8,19.5,18.2,17.9,19.7,20.9,20,22,21.6,21,21.9,20.6,19.9,20.2,18.8,19.8,20.3,20.8,21.7,21.3,21.2,21.5,22.6,23.1,23.1,24.3
"15","7","  Taxes on corporate income","B075RC1",10.9,10.4,10.2,11.1,11.5,12.1,11.9,11.5,10.4,9.1,9.5,9.3,13,15.6,19.1,20.9,25.3,21.4,19.4,20.7,19,17.9,17.8,19.7,20.8,20.9,20.4,15.9,15.7,16.2,17.1,18.4,20.4,20.7,21.2,22,21,21.4,20.1,21.2,21.7,20.8,20.4,18.6,16,16.3,18.4,21.1,22.3,24.4,21.9,21.4,23.6,21.7,20.7,19.7,19.4,20.7,22,23.9,22.3,22.1,22.7,22.8,22.9,24.5,25.2,25.8,25.9,26,26.5,26.1,27.5,28.4,28.9,30.8,31.7,31.7,31.4,30.9,29.7,29.4,29.6,31.4,35.2,35.9,36.1,37,37.4,36.5,35.3,35.1,30.3,30.5,31.5,30.1,33.3,33.9,33.1,33.5,35,35.2,36.3,39.9,43,43.5,42.2,44.3,42.5,44.8,49.3,43.9,37,39.6,48.3,49.4,55.7,54.8,54.4,53.5,56.9,61.7,63.8,64.1,60.7,72.8,73.9,78.2,74.8,75.4,74.8,72.7,78.6,62.1,67,73.6,71.5,64.3,67.2,59.8,48.6,50.4,50.8,46.3,48.2,60.2,67.6,69.4,80.3,79.5,70.1,71,75.9,74.5,78.4,76.3,81.7,81.4,81.9,90.3,90.2,102.3,109.5,110.7,102.7,109.5,113.4,119,126.3,119.1,110.5,113,112.1,118.7,124.2,117.5,107.4,109,111.8,111.6,120,124.7,107.1,123.3,127.8,139,135.4,151.6,138.9,153.5,163.1,171.4,172.6,177.7,185.8,181.2,187.2,192,190.9,192.4,194.9,199.3,209.6,208.2,205.2,202.8,207.7,201.3,206.3,211.4,213.9,220.2,233,225.5,215.6,203.7,180.7,176.6,159.7,141.6,131.4,143.2,146.9,152.2,183.1,183.1,194.3,204.9,207.9,219.5,204.9,240.2
"16","8","    Federal Reserve banks","B677RC1",0.1,0.1,0.1,0.1,0.1,0.1,0.2,0.2,0.2,0.2,0.2,0.2,0.2,0.2,0.2,0.2,0.2,0.3,0.3,0.3,0.3,0.3,0.3,0.3,0.3,0.3,0.4,0.3,0.3,0.3,0.3,0.2,0.2,0.2,0.3,0.3,0.4,0.4,0.4,0.4,0.5,0.5,0.6,0.6,0.6,0.6,0.5,0.5,0.7,0.8,1,1.2,0.9,0.9,0.9,0.8,0.7,0.7,0.7,0.7,0.8,0.8,0.8,0.8,0.8,0.9,0.9,0.9,1.5,1.6,1.6,1.7,1.2,1.3,1.3,1.4,1.5,1.6,1.7,1.8,1.9,1.9,1.9,2,2.3,2.4,2.5,2.6,2.8,3,3.1,3.3,3.4,3.5,3.6,3.5,3.4,3.3,3.4,3.4,3.2,3.2,3.2,3.3,3.7,4.2,4.6,4.9,5.1,5.5,5.8,5.8,5.5,5.4,5.2,5.5,5.8,5.8,5.9,6,5.9,6,5.9,6,6.3,6.6,7.2,7.9,8.2,8.8,9.5,10.6,11.6,12.3,11,11.9,13,13.6,14.5,15,15.1,15.7,15.4,14.6,13.9,13.9,14.3,14.8,15.4,15.7,16.3,16.7,18.2,18.2,17.5,17.3,18.7,17.9,17.3,17.2,17.2,17.7,18,18.1,16.7,16.6,17.5,18.6,21.2,22.1,21.5,21.8,22.6,23.2,24.7,24,21.5,20.8,20.5,20.3,17.8,17.4,16.2,15.7,16.4,16,15.7,15.8,18.6,19.5,20.9,22.9,22.8,23.8,23.6,23.3,19.9,20,20.1,20.3,20,20.5,20.9,21.3,26.4,26.6,26.8,26.6,24,24.6,25.3,27.7,24.7,25,25.6,26.1,29.6,28,26.6,24.3,25.4,25.6,24.2,22.8,24,22.8,21.2,20.1,20.9,20.8,21.8,24.1
"17","9","    Other","A678RC1",10.9,10.3,10.1,11,11.4,12,11.7,11.3,10.2,8.9,9.3,9.2,12.9,15.4,18.9,20.7,25,21.1,19.1,20.4,18.7,17.6,17.5,19.3,20.4,20.5,20,15.6,15.4,15.9,16.9,18.2,20.2,20.4,20.9,21.7,20.6,21,19.7,20.8,21.3,20.3,19.8,18,15.4,15.8,17.9,20.7,21.6,23.6,20.9,20.2,22.7,20.8,19.8,18.9,18.7,20.1,21.3,23.2,21.5,21.3,21.9,22,22,23.6,24.3,24.8,24.4,24.4,24.9,24.5,26.3,27.1,27.6,29.4,30.2,30.2,29.7,29,27.8,27.5,27.8,29.4,33,33.5,33.5,34.4,34.6,33.5,32.2,31.8,27,27,27.9,26.6,29.9,30.7,29.8,30.1,31.8,32,33.1,36.6,39.3,39.4,37.6,39.4,37.4,39.3,43.5,38.1,31.5,34.2,43.2,43.9,49.9,49,48.5,47.5,51,55.7,57.9,58.1,54.4,66.2,66.7,70.3,66.6,66.5,65.3,62.1,67,49.8,56,61.7,58.5,50.7,52.7,44.8,33.5,34.7,35.4,31.7,34.3,46.3,53.3,54.6,64.8,63.8,53.8,54.3,57.7,56.3,60.8,59,63,63.4,64.6,73.1,73,84.6,91.5,92.7,85.9,92.8,95.9,100.4,105.1,97,89,91.1,89.6,95.5,99.5,93.5,85.9,88.2,91.3,91.2,102.2,107.3,90.9,107.5,111.4,123.1,119.7,135.8,120.3,134,142.1,148.6,149.8,154,162.1,157.8,167.3,172,170.8,172,174.9,178.8,188.8,186.9,178.9,176.2,181,174.7,182.3,186.8,188.5,192.5,208.3,200.6,189.9,177.6,151.1,148.7,133.2,117.4,105.9,117.6,122.7,129.4,159.1,160.4,173.1,184.8,187,198.7,183.1,216.1
"18","10","  Taxes from the rest of the world","W008RC1",NA,NA,NA,NA,NA,NA,NA,NA,NA,NA,NA,NA,NA,NA,NA,NA,NA,NA,NA,NA,NA,NA,NA,NA,NA,NA,NA,NA,NA,NA,NA,NA,NA,NA,NA,NA,NA,NA,NA,NA,NA,NA,NA,NA,NA,NA,NA,NA,0.1,0.1,0.1,0.1,0.1,0.1,0.1,0.1,0.1,0.1,0.1,0.1,0.1,0.1,0.1,0.2,0.2,0.2,0.2,0.2,0.2,0.2,0.2,0.2,0.2,0.2,0.2,0.2,0.2,0.2,0.2,0.2,0.2,0.2,0.2,0.3,0.3,0.3,0.3,0.4,0.4,0.4,0.4,0.4,0.4,0.4,0.4,0.4,0.4,0.4,0.4,0.4,0.4,0.4,0.4,0.4,0.4,0.4,0.4,0.4,0.4,0.4,0.4,0.4,0.4,0.4,0.5,0.6,0.7,0.7,0.7,0.7,0.7,0.7,0.7,0.8,0.9,0.9,1,1,1,1.1,1.2,1.3,1.5,1.6,1.7,1.7,1.6,1.5,1.5,1.5,1.3,1.3,1.3,1.5,1.2,1.2,1.2,1.2,1.3,1.3,1.2,1.3,1.4,1.8,2.2,2.3,1.5,1.6,1.7,2.1,1.9,2,1.9,2.4,2.1,2.7,2.4,2.2,3,2.5,2.7,2.8,2.7,2.9,3,3.5,2.7,2.7,2.6,2.5,2.7,2.6,2.6,2.7,2.8,2.6,2.7,2.8,3,3.2,3.2,3.2,3.6,3.7,4.2,4.2,4.6,4.8,5.4,5.8,4.8,4.9,5.1,5.6,4.8,5.1,5.6,7.3,5.3,5.9,6.3,6,6.8,7.6,7.2,7.5,7.4,6.4,7.1,7.7,7,7.5,7.1,6.9,6.7,9.9,7.8,7.9,8.6,8.3,8.2,10.3
"19","11","Contributions for government social insurance","B077RC1",6.2,5.8,5,4.6,4.6,4.3,4.4,4.3,5,4.9,4.6,4.3,5.1,5.1,5.3,5.6,6.4,6.5,6.3,6.4,6.7,6.6,6.6,6.8,6.8,6.8,6.9,6.7,7.8,7.7,7.7,7.8,8.5,8.7,8.9,8.9,9.5,9.6,9.6,9.8,11,11,11.1,10.9,10.9,10.9,11,11.1,13.3,13.5,13.4,13.5,16,16,16,15.9,16.3,16.4,16.6,16.8,18.4,18.6,18.6,18.7,20.7,20.9,21.1,21.4,21.4,21.6,21.8,22,22.2,22.4,22.8,23.2,29.6,30,31.1,31.4,32.8,33.7,34.4,35.1,36.7,37.5,38.1,38.7,41.9,42.7,43.6,44.2,44.9,45.2,45.6,45.4,49.3,49.9,50.1,50.7,56.9,57.5,58.2,59,72.2,73.3,74.5,76,81.5,83.1,84.7,84.8,85.9,86.2,87.9,89.9,96.9,98.3,100,101.4,106.8,109.4,111.5,113.6,123,126.8,129.3,132.4,145,147,150.3,153.2,159.5,160.3,162.8,167.9,187.9,190.3,193.7,195.5,203.2,204.3,205.8,206.1,216.3,219.6,223.1,228.3,246.5,251.2,255.2,258.4,270.7,274.1,277.9,283.2,292.4,294.9,298.9,303.6,309.7,313.2,317.2,323.5,344.1,350.8,355.9,361.6,371.1,374,377.4,382.6,394.6,398.5,403.9,403.4,413.5,416.3,420.8,423.7,436.1,440.7,444.5,446,454.3,461.9,465.8,472.2,484.1,491.9,496,502.7,511.9,516.3,521.8,526.8,531.4,539.6,546.6,553.5,564.5,571.3,579.4,590.2,600.9,609.4,618.2,626.7,643,647.1,652.6,663.9,685.3,685.6,696.5,699.4,716.4,718.1,717.9,717.6,731.3,734.6,734.3,734.9,747.7,754,761.6,769.5,787.9,797.6,810.1,818.8
"20","12","Income receipts on assets","W009RC1",NA,NA,NA,NA,NA,NA,NA,NA,NA,NA,NA,NA,NA,NA,NA,NA,NA,NA,NA,NA,NA,NA,NA,NA,NA,NA,NA,NA,NA,NA,NA,NA,NA,NA,NA,NA,NA,NA,NA,NA,NA,NA,NA,NA,NA,NA,NA,NA,0,0,0,0,1.3,1.3,1.5,1.4,1.4,1.5,1.4,1.6,1.6,1.8,1.7,1.7,1.7,1.7,1.8,1.8,1.9,1.8,2,1.6,2,2,2,1.7,2,2,2.1,2.3,2.3,2.5,2.5,2.6,2.9,2.9,3.1,2.8,2.6,2.6,2.7,2.8,2.9,3.1,3.1,3.1,3.2,3.5,3.5,3.7,3.5,3.5,3.7,3.7,3.8,3.8,3.7,3.8,4,4.2,4.2,4.3,4.5,4.8,5.1,5.2,5.7,5.9,6.1,5.8,6.5,6.7,6.9,6.8,7.6,8.4,8.7,9.4,9.9,10.2,10.9,11.6,12.1,13,14.2,15.3,16.6,17.5,18.8,20.2,21.6,22,22.4,22.7,23.2,23.3,24,24.9,25.5,27,26.8,27.3,27.7,28.3,30,30.5,31.5,31.1,32.9,30.1,29.3,28.8,27.9,25.9,33.9,28.2,27.9,29.9,28.4,28.2,30.3,27.4,27.5,26.8,27.2,39.3,32.4,30.1,30.4,27.5,26.5,25.8,25,25.5,26.9,26.9,26.5,24.6,23.9,23.4,23.4,22.8,22.9,23.8,23.1,25,26.4,26.4,27.7,27.2,27,27,25.7,23.9,22.5,21.8,20.9,20.8,20.8,21.2,21.5,22.3,24.5,25.5,25,25.9,26.4,25.2,24.4,23.5,21.3,20.2,19.9,19.8,19.4,22.8,24.3,25.5,22.9,22.2,22.9,23.7
"21","13","  Interest receipts \3\","B094RC1",NA,NA,NA,NA,NA,NA,NA,NA,NA,NA,NA,NA,NA,NA,NA,NA,NA,NA,NA,NA,NA,NA,NA,NA,NA,NA,NA,NA,NA,NA,NA,NA,NA,NA,NA,NA,NA,NA,NA,NA,NA,NA,NA,NA,NA,NA,NA,NA,NA,NA,NA,NA,1.3,1.2,1.4,1.4,1.4,1.4,1.4,1.5,1.5,1.7,1.6,1.6,1.7,1.7,1.7,1.7,1.8,1.7,1.9,1.5,1.9,1.9,1.9,1.6,1.9,1.9,2,2.1,2.2,2.4,2.4,2.4,2.7,2.7,2.9,2.6,2.4,2.5,2.5,2.6,2.7,2.8,2.8,2.9,2.9,3.1,3.1,3.3,3.2,3.2,3.3,3.3,3.4,3.4,3.3,3.3,3.5,3.6,3.7,3.8,3.9,4.2,4.5,4.5,5,5.2,5.4,5.1,5.6,5.8,5.9,5.8,6.6,7.3,7.6,8.2,8.6,8.7,9.4,9.9,10.2,10.8,11.8,12.5,13.5,14.2,15.2,16.4,17.7,18.1,18.5,19,19.7,19.8,20.6,21.4,21.7,23.1,22.9,23.5,23.9,24.7,26.6,27.4,28.8,28.6,30.6,27.8,26.9,26.4,25.5,23.6,31.7,26.2,26,28,26.5,26.2,28.1,25.1,25.1,24.3,24.6,36.6,29.6,27.3,27.7,24.8,23.9,23.2,22.5,23,24.3,24.2,23.8,21.8,21.1,20.6,20.7,20.2,20.6,21.5,20.6,22.2,22.9,22.6,23.5,22.8,22.5,22.4,21.3,19.6,18.3,17.9,17.2,17.4,17.7,17.9,18,18.4,20.1,20.7,19.6,19.9,19.8,18.6,17.9,17.3,16,15.1,15.3,15.4,14.7,16.4,17,17.9,16,15.8,16.6,17.1
"22","14","  Rents and royalties \4\","B1040C1",NA,NA,NA,NA,NA,NA,NA,NA,NA,NA,NA,NA,NA,NA,NA,NA,NA,NA,NA,NA,NA,NA,NA,NA,NA,NA,NA,NA,NA,NA,NA,NA,NA,NA,NA,NA,NA,NA,NA,NA,NA,NA,NA,NA,NA,NA,NA,NA,0,0,0,0,0,0,0,0,0.1,0.1,0.1,0.1,0.1,0.1,0.1,0.1,0.1,0.1,0.1,0.1,0.1,0.1,0.1,0.1,0.1,0.1,0.1,0.1,0.1,0.1,0.1,0.1,0.2,0.2,0.2,0.2,0.2,0.2,0.2,0.2,0.2,0.2,0.2,0.2,0.2,0.2,0.3,0.3,0.3,0.3,0.4,0.4,0.4,0.4,0.4,0.4,0.4,0.4,0.4,0.5,0.5,0.5,0.6,0.6,0.6,0.6,0.6,0.6,0.7,0.7,0.7,0.7,0.8,0.9,1,1,1,1.1,1.1,1.2,1.3,1.4,1.6,1.7,2,2.2,2.5,2.8,3.1,3.4,3.6,3.8,3.9,3.9,3.8,3.7,3.5,3.4,3.4,3.5,3.8,3.9,3.9,3.9,3.8,3.6,3.4,3.1,2.7,2.5,2.3,2.2,2.4,2.4,2.3,2.3,2.2,2,1.9,1.9,1.9,2,2.2,2.3,2.5,2.6,2.7,2.7,2.8,2.8,2.8,2.7,2.6,2.5,2.5,2.5,2.6,2.7,2.7,2.7,2.8,2.8,2.7,2.6,2.3,2.3,2.5,2.8,3.5,3.8,4.2,4.4,4.5,4.5,4.5,4.4,4.1,3.9,3.7,3.5,3.2,3.4,3.5,3.8,4.4,4.8,5.4,6,6.6,6.7,6.5,6.2,5.3,5.1,4.7,4.4,4.7,6.4,7.3,7.6,6.9,6.5,6.3,6.6
"23","15","Current transfer receipts","W011RC1",0.3,0.3,0.3,0.3,0.3,0.3,0.3,0.3,0.3,0.3,0.3,0.3,0.2,0.2,0.2,0.2,0.3,0.3,0.3,0.3,0.3,0.3,0.3,0.3,0.3,0.3,0.3,0.3,0.3,0.3,0.3,0.3,0.3,0.3,0.3,0.3,0.4,0.4,0.4,0.4,0.4,0.4,0.4,0.4,0.4,0.4,0.4,0.4,0.4,0.4,0.4,0.4,0.4,0.4,0.4,0.4,0.5,0.5,0.5,0.5,0.5,0.5,0.5,0.5,0.6,0.6,0.6,0.6,0.6,0.5,0.9,1,1,1,1.1,1.1,1.1,1.1,1.2,1.2,1,1.1,1.1,1.2,1.1,1.1,1.1,1.1,1.1,1.1,1.2,1.2,1.2,1.2,1.1,1.1,1.1,1.1,1.1,1.1,1.2,1.3,1.3,1.3,1.4,1.5,1.1,1.1,1.3,1.4,1.5,1.5,1.5,1.5,1.5,1.5,1.5,1.6,1.6,1.7,1.7,1.8,2.1,2.1,2.3,2.4,2.5,2.6,2.7,2.8,2.9,3,3.1,3.2,3.2,4.6,3.9,3.5,3.7,3.9,4.9,5.2,5.4,5.5,5.5,5.8,6.1,6.6,7.1,7.3,7.3,7.3,7.9,13.6,8,7.9,8,8.2,7.3,9.4,10,11.2,10.7,11,10.1,10.5,11.1,11.6,11.8,12,13.1,12.8,12.3,12.7,13.7,15.5,17.1,17.7,18.3,18.6,18.4,18.2,18.6,22.3,21,20.8,20.8,21.9,23.3,22,22.7,21.1,20.5,19.5,18.9,17.6,18.1,18.3,18.8,37.2,19.3,19.6,20.4,20.4,21.2,21.4,21.8,21.8,21.9,22.1,22.5,24.2,24.8,25.3,25.8,26.7,27.2,27.3,27.1,26.6,25.4,24.9,24.7,24.3,25.1,25.4,25.8,25.6,26.1,26.2,26.6,28.4
"24","16","  From business","W012RC1",0.3,0.3,0.3,0.3,0.3,0.3,0.3,0.3,0.3,0.3,0.3,0.3,0.2,0.2,0.2,0.2,0.2,0.2,0.2,0.2,0.2,0.2,0.2,0.2,0.2,0.2,0.2,0.2,0.2,0.2,0.2,0.3,0.3,0.3,0.3,0.3,0.3,0.3,0.3,0.3,0.3,0.3,0.3,0.3,0.3,0.3,0.3,0.3,0.3,0.3,0.3,0.3,0.3,0.4,0.4,0.4,0.4,0.4,0.4,0.5,0.5,0.5,0.5,0.5,0.5,0.6,0.5,0.5,0.5,0.5,0.8,0.9,1,1,1,1.1,1.1,1.1,1.1,1.1,1,1,1.1,1.1,1.1,1.1,1,1,1.1,1.1,1.1,1.1,1.1,1.1,1,1,1,1,1,1.1,1.1,1.1,1.1,1.2,1.3,1.4,1,1,1.2,1.3,1.4,1.4,1.3,1.3,1.4,1.4,1.4,1.4,1.5,1.5,1.5,1.6,1.9,2,2.1,2.2,2.3,2.4,2.5,2.6,2.7,2.8,2.9,3,2.9,4.3,3.7,3.3,3.5,3.7,4.3,4.5,4.6,4.6,4.6,4.9,5.1,5.6,6,6.2,6.3,6.3,6.8,12.4,6.8,6.7,6.8,7,6,7.7,8.3,9.4,8.4,8.7,7.6,7.6,8.2,8.6,8.8,8.9,9.9,9.6,9.1,9.3,10.2,12,13.4,13.8,14.4,14.6,14.4,14.1,14.5,18.1,16.1,15.8,15.7,16.7,17.9,16.5,17,15.3,14.6,13.5,12.7,11.1,11.4,11.3,11.5,29.7,11.7,11.7,12.3,12.2,12.9,12.9,13.1,12.8,12.6,12.5,12.5,14,14.4,14.6,14.9,15.7,16.2,16.4,16.3,15.8,14.6,14.1,13.8,13.4,14.1,14.4,14.7,14.4,14.7,14.8,15.1,16.8
"25","17","  From persons","B233RC1",0,0,0,0,0,0,0,0,0,0,0,0,0,0,0,0,0,0,0,0,0,0,0.1,0.1,0.1,0.1,0.1,0.1,0.1,0.1,0.1,0.1,0.1,0,0.1,0.1,0.1,0.1,0.1,0,0,0,0,0,0,0,0,0,0,0,0,0,0,0,0,0,0,0,0,0,0.1,0.1,0.1,0.1,0.1,0.1,0.1,0.1,0.1,0.1,0.1,0.1,0.1,0.1,0.1,0.1,0,0,0,0,0.1,0.1,0.1,0.1,0.1,0,0,0,0,0.1,0.1,0.1,0.1,0.1,0.1,0.1,0.1,0.1,0.1,0.1,0.1,0.1,0.2,0.2,0.2,0.1,0.1,0.1,0.1,0.1,0.1,0.1,0.1,0.1,0.1,0.1,0.1,0.1,0.1,0.2,0.2,0.2,0.2,0.2,0.2,0.2,0.2,0.2,0.2,0.2,0.2,0.2,0.2,0.2,0.2,0.2,0.3,0.3,0.3,0.3,0.6,0.6,0.7,0.8,0.9,1,1,1,1,1,1,1,1.1,1.2,1.2,1.3,1.2,1.2,1.2,1.7,1.7,1.8,2.3,2.3,2.5,2.9,2.9,2.9,3,3,3.1,3.2,3.3,3.4,3.5,3.6,3.7,3.8,3.9,4.1,4,4.1,4.1,4.2,4.9,4.9,5,5.2,5.4,5.6,5.7,5.8,5.9,6,6.2,6.5,6.8,7,7.3,7.5,7.7,7.9,8,8.2,8.3,8.5,8.7,9,9.3,9.7,10,10.2,10.5,10.7,10.9,11.1,11,10.9,10.8,10.8,10.8,10.8,10.9,10.9,11,11.1,11.1,11.2,11.3,11.4,11.5,11.6
"26","18","Current surplus of government enterprises \5\","B097RC1",NA,NA,NA,NA,NA,NA,NA,NA,NA,NA,NA,NA,NA,NA,NA,NA,NA,NA,NA,NA,NA,NA,NA,NA,NA,NA,NA,NA,NA,NA,NA,NA,NA,NA,NA,NA,NA,NA,NA,NA,NA,NA,NA,NA,NA,NA,NA,NA,-0.1,-0.1,-0.2,-0.1,-0.2,-0.2,-0.4,-0.4,-0.5,-0.6,-0.5,-0.3,-0.4,-0.5,-0.5,-0.5,-0.3,-0.3,-0.3,-0.2,-0.2,-0.2,-0.6,-0.2,-0.3,-0.2,-0.4,-0.5,-0.5,-0.6,-0.8,-0.7,-0.7,-0.6,-0.5,-0.8,-0.4,-0.3,-0.3,-0.4,-0.5,-0.5,-0.4,-0.3,-1,-1.8,-1.5,-1.7,-2,-1.3,-1.6,-1.5,-1.5,-1.2,-1.1,-0.6,-1.4,-1.8,-1.9,-2.2,-2,-1.2,-1.8,-2.3,-3.1,-3.4,-3.9,-4.1,-2,-2.2,-2.3,-2.3,-2.6,-2.7,-3.2,-3.2,-3.1,-2.5,-1.5,-1.5,-1.8,-2.1,-2.6,-2.9,-3.2,-3.4,-3.8,-3.9,-3.7,-1.7,-3.3,-1.4,-1.5,-2,-3.3,-2.8,-2.8,-2.8,-3.5,-2.6,-3,-3.1,-3.7,-3.8,-3.2,-2,-2.1,-2.2,-2,-1.7,-1.5,-0.8,-1,-1.5,-2.1,-3.2,-4.5,-1.3,-1.7,-1.7,-1.6,-1.4,-1.5,-1.7,-3.8,-5.1,-5.5,-6,-3.5,-1,-0.9,-0.1,0.1,0.2,0.3,-1.1,-2.5,-1.1,-1.9,-1.6,0.1,0.1,-0.5,-1.4,0.8,-0.4,-1.1,-1.6,-1.6,-1.7,-1.1,-0.5,-0.6,0.8,0.5,0.7,1,0.7,0.1,-1.4,0.4,-0.2,-0.4,-1.2,-0.8,-0.9,-3.1,-4.5,-3.8,-5.7,-6.1,-6.2,-3.7,-3.3,2.4,2.3,6.6,6,5.5,5,4.6,4.5,4.3,4.1
"27","19","    Current expenditures","W013RC1",37.5,37.3,39.7,35.8,36.3,37.4,40.2,41.2,43.3,44.4,43.9,42.3,49.8,42.8,38.3,42.3,47.3,51.6,55.5,58.7,57.8,61.4,64.2,64.9,65.8,67.8,66.1,67.5,65,63.6,63.7,64.3,64.7,63.6,67.1,65.9,65.7,68.8,67.6,70.9,74.3,75.5,75.5,78.6,76.8,81.8,83.1,83.9,81.7,83.4,83.9,85.3,83.9,86,87.1,90,89.7,93.4,93.5,94.9,98.6,100.3,101.7,103.7,104.9,105,106.7,108.9,110.7,111.6,110.4,110.3,111.9,114.6,120.2,123.7,127.4,133.8,138.3,143.2,152.9,154.7,156.3,161,166.9,173,175.2,178.9,176.4,182.5,186.2,190.1,189.5,204,204.1,206.9,212,221.5,221,225.7,236.6,245.2,237,258.9,258.2,262.3,260.9,265.3,275.5,288.4,298.9,310.4,325.5,349.3,350.5,359.6,364.5,367.1,378.3,387.3,392.3,400.2,412.6,425,435.1,442.6,454.2,468.1,475.3,486.5,504.2,524,548.1,569,602.4,623.5,645.8,659.5,683,702.6,716.8,728.7,755.7,792.6,795.3,817.2,826.8,822.2,846.3,869.2,883.5,909.4,926.8,940.9,955.5,969.9,979.9,1004.7,1023.9,1015.6,1022.8,1037.8,1040.5,1065.3,1082.4,1080.9,1089.3,1118.2,1139.6,1159.4,1178,1192.9,1226,1247.2,1258.1,1282.6,1245.4,1307.4,1339.8,1367.4,1415.3,1435.4,1453.7,1473.9,1475,1486.1,1500.8,1522.2,1504.6,1517.2,1542.3,1568.6,1589,1602.6,1613.9,1608.5,1652.6,1662.1,1662.6,1685.7,1689.4,1705.4,1707.8,1733.1,1718.4,1729.2,1732,1760.2,1764.2,1764.8,1792.4,1828.9,1823,1863.5,1875.5,1895.5,1932.6,1956.9,1984,2004.3,2053.1,2102.1,2103.1,2148.8,2170.2,2266.9,2249.4,2279.8,2306.3,2329.1,2340.8,2388.7
"28","20","Consumption expenditures","A957RC1",21.7,21.6,20.6,19.6,19.6,21,21.8,22.5,23.8,24.4,23,22.2,22.1,22.1,20.6,23.6,28.8,32.7,37.4,38.7,40.8,43.8,45.3,46.9,47.7,49.2,47.6,48.8,45.9,43.6,43.1,43.2,43.3,42.8,45.2,44.4,43.9,46.1,43.9,46.3,49.1,49,49.1,50.7,49.1,51.8,50.6,52,48.3,50.2,50.7,50.7,48.1,48.6,50.6,51.7,49.8,51.2,52.2,53.3,56,56.9,58.9,59.6,59.5,59.1,61.8,62.7,62.7,62.9,63.4,62.1,62.3,63.1,66.7,70.8,71.3,74.5,78.6,79.1,85.2,86.2,87.3,89.9,93.7,94.5,95.9,97.5,95.4,97.6,100.2,100.3,99.8,98,98.4,98.3,101,101.9,102,103,108.3,109.4,105.9,107,108.5,109.2,107.8,109.9,114,114.6,119,124.3,125.8,128.2,130.2,134,134.2,136.5,136.6,141.4,145.3,149.5,151.6,156.5,158.3,162.1,164,168.9,173.2,178,177.3,187.5,195.8,207.1,208.1,219,228.1,237.1,238.3,249.7,255.2,256.5,265.1,276.6,280.5,287.3,296.3,282,297.2,310.5,313.2,319.1,329.3,334.5,342.1,347.7,347.2,357.1,365.8,362.9,369.6,372.3,372.3,382.8,381.5,379.9,377,391.4,389,400.5,403,404.5,414.9,418.1,416.4,429.7,443.8,442.2,438.1,433.9,439.2,441.1,450.1,450.3,442.7,440,441.2,443.7,437.8,438.4,446.7,440.4,442.9,442.6,443.5,432.8,443.6,447.6,442.2,451.7,453.2,461.7,457.2,458.5,447.7,457.9,451,461.8,467,463.9,477.6,491.8,485.7,505.1,501.5,505,518.4,528,532.7,548.4,570.7,586.3,593.4,620.3,634.3,665.7,663,671.3,691.1,700.3,713,713.6
"29","21","Current transfer payments","W014RC1",10.9,10.9,14.4,11.6,12.1,11.9,13.6,13.4,14.6,15.2,15.9,15.1,22.4,15.3,12.2,12.9,12.6,13.1,13.2,13.4,11.4,12.1,13.3,12.5,12.5,13.2,12.8,13.4,13.9,14.3,15.2,15.9,16.2,15.8,16,15.9,16.1,16.6,17.1,17.3,18,19.3,19.3,20.6,21.4,23.8,24.1,24.3,25.9,26.4,25.8,26.9,26.2,27.6,27.2,28.9,30.4,32.4,31.2,31.2,32.1,32.5,31.8,32.9,34.3,34.6,33.2,34.2,35.4,35.9,34.3,35.2,36.3,38,40,39,41.6,43.9,43.8,47.6,51.2,52.2,52.8,54.3,55.3,59.8,60.2,62.1,61.6,64.9,65.5,68.4,70.2,81.5,82.4,85.8,88.5,97.1,96.5,100,103.9,111,105.2,127.6,122.9,125.1,124.9,126.6,133.3,144.9,148.8,155.7,168.4,189,186.7,190.1,193.1,192.8,202.8,205.4,205.8,208.7,217.7,219.2,226.4,228.7,235.8,239.9,241.5,245.7,262.8,268.3,278.2,282.9,314.6,320.7,320.6,322,338.3,337.4,341.5,348.9,363.3,381.6,378.4,386.6,380.9,386.3,389.1,393.5,394.6,408.7,412.6,415.8,422.4,426.4,432.8,445.4,454.7,447.7,445.6,453.9,452.3,459.7,475,475.3,483.4,493.8,509.7,513,527.7,537.8,555.3,569.2,573.9,581.2,527,587.2,624,652.2,696.4,713.1,722.1,743.2,744,755.3,768.4,791.1,783.4,789.6,800.1,823.6,829.9,836.3,843,846.6,877.8,885.5,888.2,901.5,905.7,912.1,917.4,940.2,935.4,936.2,946.5,968,971.9,973.9,989.5,1008.9,1008.2,1028.8,1047.8,1067.4,1095.4,1121.2,1135.5,1173.4,1216.9,1243.2,1246.9,1264.8,1280.8,1327.5,1331.1,1350.6,1365.9,1367.9,1368.8,1409.4
"30","22","  Government social benefits","W015RC1",7.7,7.3,10.7,7.8,7.5,7.2,7,7,7.7,8.2,8.5,8.5,16.6,9.6,7.2,7.5,7.5,7.9,8.1,8,7.7,7.6,8.5,8.5,8.6,8.4,8.6,9.2,9.9,10.5,10.9,11.4,11.4,11.4,11.6,11.6,11.9,12.1,12.5,12.6,13.4,14.5,14.6,15.7,16.8,18.6,19,18.3,18.4,18.3,18.5,19.1,19.1,19.6,20.3,21.2,22.9,23.7,23.7,23.1,23.6,23.4,23.7,24.3,25.5,24.4,24.6,25,25.8,25.2,25.3,25.4,26.5,26.2,29.5,28.2,29,28.6,30.2,33.1,35.9,36.4,37.5,37.9,39.6,42.2,43.2,43.9,44.9,45.7,46.5,47.4,48.6,57.9,57.4,60.3,61.5,68.4,67.7,68.7,70.7,70.7,70.7,81.2,82.8,84.2,85.7,87.9,94.5,101.3,107.1,112.6,121.2,134.9,137.4,138.6,141.8,140.1,145.8,148.1,150.3,149.3,154.9,157.1,159.1,158.6,166.5,169,173.1,176.4,190.8,194.6,202.5,207.6,235.9,236.9,241.1,242.2,260,262.2,265.5,272.8,288.2,303.3,302.9,308.2,302.1,304.2,307.1,309.2,309.8,315.8,324,324.9,328.3,329.3,339.2,342.9,348.6,350.4,354.5,358.5,358.9,360.7,375.6,376.7,380.1,383.9,404.4,408.8,414.3,421.4,437.6,443.5,448,459.5,480.9,491.2,495,509.5,539.5,551.2,555.5,560.7,574.1,580.4,585.4,589.5,600.4,604.3,610,615.7,631.9,640.3,646,652.6,672,678.5,682.2,687.4,702.8,706,707.7,708.9,716.7,718,720.5,721.4,733.4,736.5,739.3,742.9,756.1,771.8,776.8,785.1,817.3,831.2,849.4,867.6,897.7,924.2,927.6,929.4,941.4,957.2,964.5,972.5,986.2,993,1004.3,1022.3
"31","23","    To persons","B087RC1",7.7,7.3,10.7,7.8,7.5,7.2,7,7,7.7,8.2,8.5,8.5,16.6,9.6,7.2,7.5,7.5,7.9,8.1,8,7.7,7.6,8.5,8.5,8.6,8.4,8.6,9.2,9.9,10.5,10.9,11.4,11.4,11.4,11.6,11.6,11.9,12.1,12.5,12.6,13.4,14.5,14.6,15.7,16.8,18.6,19,18.3,18.4,18.3,18.5,19.1,18.9,19.5,20.1,21,22.7,23.4,23.5,22.9,23.3,23.1,23.5,24.1,25.3,24.2,24.3,24.8,25.5,24.9,25.1,25.1,26.2,25.7,29.2,27.9,28.7,28.3,29.8,32.8,35.6,36.1,36.9,37.6,39.3,41.8,42.8,43.5,44.6,45.3,46.1,47,48.3,57.5,56.9,59.8,61,67.9,67.2,68.2,70.2,70.2,70.3,80.6,82.2,83.6,85.1,87.3,94.1,100.7,106.4,112,120.5,134.2,136.8,137.8,141,139.3,145,147.3,149.4,148.6,154.1,156.2,158.3,157.7,165.6,168,172.2,175.4,189.8,193.6,201.5,206.6,234.8,235.7,239.9,241,258.7,260.9,264.6,271.6,286.9,301.9,301.6,306.9,300.8,302.9,305.9,307.9,308.6,314.6,322.7,323.7,327.1,328,337.7,341.4,347.2,348.3,353,357.1,357.4,359.2,374,375.1,378.5,382.3,402.8,407.2,412.6,419.7,435.9,441.7,446.2,457.8,479.1,489.3,493.1,506.5,538,548.5,553.5,559.1,572.7,578.4,583.4,587.5,599,602.9,606.3,613.9,630.7,638.2,643.9,650.5,669.7,676.4,680.1,685.3,700.7,703.7,705.7,706.7,714.4,715.6,718.3,719.1,731,734.2,736.9,740.6,753.7,769.3,774.2,782.6,814.6,828.5,846.7,865,895.1,921.5,924.8,926.6,938.6,954.4,961.7,969.6,983.3,990.1,1001.3,1019.2
"32","24","    To the rest of the world \6\","W016RC1",NA,NA,NA,NA,NA,NA,NA,NA,NA,NA,NA,NA,NA,NA,NA,NA,NA,NA,NA,NA,NA,NA,NA,NA,NA,NA,NA,NA,NA,NA,NA,NA,NA,NA,NA,NA,NA,NA,NA,NA,NA,NA,NA,NA,NA,NA,NA,NA,NA,NA,NA,NA,0.2,0.2,0.2,0.2,0.2,0.2,0.2,0.2,0.3,0.2,0.2,0.2,0.3,0.2,0.2,0.2,0.2,0.2,0.3,0.3,0.3,0.5,0.3,0.3,0.3,0.3,0.5,0.3,0.3,0.4,0.6,0.3,0.3,0.3,0.5,0.4,0.4,0.4,0.4,0.4,0.4,0.4,0.5,0.4,0.4,0.5,0.5,0.5,0.5,0.5,0.4,0.6,0.6,0.6,0.6,0.6,0.3,0.7,0.7,0.7,0.7,0.7,0.7,0.7,0.8,0.8,0.8,0.8,0.8,0.8,0.9,0.8,0.9,0.9,0.9,1,0.9,0.9,1,1,1,1,1.2,1.2,1.2,1.2,1.4,1.3,0.9,1.2,1.3,1.3,1.3,1.3,1.3,1.3,1.2,1.3,1.2,1.2,1.3,1.2,1.2,1.2,1.5,1.5,1.4,2.1,1.5,1.5,1.5,1.5,1.6,1.6,1.6,1.6,1.7,1.6,1.7,1.6,1.8,1.8,1.8,1.7,1.9,1.9,1.9,3,1.5,2.7,2,1.6,1.4,2,2.1,2,1.4,1.4,3.7,1.8,1.3,2.1,2.1,2.1,2.3,2.1,2.1,2.1,2.1,2.2,2.1,2.2,2.3,2.4,2.2,2.3,2.3,2.4,2.4,2.4,2.5,2.5,2.5,2.5,2.7,2.6,2.7,2.7,2.7,2.7,2.7,2.8,2.8,2.8,2.8,2.9,2.9,2.9,3,3.1
"33","25","  Other current transfer payments","W010RC1",3.2,3.6,3.8,3.8,4.6,4.6,6.6,6.4,6.9,7.1,7.4,6.6,5.8,5.7,5,5.4,5.1,5.2,5.1,5.4,3.8,4.5,4.8,3.9,3.9,4.8,4.2,4.2,4.1,3.7,4.3,4.4,4.8,4.4,4.4,4.3,4.2,4.4,4.5,4.6,4.6,4.8,4.7,4.9,4.6,5.1,5.1,5.9,7.5,8.1,7.2,7.8,7.1,8,6.9,7.7,7.5,8.7,7.5,8.1,8.5,9.1,8.1,8.6,8.8,10.1,8.6,9.2,9.6,10.7,9,9.8,9.8,11.8,10.5,10.8,12.6,15.3,13.6,14.5,15.3,15.8,15.3,16.4,15.6,17.6,17,18.2,16.6,19.2,19,21,21.5,23.6,25,25.5,27,28.8,28.7,31.3,33.2,40.3,34.4,46.4,40.1,40.8,39.2,38.7,38.9,43.5,41.7,43.1,47.1,54.1,49.3,51.5,51.3,52.7,57,57.2,55.6,59.4,62.8,62.2,67.3,70.1,69.3,70.9,68.4,69.3,72,73.7,75.8,75.2,78.7,83.8,79.5,79.8,78.2,75.2,76,76.1,75.2,78.3,75.5,78.4,78.8,82,82,84.3,84.8,92.9,88.6,90.9,94.1,97.1,93.6,102.5,106.1,97.3,91.1,95.4,93.4,99,99.4,98.6,103.3,109.9,105.3,104.2,113.3,116.5,117.7,125.7,125.9,121.7,46.1,96,129,142.7,156.9,161.9,166.6,182.5,169.9,174.8,183,201.6,183,185.3,190.1,207.9,198,196,197.1,194,205.8,207,206,214.2,202.9,206.1,209.7,231.2,218.7,218.2,225.9,246.6,238.5,237.4,250.2,265.9,252.1,257,271.1,282.2,278.1,290.1,286.1,305.8,319.2,319,319.4,335.4,339.4,370.3,366.6,378,379.7,374.9,364.5,387.1
"34","26","    Grants-in-aid to state and local governments","B089RC1",1.4,1.7,1.6,1.6,1.6,1.7,1.8,1.9,1.7,1.7,2.1,1.9,1.9,1.9,1.9,1.9,2,2.1,1.9,2.1,2,2.1,2.3,2.3,1.8,2.7,2.3,2.3,2.3,2.3,2.4,2.3,2.3,2.4,2.5,2.4,2.4,2.5,2.6,2.7,2.9,2.8,2.9,3.1,2.9,3.3,3.2,4,3.5,3.9,3.8,3.8,3.9,4,4,4.2,4.2,4.5,4.6,4.7,4.9,4.9,5.2,5.2,5.3,5.5,5.8,6.1,6.5,6.5,6.2,6.6,6.5,7.1,7.5,7.6,9,10.1,10.5,10.7,11.1,11.6,11.6,12.7,11.8,13.3,12.6,13.2,13.1,14,15.1,16.1,17.5,18.8,20.1,20.8,21.6,23.2,23.5,24.7,25.7,33.9,26.8,40.4,35.6,34.7,33.9,34.9,34.6,35.4,36.8,38.2,40.7,45.8,46.5,47.5,48.7,49.5,50.4,54.4,52.5,55.5,59.1,59.2,63.5,66.1,65.5,67.1,64.4,65,67.6,68.4,69.3,70.8,73.4,75.8,74.4,74.5,71.9,69.2,68.8,70.4,69,69.8,70.6,72.7,71.8,71.2,75.4,77.4,75.1,78.8,79.1,80,81.2,83.1,84.8,89,91.8,84.9,82.1,85.8,83.9,83.8,89.5,90,93.1,93.8,94.9,95.6,101.4,101.4,106.5,110.3,112.6,116.3,122.8,128.1,134.9,140.6,143.2,146.2,152.4,154.6,156.3,159.3,165,174.1,171.2,171.6,174.9,181.2,185,184.9,185.1,181.6,186.1,195,193.2,190.3,192.4,195.5,198.4,208.2,207.9,208.1,213,222,227,223.7,237.6,243.2,239,242.8,255,252.6,266.5,278.3,272.8,286.6,291.9,304.2,305.4,316.3,314.3,345.1,343,357.2,346,351.9,342.1,361.6
"35","27","    To the rest of the world (net) \6\","W017RC1",1.7,1.9,2.1,2.1,3,3,4.9,4.6,5.1,5.4,5.3,4.7,3.9,3.8,3.1,3.5,3,3.1,3.2,3.2,1.8,2.4,2.6,1.7,2.1,2.1,1.9,1.9,1.7,1.5,2,2.1,2.6,2,1.9,1.8,1.8,2,1.9,2,1.7,2.1,1.7,1.8,1.7,1.8,1.9,1.9,4,4.2,3.4,3.9,3.2,4,2.9,3.6,3.3,4.2,2.9,3.5,3.6,4.2,2.9,3.5,3.5,4.7,2.8,3.2,3.1,4.2,2.8,3.2,3.2,4.7,3,3.2,3.6,5.2,3.1,3.8,4.2,4.3,3.8,3.7,3.9,4.3,4.4,5.1,3.5,5.2,3.9,5,4,4.7,4.9,4.8,5.4,5.6,5.3,6.7,7.5,6.3,7.6,5.9,4.6,6.2,5.3,3.8,4.2,8.1,4.9,4.9,6.4,8.3,2.7,4,2.7,3.2,6.6,2.8,3.1,3.9,3.6,3,3.8,4,3.8,3.8,4,4.3,4.4,5.3,6.5,4.4,5.3,8,5.1,5.3,6.4,5.9,7.1,5.7,6.2,8.5,4.8,5.7,7,10.9,6.6,6.8,9.7,14.1,9.5,10.9,12.9,14,8.8,13.5,14.3,12.4,8.9,9.6,9.5,15.1,9.9,8.6,10.3,16.1,10.3,8.6,11.9,15.1,11.2,15.4,13.3,5.3,-76.7,-32.1,-5.9,2.1,13.7,15.7,14.2,27.9,13.7,15.5,18,27.5,11.8,13.7,15.2,26.8,13,11.1,12,12.4,19.7,11.9,12.8,23.8,10.5,10.6,11.3,23,10.8,10.2,12.9,24.6,11.6,13.7,12.7,22.7,13.1,14.2,16.1,29.6,11.6,11.8,13.3,19.2,27.3,14.9,14,19.1,25.1,25.1,23.6,20.8,33.7,23,22.4,25.5
"36","28","Interest payments \3\","A091RC1",4.2,4.1,4.1,4.1,4.1,4.1,4.1,4.2,4.3,4.3,4.3,4.4,4.4,4.4,4.5,4.5,4.6,4.6,4.6,4.7,4.6,4.6,4.6,4.7,4.7,4.7,4.7,4.8,4.8,4.8,4.8,4.8,4.7,4.6,4.8,4.9,4.9,5.1,5.2,5.7,5.4,5.6,5.7,5.9,5.4,5.2,5.3,5.6,6.4,5.9,6.3,6.7,8.6,8.5,8.2,8.1,7.9,7.8,7.9,8,8.2,8.6,8.8,9,9,9.2,9.4,9.6,9.8,9.9,10.1,10.2,10.3,10.5,10.6,10.8,11,11.5,11.8,12.3,12.5,12.4,12.6,13.1,13.8,14.5,14.9,15.1,15.1,15.6,15.9,16.7,17.3,17.5,18.2,18,17.9,17.6,18,18.2,18.3,18.6,18.8,19.4,21,22.4,23.5,24.3,24.8,25.6,26.7,26.9,27.3,28.1,29.3,31,32.4,33.2,34.1,35.4,35.6,36.4,37.2,39.2,41.9,43.8,46.4,49.2,52.3,54.4,56.4,59.7,65.3,69.7,70,73.9,87,90.1,96,102.4,106.5,110.2,114.9,115.5,117,121,127.5,132.8,139.6,145,155.2,161.5,164.3,169,170.1,174.2,177.2,178.5,178.4,178.5,179.7,181.5,185.2,191.8,195.9,196.2,200.1,205,213.5,219.1,220.9,223.9,229.2,233.6,241.5,245.5,248.2,251,250.7,253.9,251.7,252.6,251.8,248.9,253.4,253.9,254.2,252,250.4,257.5,264.3,273.2,283.1,290.2,293.4,294.9,296.9,294.8,298.3,298.9,297.5,299.3,301.1,302,302.3,301.2,299.3,292.6,284.4,283.3,280.1,282.8,285.1,285.7,282.5,279.6,274.5,263.7,253.3,242.8,228.5,236.5,226.2,224.7,213.9,217.7,210.1,214.7,211.1,220.7,220,224.2
"37","29","  To persons and business \3\","B092RC1",NA,NA,NA,NA,NA,NA,NA,NA,NA,NA,NA,NA,NA,NA,NA,NA,NA,NA,NA,NA,NA,NA,NA,NA,NA,NA,NA,NA,NA,NA,NA,NA,NA,NA,NA,NA,NA,NA,NA,NA,NA,NA,NA,NA,NA,NA,NA,NA,NA,NA,NA,NA,8.2,8.2,7.9,7.8,7.6,7.6,7.6,7.7,7.9,8.2,8.5,8.6,8.7,8.8,9,9.2,9.4,9.5,9.7,9.7,9.9,10.1,10.1,10.3,10.5,10.9,11.2,11.7,12,11.8,12,12.5,13.1,13.8,14.3,14.4,14.3,14.8,15.1,15.9,16.4,16.6,17,16.9,16.5,16,15.9,15.9,15.8,16,16.1,16.5,17.6,18.5,19.5,20.3,20.8,21.4,22.4,22.4,22.4,23.7,24.8,26.6,28,28.8,29.5,30.7,30.8,31.3,31.6,32.6,34.1,35.4,37.8,39.3,41.2,43.4,45.3,48.4,52.9,57.8,57.8,59.5,70.8,72.7,78.3,84.6,87.7,91.9,94.9,95.4,98.2,102.3,108.5,113.4,119.8,124.7,133.5,138.6,141.3,146.1,146.8,150.9,152.7,154.2,153.7,153.5,153.9,155.5,159.1,164.9,167,165.3,167.2,170.9,176.6,181,181.8,184.6,189.2,193.1,200.6,203.9,206.4,210.1,209.7,214.1,212.6,213.3,212.6,210.2,214.6,215.2,214.3,211.9,209.7,215.1,219.8,224,234.8,237.5,237.4,236.6,237.2,232,231.2,227.6,223.1,221.6,220.4,220.3,220.9,220.1,220.1,217.1,210.6,210.4,205.2,206.2,205.6,203.5,198.6,193.5,188.6,178.7,173.4,164,150,159.4,150.7,151.3,141.9,146.7,138.2,141.4,134.5,138.3,133.5,132.3
"38","30","  To the rest of the world","B093RC1",0,0,0,0,0,0,0,0,0,0,0,0,0,0,0,0,0,0,0,0,0,0,0.1,0.1,0.1,0.1,0.1,0.1,0.1,0.1,0.1,0.1,0.1,0.1,0.1,0.1,0.1,0.1,0.2,0.2,0.2,0.2,0.2,0.2,0.2,0.1,0.1,0.2,0.2,0.2,0.3,0.4,0.4,0.3,0.3,0.3,0.3,0.3,0.3,0.3,0.3,0.3,0.3,0.4,0.4,0.4,0.4,0.4,0.4,0.4,0.4,0.5,0.5,0.5,0.5,0.5,0.5,0.5,0.6,0.6,0.5,0.6,0.6,0.7,0.7,0.7,0.7,0.7,0.8,0.8,0.8,0.8,0.8,1,1.1,1.2,1.3,1.6,2.1,2.4,2.5,2.6,2.7,2.9,3.5,3.9,4,4,4,4.2,4.3,4.5,4.9,4.4,4.5,4.4,4.4,4.4,4.6,4.7,4.8,5.1,5.6,6.6,7.8,8.4,8.6,9.8,11.1,11,11.1,11.3,12.3,11.9,12.1,14.4,16.2,17.4,17.7,17.9,18.8,18.3,19.9,20.1,18.9,18.7,19,19.4,19.8,20.3,21.6,22.9,23,22.9,23.3,23.3,24.5,24.2,24.8,25,25.8,26,26.1,26.9,28.9,30.9,32.9,34.1,36.9,38.1,39.1,39.3,40.1,40.5,40.9,41.6,41.8,40.9,41.1,39.7,39.2,39.3,39.1,38.8,38.8,38.7,39.8,40.1,40.7,42.3,44.6,49.1,48.3,52.7,56,58.3,59.7,62.8,67.2,71.4,74.4,77.7,80.7,81.7,81.3,81.2,79.2,75.5,73.8,72.9,75,76.5,79.6,82.2,83.9,86.2,85.9,85,80,78.8,78.4,77.1,75.5,73.4,72,71,71.9,73.3,76.6,82.4,86.5,91.9
"39","31","Subsidies \5\","B096RC1",0.7,0.6,0.5,0.5,0.5,0.4,0.7,1,0.7,0.5,0.7,0.7,0.9,1,0.9,1.3,1.3,1.3,1.1,1.2,1,0.9,0.9,0.8,0.9,0.6,0.8,0.4,0.3,0.9,0.6,0.4,0.6,0.8,0.5,0.7,0.8,1,1.4,1.7,1.7,1.6,1.5,1.4,1.5,1.7,1.9,2,1.1,0.9,1.1,1.1,1,1.3,1,1.2,1.6,2,2.2,2.3,2.3,2.4,2.2,2.2,2,2.2,2.3,2.4,2.7,2.9,2.6,2.7,2.9,3,3,3.1,3.5,3.9,4,4.2,4,3.8,3.7,3.7,4,4.2,4.2,4.2,4.3,4.4,4.6,4.6,4.7,4.8,4.7,4.8,4.7,4.8,4.5,4.6,6.1,6.2,7.1,7,5.9,5.6,4.6,4.5,3.5,2.8,3.1,3.5,4.1,4.1,4.4,4.8,5,4.7,4.9,5.3,5.6,5.7,6.2,10.1,8.5,8.1,8,10.1,8.1,8.5,7.8,8.5,8.9,9.3,9.7,9.9,10.2,10.3,10.7,13.1,13.5,13.1,12.5,18.9,19.4,21,21.7,21,20.7,20.5,20.4,20.7,20.7,20.6,20.9,21.6,22.7,23.8,25.1,26.5,27.9,30.1,30.9,30.7,29.9,29.4,28.7,28,27.4,26.8,26.5,26.7,26.5,26.4,26.4,26.4,26.5,26.6,26.9,27.5,28,28.6,29.8,31.6,34.8,36.9,37,35.4,32.9,31.7,31.2,31.4,33,33.5,34,34.3,34.3,34.2,33.9,33.5,33,32.3,32.1,32.4,33.1,33.7,35.3,37.7,40.9,43.6,45.2,45.4,43.9,43.8,43.7,43.5,44.3,44,62.5,39.7,37,36.1,36.6,39,42.5,54.6,45.3,43.2,39.7,38.7,39,41.6
"40","32","Less: Wage accruals less disbursements","B098RC1",0,0,0,0,0,0,0,0,0,0,0,0,0,0,0,0,0,0,0.7,-0.6,0,0,0,0,0,-0.1,-0.1,-0.1,0,0,0,0,0.1,0.5,-0.6,0,0,0,0,0,0,0,0,0,0.6,0.6,-1.3,0,0,0,0,0,0,0,0,0,0,0,0,0,0,0,0,0,0,0,0,0,0,0,0.1,-0.1,0,0,0,0,0,0,0,0,0,0,0,0,0,0,0,0,0,0,0,0,2.5,-2.1,-0.4,0,0,0,0,0.1,0,-0.1,0,2.1,0.1,-0.1,0,0,0,-0.6,-1.4,0.1,0.1,0.1,0.1,0.1,0.1,0.1,0.1,0.1,0.1,0.1,0.1,0.1,0.1,0.1,0.2,0,-0.2,0,0,0,0,0,0,0,0,0,0.3,0,-0.1,0,0,0,0,-1.3,-0.4,0,0.2,0.2,0,0.6,0.1,-1,0,0,0,0,0,0,0,0,0.2,-0.2,0,0,0,0,0,0,0,0,0,0,0,0.2,0.2,-0.4,0,0,0,0,0,0,0,0,0,0,0,0,0,0,0,0,0,0,0,0,0,0,0,0,0,0,0,0,0,0,0,0,0,0,0,0,0,0,0,0,0,0,0,0,0,0,1.4,-1.4,0,0,1.5,-1.5,0,0
"41","33","    Net Federal Government saving","A923RC1",5.9,5.2,2,7.9,7.7,5.1,1.4,0.2,-3.4,-6.5,-6.5,-6.2,-8.4,2.8,13.5,14.2,17.2,10,5.3,6,6.9,3.4,1.1,3.5,4.3,2.6,3.5,-3.2,-3.3,-1.9,-1.3,0,3.6,6.7,4.9,7.8,8.5,6.7,7.8,7.3,6.1,4.3,4.4,-1.5,-3.2,-8.3,-6.4,-3.5,3.2,5.2,2.9,2.1,11.7,8.2,6.6,2.2,2.5,0.8,2.5,4.7,2.4,2.2,3.1,2.4,4.2,6.3,5.9,5.2,2,-2.6,1.3,3.3,7.6,6.8,-0.4,-0.6,5,3.5,1.4,-0.9,-9.7,-10.4,-8.5,-8.8,-6,-7.4,1.5,2.7,14.6,11.5,5.6,3.2,-2.3,-15.8,-19.4,-23.1,-23.6,-30.1,-29.1,-30.6,-22.6,-27.7,-16.6,-30.7,-14.7,-14.7,-10.1,-5.7,-8.3,-10.8,-10.5,-25.4,-47.2,-104.2,-62,-62.8,-52.4,-48.1,-51.7,-54.8,-45.3,-39.4,-45.2,-46.5,-46.3,-25.5,-19.4,-14.7,-6.1,-6.2,-11.9,-20.8,-30.9,-54.7,-68.7,-60.2,-39.3,-43.4,-51.1,-79.4,-100.4,-105.9,-143.8,-177.3,-173.2,-169.4,-185.7,-163.8,-153.9,-164,-171.7,-182.8,-147,-197.3,-174.3,-181.3,-180.7,-202.1,-207.1,-173.3,-180.5,-126,-134.4,-139.1,-142.4,-131,-128,-136.4,-111.4,-128.6,-139.5,-140.9,-168.6,-171.4,-164.9,-183.1,-158.4,-211.7,-232.7,-252.1,-288.5,-291.7,-316.1,-293.4,-300.6,-268,-274,-251.3,-232.2,-190.3,-211.3,-215.5,-215.2,-195.3,-198.7,-178.7,-182.1,-143.1,-133.1,-108.7,-89.2,-69.1,-35,-30,13,28.9,60.4,53,79.4,104.6,107.8,122.7,212.7,181.4,191.2,172.5,156.6,123.6,-88.6,-4.7,-208.5,-251.6,-255.1,-302.7,-281.6,-364.4,-433,-379.2,-391,-380,-375,-356.2
"42","34","Social insurance funds","B243RC1",NA,NA,NA,NA,NA,NA,NA,NA,NA,NA,NA,NA,NA,NA,NA,NA,NA,NA,NA,NA,NA,NA,NA,NA,NA,NA,NA,NA,NA,NA,NA,NA,NA,NA,NA,NA,NA,NA,NA,NA,NA,NA,NA,NA,-1.3,-3.6,-3.5,-2.4,-0.6,-0.3,-0.7,-1.2,1.3,0.8,0.2,-0.8,-2.1,-2.7,-2.7,-1.8,-0.6,-0.3,-0.5,-0.8,-0.2,1.1,1.2,1.2,0.5,1.3,1.5,1.7,0.9,1.6,-1.2,0.5,6.4,6.7,6.2,4.7,3.7,4.3,4,4.6,4.6,2.9,2.6,2.7,5.1,5.5,6,6.2,6.6,-1.3,0.5,-1.7,1.3,-5.1,-4.1,-4.2,0.1,0.8,2,-5.4,6.1,5.7,5.7,5.6,9.1,4.1,1.8,-2.2,-9.1,-14.9,-21.1,-19.6,-14.9,-12.5,-17.3,-17.9,-14.4,-12,-14.7,-14.2,-5.6,-1.4,-6.3,-5,4.9,4.5,-4.2,-4.5,-2.3,-7.6,-27.7,-24.3,-7.3,-6.2,-19.9,-22,-18.8,-25.5,-38.9,-52,-41.7,-44.2,-33.5,-29.8,-13,-9.5,-5.2,-7.2,-1.9,1.1,1.7,6.1,6.8,6.1,4.8,8,11.2,11.5,15.7,22.2,31.4,38.5,42.1,46.7,41.8,42.6,42.9,45.2,43.8,43.5,45.8,39,29.7,25,27.1,20.9,8.8,4.5,6.5,6.2,3.6,5.8,4.9,8.3,13.4,18.1,18,22.4,20.7,17.9,18.6,18.8,8.6,11.7,16.3,19.2,20.9,25.6,33,42.8,46.2,54.8,62.1,72.9,85.5,89.5,95.3,105.9,117.7,105.3,114.1,112.2,102.6,95.2,80.9,69.3,63.9,43.6,42.2,40.9,48.4,41.8,44.4,47.2,59.2,65.9,72,67
"43","35","Other","B244RC1",NA,NA,NA,NA,NA,NA,NA,NA,NA,NA,NA,NA,NA,NA,NA,NA,NA,NA,NA,NA,NA,NA,NA,NA,NA,NA,NA,NA,NA,NA,NA,NA,NA,NA,NA,NA,NA,NA,NA,NA,NA,NA,NA,NA,-1.9,-4.7,-3,-1.1,3.8,5.5,3.6,3.3,10.3,7.4,6.4,3,4.6,3.5,5.2,6.5,3.1,2.5,3.6,3.2,4.3,5.2,4.7,4,1.5,-3.9,-0.2,1.6,6.7,5.1,0.8,-1.1,-1.4,-3.2,-4.8,-5.6,-13.4,-14.7,-12.5,-13.4,-10.5,-10.3,-1.1,0,9.4,6.1,-0.3,-3,-8.8,-14.5,-19.9,-21.4,-24.9,-25,-25.1,-26.4,-22.7,-28.5,-18.5,-25.3,-20.8,-20.4,-15.8,-11.3,-17.4,-14.8,-12.3,-23.3,-38.1,-89.3,-40.8,-43.2,-37.5,-35.6,-34.3,-37,-30.9,-27.3,-30.5,-32.3,-40.7,-24.1,-13.2,-9.7,-11,-10.7,-7.6,-16.3,-28.6,-47,-41,-35.9,-32,-37.2,-31.2,-57.4,-81.6,-80.4,-104.9,-125.3,-131.5,-125.3,-152.2,-134,-140.8,-154.5,-166.5,-175.6,-145.1,-198.4,-176,-187.4,-187.5,-208.2,-211.9,-181.4,-191.7,-137.5,-150.1,-161.3,-173.8,-169.5,-170.1,-183.2,-153.2,-171.3,-182.4,-186.1,-212.4,-214.9,-210.7,-222.2,-188.1,-236.6,-259.7,-273.1,-297.3,-296.3,-322.6,-299.6,-304.3,-273.8,-278.9,-259.5,-245.5,-208.4,-229.3,-237.9,-235.9,-213.2,-217.3,-197.5,-190.6,-154.9,-149.4,-127.8,-110.1,-94.7,-68,-72.8,-33.2,-25.8,-1.7,-19.9,-6.1,15.1,12.5,16.9,95,76.1,77.1,60.2,54,28.4,-169.5,-74.1,-272.4,-295.2,-297.3,-343.6,-330.1,-406.2,-477.4,-426.4,-450.2,-445.9,-446.9,-423.2
"44",NA,"Addenda:"," ",NA,NA,NA,NA,NA,NA,NA,NA,NA,NA,NA,NA,NA,NA,NA,NA,NA,NA,NA,NA,NA,NA,NA,NA,NA,NA,NA,NA,NA,NA,NA,NA,NA,NA,NA,NA,NA,NA,NA,NA,NA,NA,NA,NA,NA,NA,NA,NA,NA,NA,NA,NA,NA,NA,NA,NA,NA,NA,NA,NA,NA,NA,NA,NA,NA,NA,NA,NA,NA,NA,NA,NA,NA,NA,NA,NA,NA,NA,NA,NA,NA,NA,NA,NA,NA,NA,NA,NA,NA,NA,NA,NA,NA,NA,NA,NA,NA,NA,NA,NA,NA,NA,NA,NA,NA,NA,NA,NA,NA,NA,NA,NA,NA,NA,NA,NA,NA,NA,NA,NA,NA,NA,NA,NA,NA,NA,NA,NA,NA,NA,NA,NA,NA,NA,NA,NA,NA,NA,NA,NA,NA,NA,NA,NA,NA,NA,NA,NA,NA,NA,NA,NA,NA,NA,NA,NA,NA,NA,NA,NA,NA,NA,NA,NA,NA,NA,NA,NA,NA,NA,NA,NA,NA,NA,NA,NA,NA,NA,NA,NA,NA,NA,NA,NA,NA,NA,NA,NA,NA,NA,NA,NA,NA,NA,NA,NA,NA,NA,NA,NA,NA,NA,NA,NA,NA,NA,NA,NA,NA,NA,NA,NA,NA,NA,NA,NA,NA,NA,NA,NA,NA,NA,NA,NA,NA,NA,NA,NA,NA,NA,NA,NA
"45","36","  Total receipts","W018RC1",44.3,43.2,42.5,44.6,44.9,43.5,42.5,42.1,40.7,38.6,38.2,36.9,42,46.2,52.5,57.1,65.2,62.3,61.6,65.5,65.6,65.7,66.2,69.2,71.1,71.3,70.4,65.3,62.6,62.6,63.2,65.3,69.3,71.1,72.9,74.8,75.3,77,76.7,79.5,81.7,81.4,81.4,78.4,75,74.8,78,81.7,86.2,90,88.3,88.9,97.2,96,95.4,94.2,94.2,96,98,101.5,102.8,104.7,106.9,108.2,111.3,113.6,114.9,116.3,115,111.7,114.4,116.3,122.3,124,122.6,126.1,135.6,140.4,142.6,145.2,146.3,147.2,151.1,155.1,163.7,168.7,180,184.9,194.4,197.8,195.4,196.8,191,191.8,188.2,187.5,192.2,195.2,196,201.7,220.5,222.1,225.4,233.6,249.2,252.2,255.6,264.8,272.4,282.5,293,289.3,282.8,250.1,293.7,301.8,317.3,324.5,332.1,338.6,359,366.3,373.1,383.9,394,422.3,439.9,458.7,474.6,485.6,497.8,509,523.3,520.8,540.6,569.9,612.9,622.8,639.1,630.6,625.5,630.5,619.3,621.2,627.7,653.5,647.6,663.7,698.8,711.1,717.7,732.4,786.3,749.7,787.9,794.8,805.9,809.6,824.2,849.2,849.8,919.1,913.7,932.8,947.2,956.8,969.5,990.1,1036.3,1039.9,1047.3,1061.6,1067.2,1090.5,1104.6,1110.2,1098,1106.1,1119,1126.1,1138.1,1154.2,1149.2,1192.5,1186.3,1230.7,1239.6,1285.2,1287.7,1343,1345.5,1367.5,1388,1421.3,1430.7,1445.8,1486.7,1536.4,1547.9,1594.9,1619.8,1656.3,1693.8,1724.8,1755.2,1783.2,1817.5,1839.8,1871,1898,1928,1982.9,2064.1,2072.7,2094.7,2096.3,2117.7,2111.1,1921.8,2025.9,1871.6,1875.3,1875.1,1868.3,1911.6,1922.5,1838.4,1923.5,1939.5,1972,1991.9,2054.5
"46","37","    Current receipts","W005RC1",43.4,42.5,41.6,43.8,44,42.5,41.6,41.4,39.9,37.9,37.4,36.2,41.4,45.5,51.8,56.5,64.5,61.6,60.9,64.6,64.7,64.8,65.3,68.4,70.1,70.5,69.5,64.3,61.6,61.7,62.3,64.4,68.3,70.3,72,73.7,74.2,75.6,75.4,78.2,80.4,79.9,79.9,77.1,73.6,73.5,76.7,80.4,84.9,88.6,86.8,87.4,95.6,94.3,93.7,92.2,92.2,94.1,96,99.5,101,102.5,104.9,106.1,109.1,111.4,112.5,114.1,112.7,109,111.7,113.6,119.5,121.4,119.8,123.1,132.5,137.3,139.7,142.3,143.2,144.3,147.8,152.2,160.9,165.6,176.8,181.5,191,194.1,191.9,193.3,187.2,188.1,184.7,183.8,188.5,191.4,191.8,195.1,214.1,217.5,220.4,228.2,243.5,247.6,250.8,259.6,267.2,277.6,288.4,284.9,278.3,245.1,288.5,296.8,312.1,319,326.6,332.5,347,360.8,367.4,378.5,388.7,417.1,434.7,453.5,469.1,480.3,492.4,503.1,517.2,514.3,533.6,563.3,606.6,616.1,631.9,623.2,616.5,622.7,611.9,615.2,622.1,647.7,641.1,658.4,692.5,705.2,711.8,726.6,779.8,743.6,781.1,788.6,799.2,802.6,816.8,842.2,842.3,911.8,906.2,926.2,940,949.9,961.3,981.8,1028.2,1030.8,1038.5,1052,1057.5,1075.8,1093.2,1099.5,1087,1095.7,1107.1,1115.3,1126.8,1143.7,1137.6,1180.6,1174.4,1218.1,1226.8,1270.9,1272.4,1326.8,1331,1353,1373.8,1407.3,1415.2,1429.8,1470.5,1519,1529.5,1577,1600.2,1636.3,1672.8,1703.1,1731.4,1758.1,1792.4,1813.2,1843.6,1869.5,1900.2,1951.6,2035.7,2044.9,2066.8,2068,2089.2,2080.5,1895.4,1999.6,1844.6,1850.5,1847.9,1846.2,1888.6,1902.5,1816.4,1900.6,1915.3,1949.1,1965.8,2032.5
"47","38","    Capital transfer receipts","B232RC1",0.9,0.7,0.9,0.8,0.9,1,0.9,0.8,0.7,0.7,0.8,0.7,0.6,0.7,0.7,0.6,0.7,0.7,0.7,0.8,0.8,0.9,0.9,0.8,1,0.8,0.9,1,0.9,0.9,0.9,0.9,1,0.8,0.9,1.1,1.1,1.4,1.3,1.3,1.3,1.6,1.5,1.3,1.4,1.3,1.3,1.3,1.3,1.3,1.5,1.5,1.6,1.8,1.6,2,2,1.8,2,2,1.9,2.2,2.1,2.1,2.2,2.3,2.4,2.1,2.3,2.6,2.7,2.7,2.8,2.6,2.8,3,3.1,3.1,3,2.9,3.1,3,3.2,3,2.8,3.1,3.2,3.4,3.5,3.7,3.5,3.6,3.8,3.7,3.6,3.7,3.8,3.8,4.1,6.6,6.4,4.6,5,5.4,5.7,4.7,4.8,5.2,5.2,4.9,4.6,4.4,4.5,4.9,5.1,5,5.2,5.5,5.5,6.1,12,5.5,5.7,5.4,5.3,5.1,5.1,5.3,5.4,5.3,5.4,5.8,6,6.5,7,6.6,6.3,6.7,7.1,7.4,9,7.8,7.3,5.9,5.6,5.8,6.5,5.3,6.3,5.9,5.9,5.7,6.5,6.1,6.7,6.2,6.6,7,7.4,6.9,7.5,7.2,7.5,6.6,7.2,6.9,8.2,8.3,8.1,9.1,8.8,9.6,9.7,14.6,11.3,10.7,11,10.4,11.8,10.8,11.2,10.5,11.5,11.9,11.9,12.6,12.8,14.3,15.3,16.2,14.5,14.4,14.3,14,15.5,16,16.2,17.4,18.4,17.9,19.6,20,21,21.7,23.8,25.1,25.1,26.6,27.4,28.5,27.8,31.3,28.4,27.8,27.9,28.3,28.5,30.6,26.5,26.3,27,24.8,27.2,22.2,23,20,22,22.9,24.2,23,26.1,22
"48","39","  Total expenditures","W019RC1",NA,NA,NA,NA,NA,NA,NA,NA,NA,NA,NA,NA,NA,NA,NA,NA,NA,NA,NA,NA,NA,NA,NA,NA,NA,NA,NA,NA,NA,NA,NA,NA,NA,NA,NA,NA,NA,NA,NA,NA,NA,NA,NA,NA,NA,NA,NA,NA,NA,NA,93.5,93.2,90.5,92.5,94.5,96.8,98.6,101.5,102.3,104,108.3,109.9,111.3,113.1,112.7,112.9,115.9,116.6,118.7,119.7,119,117.6,118.9,120.6,126.8,130.4,136.3,141.1,147.3,151.9,161.5,160.4,166,167.6,172.6,179.1,181.7,185.5,183.9,187.6,191.7,193.9,194.4,207.7,207.1,210.2,210.7,223.1,223.2,225.9,237.6,247.6,237.9,257.3,256.9,264.6,257,265.5,276.9,281.9,304.4,312.4,332.6,353.9,362.5,371.9,375.3,374.2,386.5,398.7,405.2,412.5,423,434.8,446.6,453.5,470.4,484.9,489.7,502.9,523.2,539.1,569.4,592.7,621.8,634.4,668.4,678.3,693.8,723.3,734.7,753.9,779.1,809.3,824.3,831.5,854.1,856.4,879,899.6,914.4,949.5,966,985.9,1001.1,1018.3,1024,1044.4,1079.3,1059.5,1069.8,1089.4,1091.8,1112.2,1123.3,1124.2,1127.5,1156.2,1179,1196.7,1219,1230.8,1268.1,1287.6,1298.3,1351.9,1287.1,1348.6,1393.3,1401.5,1450.9,1473.2,1490.8,1510.4,1509.2,1515.6,1528.4,1551.4,1525.1,1541.3,1571.6,1591.4,1616.4,1626.9,1609.8,1629.6,1683.6,1693.7,1689,1690.8,1705.4,1699.1,1728.9,1750.8,1732.6,1739.2,1753.1,1779.7,1779.7,1793.4,1823.8,1878,1851.1,1892.6,1904.3,1922.3,1957.4,1991.5,2020.7,2039.8,2094.6,2147.3,2149.5,2206.1,2221.7,2336.4,2322.3,2346,2376.9,2397.2,2420.4,2465.3
"49","40","    Current expenditures","W013RC1",37.5,37.3,39.7,35.8,36.3,37.4,40.2,41.2,43.3,44.4,43.9,42.3,49.8,42.8,38.3,42.3,47.3,51.6,55.5,58.7,57.8,61.4,64.2,64.9,65.8,67.8,66.1,67.5,65,63.6,63.7,64.3,64.7,63.6,67.1,65.9,65.7,68.8,67.6,70.9,74.3,75.5,75.5,78.6,76.8,81.8,83.1,83.9,81.7,83.4,83.9,85.3,83.9,86,87.1,90,89.7,93.4,93.5,94.9,98.6,100.3,101.7,103.7,104.9,105,106.7,108.9,110.7,111.6,110.4,110.3,111.9,114.6,120.2,123.7,127.4,133.8,138.3,143.2,152.9,154.7,156.3,161,166.9,173,175.2,178.9,176.4,182.5,186.2,190.1,189.5,204,204.1,206.9,212,221.5,221,225.7,236.6,245.2,237,258.9,258.2,262.3,260.9,265.3,275.5,288.4,298.9,310.4,325.5,349.3,350.5,359.6,364.5,367.1,378.3,387.3,392.3,400.2,412.6,425,435.1,442.6,454.2,468.1,475.3,486.5,504.2,524,548.1,569,602.4,623.5,645.8,659.5,683,702.6,716.8,728.7,755.7,792.6,795.3,817.2,826.8,822.2,846.3,869.2,883.5,909.4,926.8,940.9,955.5,969.9,979.9,1004.7,1023.9,1015.6,1022.8,1037.8,1040.5,1065.3,1082.4,1080.9,1089.3,1118.2,1139.6,1159.4,1178,1192.9,1226,1247.2,1258.1,1282.6,1245.4,1307.4,1339.8,1367.4,1415.3,1435.4,1453.7,1473.9,1475,1486.1,1500.8,1522.2,1504.6,1517.2,1542.3,1568.6,1589,1602.6,1613.9,1608.5,1652.6,1662.1,1662.6,1685.7,1689.4,1705.4,1707.8,1733.1,1718.4,1729.2,1732,1760.2,1764.2,1764.8,1792.4,1828.9,1823,1863.5,1875.5,1895.5,1932.6,1956.9,1984,2004.3,2053.1,2102.1,2103.1,2148.8,2170.2,2266.9,2249.4,2279.8,2306.3,2329.1,2340.8,2388.7
"50","41","    Gross government investment","A787RC1",1.6,1.6,1.8,2,2.8,2.8,2.9,3.5,3.8,4.2,4.7,4.7,3.5,3.7,4.3,4.3,6.5,9.2,11.8,15.2,14.6,14.7,15.2,15.5,16.2,17,16.4,14.7,14.9,14.1,12.3,12,11.3,11.9,10.6,10,10.8,11,12.5,12.2,11.9,11.4,12.1,12,12.1,12.1,13.6,14,16,15.3,15.5,14.7,14.3,13.8,14.7,14.6,16.2,15.7,16.4,16.9,17.4,17,17.7,17.5,16,15.8,17,15.7,15.9,15.5,15.5,15.7,14.8,14.4,14.9,14.7,16.3,15.5,17.3,17.7,18,16.8,18.3,17.6,16.6,16.2,15.9,15.2,16.8,14.4,15.3,13.4,15.2,14.7,14.4,15.1,11.9,11.6,12.7,10.6,11.5,13.2,10.9,12.4,14.8,14.1,12.5,13,14.6,16.5,17.1,18.2,18.2,16.7,21.1,22,22.2,21.3,23.3,23.5,24.5,25.3,25,24,24.6,27.1,28.4,30.2,29.1,30,34.5,33,35.9,35.9,35.5,37.8,38.5,41.6,43.1,44.5,43.5,48.7,47.3,50.5,52.4,54.8,57.9,60.5,62.2,63.5,62.1,69.7,68.8,73.2,78.6,77,74.3,77.8,86.3,83.3,82.4,86.8,88.7,85.4,79.4,79.8,79.8,80.4,81.1,81.7,86.7,82.4,86.5,88.7,89.4,89.5,86.6,90.7,89.2,86.6,87.6,88.9,89.5,89,86.2,84.7,80.5,82,75.5,77.8,81.9,78.1,80.5,80.7,76.8,76.9,84.2,86,80.6,73.6,70.3,73.9,75.5,73.1,72.6,76.4,79.5,74.8,73.6,82,82.5,84.9,79.6,81.5,79.8,77.1,77.8,83,81.6,81.6,83.5,90.2,91,87.9,89.1,95.4,93.7,96.2,102.2,104.1,104.4,111
"51","42","    Capital transfer payments","W020RC1",0.1,0.2,0.1,0.1,0.2,0.3,0.3,0.3,0.4,0.3,0.4,0.4,0.4,0.5,0.4,0.4,0.4,0.4,0.4,0.5,0.5,0.5,0.5,0.5,0.4,0.7,0.6,0.6,0.6,0.6,0.6,0.6,0.7,0.7,0.8,0.7,0.8,0.8,0.8,0.8,1.3,1.2,1.3,1.4,2,2.3,2.2,2.8,3.2,2.5,3.7,3,2.4,2.7,2.8,2.5,3.1,2.7,2.8,2.9,3,3.2,2.9,3.2,3.3,3.4,3.7,3.9,3.7,4,4.4,4.2,4.1,4,3.9,4.1,4.3,4.4,4.4,4.4,4.3,3.4,4.5,4.8,5.9,5.5,6.3,6.3,5.9,5.8,5.7,6,5.7,5.4,4.9,5.1,5.6,6.4,5.9,5.8,5.8,5.4,7,5.8,5.9,6.4,5.5,6.1,8,8.8,6.7,8.1,8.9,8,11,10.7,10.2,10,10.8,11.3,10.8,10.9,12,10.8,11.1,11.7,12.1,12.7,13.8,13.3,14.6,16,16.6,16.8,16.1,17,16.3,15.9,15,15.3,14.1,14.8,14.7,14.6,16,14.2,15.9,15.8,16.6,17.2,18.1,18.8,17,19.4,20,21.2,19.7,20.6,21.3,18.3,18.8,19.6,18.8,18.7,19,19.8,20.4,19.3,20.2,19.9,18.8,21.3,22.1,20.2,20.5,49.4,25.8,22,36.9,20.6,21.4,23,22.3,23.1,24.8,22.2,25.3,25.8,24.2,27.1,26.2,26.1,28.3,27.7,28.5,26.4,29.6,27.6,27.3,28.4,28.7,29.2,29.6,28.7,27.4,27.4,29.4,30.9,27.9,32.2,34.1,50.3,35.1,35.8,36,37.9,38.8,41.2,41.2,42,46.4,43.8,43.9,59,54.8,65.1,66.3,61.5,60,57.5,66.9,61.2
"52","43","    Net purchases of nonproduced assets","AD08RC1",NA,NA,NA,NA,NA,NA,NA,NA,NA,NA,NA,NA,NA,NA,NA,NA,NA,NA,NA,NA,NA,NA,NA,NA,NA,NA,NA,NA,NA,NA,NA,NA,NA,NA,NA,NA,NA,NA,NA,NA,NA,NA,NA,NA,NA,NA,NA,NA,NA,NA,0.6,0.6,0.3,0.5,0.5,0.5,0.4,0.6,0.6,0.4,0.6,0.7,0.6,0.5,0.4,0.7,0.7,0.3,0.7,0.9,1,-0.1,0.6,0.2,0.5,0.6,1,0.6,0.7,0.3,0.1,-0.5,1,-1.4,-2.1,-0.9,-0.9,0.3,0,0.2,0.1,0.1,-0.1,-0.3,-0.1,-0.5,-2.3,0.2,0.2,0.2,0.3,0.3,-0.4,-3,-5.2,-1.1,-4.8,-1.6,-3.7,-13.9,0.2,-5.2,-0.8,-0.6,-0.2,-0.1,-0.8,-3,-4.3,-1.4,0.2,-0.9,-3.4,-1.4,0.1,-3.2,1.1,-0.5,-2.5,-0.2,-2.7,-5.8,-2.6,0.8,-1.9,-12.5,0.2,-5.3,-13,-3.9,-3.5,-1,-0.4,-9.7,0.1,-14.6,-5.1,0,-2.8,-6.2,-4.3,-2.4,0.2,-0.1,-4.5,-0.2,0,-7.4,0,-4.6,0,-0.1,-0.8,-0.7,0.2,2.5,-2.3,-0.8,0.2,-1.5,-0.7,-0.8,-0.4,-1.3,-1.4,0.2,0.2,0.2,0.2,0.2,0.3,0.3,0.2,0.2,0.3,0.2,0.2,0.2,0,-0.9,1.5,0,0.4,-2.3,-27.6,-0.1,-0.8,0,0.4,-14.8,-0.8,-26.9,-1.5,-1.3,-3.4,-11.1,-5,-3.1,-2.1,-1.2,-0.1,-0.4,0.1,-1.2,0.4,-0.5,-3.9,-1.3,2.3,0.1,0.2,-0.1,0.6,0.1,-2.7,-1,3.4,-0.7,0,-0.8,1.8,-1.1
"53","44","    Less: Consumption of fixed capital","A918RC1",9.3,8.9,8.7,8.4,8,7.6,7.5,7.2,7.1,6.8,6.4,6.2,5.9,5.8,5.7,5.9,6,6,6.1,6.3,6.5,6.7,7,7.2,7.4,7.6,7.7,7.8,8,8.2,8.3,8.5,8.6,8.6,8.7,8.9,9.1,9.2,9.3,9.4,9.6,9.7,9.8,9.9,9.8,9.8,9.9,10,10.1,10.2,10.3,10.4,10.5,10.6,10.6,10.7,10.8,10.8,10.9,11,11.3,11.3,11.6,11.8,12,12.1,12.2,12.2,12.3,12.3,12.4,12.4,12.5,12.6,12.7,12.8,12.9,13,13.4,13.6,13.7,13.9,14.1,14.4,14.6,14.7,14.9,15.1,15.2,15.4,15.5,15.7,15.9,16,16.2,16.3,16.5,16.6,16.5,16.4,16.6,16.5,16.6,16.8,16.8,17,17.2,17.2,17.4,17.8,18.5,19,19.3,19.5,19.9,20.4,20.8,21.2,21.6,22,22.6,23,23.1,23.7,24.3,24.8,25.3,25.6,25.9,26.6,27.4,28,28.7,29.7,30.4,31.4,32.4,33.4,34.3,35.2,36.3,37.3,38.1,38.7,39.4,40.2,41.4,42.1,43.3,44.2,45,46.1,46.9,47.5,48.6,49.5,50,51.2,52.2,53.1,54.2,54.7,55.5,56.5,57.7,58.7,59.7,60.9,62,62.9,63.9,65.1,66.2,67.2,68.3,69.8,70.9,71.7,72.7,73.4,73.7,74.4,74.9,75.9,77.1,77.7,78.3,78.7,79.1,79.9,80.3,81.3,81.7,81.8,81.8,82.1,82,82,82.1,82.1,82.3,82.5,82.5,82.9,82.4,82.7,82.8,83.2,83.9,84.5,85.1,85.8,86.7,87,87.4,87.6,87.9,88.3,88.4,88.2,88.7,88.8,89,89.7,89.7,90,90.5,90.7,91.6,92.8,93.4,94.5
"54","45","  Net lending or net borrowing (-)","AD02RC1",NA,NA,NA,NA,NA,NA,NA,NA,NA,NA,NA,NA,NA,NA,NA,NA,NA,NA,NA,NA,NA,NA,NA,NA,NA,NA,NA,NA,NA,NA,NA,NA,NA,NA,NA,NA,NA,NA,NA,NA,NA,NA,NA,NA,NA,NA,NA,NA,NA,NA,-5.2,-4.3,6.7,3.6,0.8,-2.6,-4.4,-5.5,-4.3,-2.5,-5.5,-5.3,-4.4,-4.9,-1.4,0.8,-1,-0.4,-3.7,-8,-4.6,-1.3,3.4,3.4,-4.2,-4.2,-0.6,-0.7,-4.6,-6.7,-15.2,-13.2,-14.9,-12.5,-9,-10.4,-1.7,-0.6,10.5,10.2,3.7,2.9,-3.4,-15.9,-18.8,-22.7,-18.5,-27.9,-27.3,-24.2,-17.1,-25.5,-12.5,-23.7,-7.7,-12.4,-1.4,-0.7,-4.5,0.6,-11.4,-23.1,-49.8,-103.9,-68.8,-70.1,-58,-49.7,-54.3,-60.1,-46.2,-46.2,-50,-50.9,-52.6,-31.2,-30.5,-26.2,-15.1,-17.3,-25.4,-30.1,-46.1,-71.9,-81.2,-64.5,-55.5,-55.5,-54.8,-92.7,-109.2,-123.4,-159.9,-188.1,-196.7,-178,-206.5,-192.7,-180.2,-188.5,-196.8,-217.1,-179.7,-236.2,-213.2,-223.5,-218.1,-234.9,-255.2,-210.3,-220,-170.3,-178.1,-179.4,-176.1,-167.4,-158,-166.1,-142.7,-156.8,-171.7,-169.2,-200.9,-197.1,-193.7,-241.7,-189,-242.5,-274.3,-275.4,-312.9,-319.1,-341.7,-317.9,-322.9,-284.9,-288.9,-266.2,-237.4,-198.3,-226.1,-223.9,-228.4,-205.6,-179.1,-183.8,-196.9,-157.3,-141,-95.9,-85.6,-42.8,-35.1,-26,22.6,44,64.4,60.1,91.3,104.6,104.3,105,213,180,190.4,174,160.3,119.6,-98.9,-14,-222.9,-272,-274.4,-337.8,-310.2,-413.9,-483.9,-422.6,-437.4,-425.1,-428.5,-410.8
"55",NA,NA,NA,NA,NA,NA,NA,NA,NA,NA,NA,NA,NA,NA,NA,NA,NA,NA,NA,NA,NA,NA,NA,NA,NA,NA,NA,NA,NA,NA,NA,NA,NA,NA,NA,NA,NA,NA,NA,NA,NA,NA,NA,NA,NA,NA,NA,NA,NA,NA,NA,NA,NA,NA,NA,NA,NA,NA,NA,NA,NA,NA,NA,NA,NA,NA,NA,NA,NA,NA,NA,NA,NA,NA,NA,NA,NA,NA,NA,NA,NA,NA,NA,NA,NA,NA,NA,NA,NA,NA,NA,NA,NA,NA,NA,NA,NA,NA,NA,NA,NA,NA,NA,NA,NA,NA,NA,NA,NA,NA,NA,NA,NA,NA,NA,NA,NA,NA,NA,NA,NA,NA,NA,NA,NA,NA,NA,NA,NA,NA,NA,NA,NA,NA,NA,NA,NA,NA,NA,NA,NA,NA,NA,NA,NA,NA,NA,NA,NA,NA,NA,NA,NA,NA,NA,NA,NA,NA,NA,NA,NA,NA,NA,NA,NA,NA,NA,NA,NA,NA,NA,NA,NA,NA,NA,NA,NA,NA,NA,NA,NA,NA,NA,NA,NA,NA,NA,NA,NA,NA,NA,NA,NA,NA,NA,NA,NA,NA,NA,NA,NA,NA,NA,NA,NA,NA,NA,NA,NA,NA,NA,NA,NA,NA,NA,NA,NA,NA,NA,NA,NA,NA,NA,NA,NA,NA,NA,NA,NA,NA,NA,NA,NA,NA,NA
"56","1. Includes dividends tax for 1933-34 and automobile use tax",NA,NA,NA,NA,NA,NA,NA,NA,NA,NA,NA,NA,NA,NA,NA,NA,NA,NA,NA,NA,NA,NA,NA,NA,NA,NA,NA,NA,NA,NA,NA,NA,NA,NA,NA,NA,NA,NA,NA,NA,NA,NA,NA,NA,NA,NA,NA,NA,NA,NA,NA,NA,NA,NA,NA,NA,NA,NA,NA,NA,NA,NA,NA,NA,NA,NA,NA,NA,NA,NA,NA,NA,NA,NA,NA,NA,NA,NA,NA,NA,NA,NA,NA,NA,NA,NA,NA,NA,NA,NA,NA,NA,NA,NA,NA,NA,NA,NA,NA,NA,NA,NA,NA,NA,NA,NA,NA,NA,NA,NA,NA,NA,NA,NA,NA,NA,NA,NA,NA,NA,NA,NA,NA,NA,NA,NA,NA,NA,NA,NA,NA,NA,NA,NA,NA,NA,NA,NA,NA,NA,NA,NA,NA,NA,NA,NA,NA,NA,NA,NA,NA,NA,NA,NA,NA,NA,NA,NA,NA,NA,NA,NA,NA,NA,NA,NA,NA,NA,NA,NA,NA,NA,NA,NA,NA,NA,NA,NA,NA,NA,NA,NA,NA,NA,NA,NA,NA,NA,NA,NA,NA,NA,NA,NA,NA,NA,NA,NA,NA,NA,NA,NA,NA,NA,NA,NA,NA,NA,NA,NA,NA,NA,NA,NA,NA,NA,NA,NA,NA,NA,NA,NA,NA,NA,NA,NA,NA,NA,NA,NA,NA,NA,NA,NA
"57","for 1942-46 as shown in table 3.4.",NA,NA,NA,NA,NA,NA,NA,NA,NA,NA,NA,NA,NA,NA,NA,NA,NA,NA,NA,NA,NA,NA,NA,NA,NA,NA,NA,NA,NA,NA,NA,NA,NA,NA,NA,NA,NA,NA,NA,NA,NA,NA,NA,NA,NA,NA,NA,NA,NA,NA,NA,NA,NA,NA,NA,NA,NA,NA,NA,NA,NA,NA,NA,NA,NA,NA,NA,NA,NA,NA,NA,NA,NA,NA,NA,NA,NA,NA,NA,NA,NA,NA,NA,NA,NA,NA,NA,NA,NA,NA,NA,NA,NA,NA,NA,NA,NA,NA,NA,NA,NA,NA,NA,NA,NA,NA,NA,NA,NA,NA,NA,NA,NA,NA,NA,NA,NA,NA,NA,NA,NA,NA,NA,NA,NA,NA,NA,NA,NA,NA,NA,NA,NA,NA,NA,NA,NA,NA,NA,NA,NA,NA,NA,NA,NA,NA,NA,NA,NA,NA,NA,NA,NA,NA,NA,NA,NA,NA,NA,NA,NA,NA,NA,NA,NA,NA,NA,NA,NA,NA,NA,NA,NA,NA,NA,NA,NA,NA,NA,NA,NA,NA,NA,NA,NA,NA,NA,NA,NA,NA,NA,NA,NA,NA,NA,NA,NA,NA,NA,NA,NA,NA,NA,NA,NA,NA,NA,NA,NA,NA,NA,NA,NA,NA,NA,NA,NA,NA,NA,NA,NA,NA,NA,NA,NA,NA,NA,NA,NA,NA,NA,NA,NA,NA
"58","2. Includes the capital stock tax for 1933-45 as shown in table 3.5.",NA,NA,NA,NA,NA,NA,NA,NA,NA,NA,NA,NA,NA,NA,NA,NA,NA,NA,NA,NA,NA,NA,NA,NA,NA,NA,NA,NA,NA,NA,NA,NA,NA,NA,NA,NA,NA,NA,NA,NA,NA,NA,NA,NA,NA,NA,NA,NA,NA,NA,NA,NA,NA,NA,NA,NA,NA,NA,NA,NA,NA,NA,NA,NA,NA,NA,NA,NA,NA,NA,NA,NA,NA,NA,NA,NA,NA,NA,NA,NA,NA,NA,NA,NA,NA,NA,NA,NA,NA,NA,NA,NA,NA,NA,NA,NA,NA,NA,NA,NA,NA,NA,NA,NA,NA,NA,NA,NA,NA,NA,NA,NA,NA,NA,NA,NA,NA,NA,NA,NA,NA,NA,NA,NA,NA,NA,NA,NA,NA,NA,NA,NA,NA,NA,NA,NA,NA,NA,NA,NA,NA,NA,NA,NA,NA,NA,NA,NA,NA,NA,NA,NA,NA,NA,NA,NA,NA,NA,NA,NA,NA,NA,NA,NA,NA,NA,NA,NA,NA,NA,NA,NA,NA,NA,NA,NA,NA,NA,NA,NA,NA,NA,NA,NA,NA,NA,NA,NA,NA,NA,NA,NA,NA,NA,NA,NA,NA,NA,NA,NA,NA,NA,NA,NA,NA,NA,NA,NA,NA,NA,NA,NA,NA,NA,NA,NA,NA,NA,NA,NA,NA,NA,NA,NA,NA,NA,NA,NA,NA,NA,NA,NA,NA,NA
"59","3. Prior to 1960, interest payments to persons and business (line 29)",NA,NA,NA,NA,NA,NA,NA,NA,NA,NA,NA,NA,NA,NA,NA,NA,NA,NA,NA,NA,NA,NA,NA,NA,NA,NA,NA,NA,NA,NA,NA,NA,NA,NA,NA,NA,NA,NA,NA,NA,NA,NA,NA,NA,NA,NA,NA,NA,NA,NA,NA,NA,NA,NA,NA,NA,NA,NA,NA,NA,NA,NA,NA,NA,NA,NA,NA,NA,NA,NA,NA,NA,NA,NA,NA,NA,NA,NA,NA,NA,NA,NA,NA,NA,NA,NA,NA,NA,NA,NA,NA,NA,NA,NA,NA,NA,NA,NA,NA,NA,NA,NA,NA,NA,NA,NA,NA,NA,NA,NA,NA,NA,NA,NA,NA,NA,NA,NA,NA,NA,NA,NA,NA,NA,NA,NA,NA,NA,NA,NA,NA,NA,NA,NA,NA,NA,NA,NA,NA,NA,NA,NA,NA,NA,NA,NA,NA,NA,NA,NA,NA,NA,NA,NA,NA,NA,NA,NA,NA,NA,NA,NA,NA,NA,NA,NA,NA,NA,NA,NA,NA,NA,NA,NA,NA,NA,NA,NA,NA,NA,NA,NA,NA,NA,NA,NA,NA,NA,NA,NA,NA,NA,NA,NA,NA,NA,NA,NA,NA,NA,NA,NA,NA,NA,NA,NA,NA,NA,NA,NA,NA,NA,NA,NA,NA,NA,NA,NA,NA,NA,NA,NA,NA,NA,NA,NA,NA,NA,NA,NA,NA,NA,NA,NA
"60","and interest receipts (line 13) are not shown separately, but are",NA,NA,NA,NA,NA,NA,NA,NA,NA,NA,NA,NA,NA,NA,NA,NA,NA,NA,NA,NA,NA,NA,NA,NA,NA,NA,NA,NA,NA,NA,NA,NA,NA,NA,NA,NA,NA,NA,NA,NA,NA,NA,NA,NA,NA,NA,NA,NA,NA,NA,NA,NA,NA,NA,NA,NA,NA,NA,NA,NA,NA,NA,NA,NA,NA,NA,NA,NA,NA,NA,NA,NA,NA,NA,NA,NA,NA,NA,NA,NA,NA,NA,NA,NA,NA,NA,NA,NA,NA,NA,NA,NA,NA,NA,NA,NA,NA,NA,NA,NA,NA,NA,NA,NA,NA,NA,NA,NA,NA,NA,NA,NA,NA,NA,NA,NA,NA,NA,NA,NA,NA,NA,NA,NA,NA,NA,NA,NA,NA,NA,NA,NA,NA,NA,NA,NA,NA,NA,NA,NA,NA,NA,NA,NA,NA,NA,NA,NA,NA,NA,NA,NA,NA,NA,NA,NA,NA,NA,NA,NA,NA,NA,NA,NA,NA,NA,NA,NA,NA,NA,NA,NA,NA,NA,NA,NA,NA,NA,NA,NA,NA,NA,NA,NA,NA,NA,NA,NA,NA,NA,NA,NA,NA,NA,NA,NA,NA,NA,NA,NA,NA,NA,NA,NA,NA,NA,NA,NA,NA,NA,NA,NA,NA,NA,NA,NA,NA,NA,NA,NA,NA,NA,NA,NA,NA,NA,NA,NA,NA,NA,NA,NA,NA,NA
"61","included in interest payments (line 28), which is shown net of",NA,NA,NA,NA,NA,NA,NA,NA,NA,NA,NA,NA,NA,NA,NA,NA,NA,NA,NA,NA,NA,NA,NA,NA,NA,NA,NA,NA,NA,NA,NA,NA,NA,NA,NA,NA,NA,NA,NA,NA,NA,NA,NA,NA,NA,NA,NA,NA,NA,NA,NA,NA,NA,NA,NA,NA,NA,NA,NA,NA,NA,NA,NA,NA,NA,NA,NA,NA,NA,NA,NA,NA,NA,NA,NA,NA,NA,NA,NA,NA,NA,NA,NA,NA,NA,NA,NA,NA,NA,NA,NA,NA,NA,NA,NA,NA,NA,NA,NA,NA,NA,NA,NA,NA,NA,NA,NA,NA,NA,NA,NA,NA,NA,NA,NA,NA,NA,NA,NA,NA,NA,NA,NA,NA,NA,NA,NA,NA,NA,NA,NA,NA,NA,NA,NA,NA,NA,NA,NA,NA,NA,NA,NA,NA,NA,NA,NA,NA,NA,NA,NA,NA,NA,NA,NA,NA,NA,NA,NA,NA,NA,NA,NA,NA,NA,NA,NA,NA,NA,NA,NA,NA,NA,NA,NA,NA,NA,NA,NA,NA,NA,NA,NA,NA,NA,NA,NA,NA,NA,NA,NA,NA,NA,NA,NA,NA,NA,NA,NA,NA,NA,NA,NA,NA,NA,NA,NA,NA,NA,NA,NA,NA,NA,NA,NA,NA,NA,NA,NA,NA,NA,NA,NA,NA,NA,NA,NA,NA,NA,NA,NA,NA,NA,NA
"62","interest receipts.",NA,NA,NA,NA,NA,NA,NA,NA,NA,NA,NA,NA,NA,NA,NA,NA,NA,NA,NA,NA,NA,NA,NA,NA,NA,NA,NA,NA,NA,NA,NA,NA,NA,NA,NA,NA,NA,NA,NA,NA,NA,NA,NA,NA,NA,NA,NA,NA,NA,NA,NA,NA,NA,NA,NA,NA,NA,NA,NA,NA,NA,NA,NA,NA,NA,NA,NA,NA,NA,NA,NA,NA,NA,NA,NA,NA,NA,NA,NA,NA,NA,NA,NA,NA,NA,NA,NA,NA,NA,NA,NA,NA,NA,NA,NA,NA,NA,NA,NA,NA,NA,NA,NA,NA,NA,NA,NA,NA,NA,NA,NA,NA,NA,NA,NA,NA,NA,NA,NA,NA,NA,NA,NA,NA,NA,NA,NA,NA,NA,NA,NA,NA,NA,NA,NA,NA,NA,NA,NA,NA,NA,NA,NA,NA,NA,NA,NA,NA,NA,NA,NA,NA,NA,NA,NA,NA,NA,NA,NA,NA,NA,NA,NA,NA,NA,NA,NA,NA,NA,NA,NA,NA,NA,NA,NA,NA,NA,NA,NA,NA,NA,NA,NA,NA,NA,NA,NA,NA,NA,NA,NA,NA,NA,NA,NA,NA,NA,NA,NA,NA,NA,NA,NA,NA,NA,NA,NA,NA,NA,NA,NA,NA,NA,NA,NA,NA,NA,NA,NA,NA,NA,NA,NA,NA,NA,NA,NA,NA,NA,NA,NA,NA,NA,NA
"63","4. Beginning with 1959, includes royalties paid from petroleum",NA,NA,NA,NA,NA,NA,NA,NA,NA,NA,NA,NA,NA,NA,NA,NA,NA,NA,NA,NA,NA,NA,NA,NA,NA,NA,NA,NA,NA,NA,NA,NA,NA,NA,NA,NA,NA,NA,NA,NA,NA,NA,NA,NA,NA,NA,NA,NA,NA,NA,NA,NA,NA,NA,NA,NA,NA,NA,NA,NA,NA,NA,NA,NA,NA,NA,NA,NA,NA,NA,NA,NA,NA,NA,NA,NA,NA,NA,NA,NA,NA,NA,NA,NA,NA,NA,NA,NA,NA,NA,NA,NA,NA,NA,NA,NA,NA,NA,NA,NA,NA,NA,NA,NA,NA,NA,NA,NA,NA,NA,NA,NA,NA,NA,NA,NA,NA,NA,NA,NA,NA,NA,NA,NA,NA,NA,NA,NA,NA,NA,NA,NA,NA,NA,NA,NA,NA,NA,NA,NA,NA,NA,NA,NA,NA,NA,NA,NA,NA,NA,NA,NA,NA,NA,NA,NA,NA,NA,NA,NA,NA,NA,NA,NA,NA,NA,NA,NA,NA,NA,NA,NA,NA,NA,NA,NA,NA,NA,NA,NA,NA,NA,NA,NA,NA,NA,NA,NA,NA,NA,NA,NA,NA,NA,NA,NA,NA,NA,NA,NA,NA,NA,NA,NA,NA,NA,NA,NA,NA,NA,NA,NA,NA,NA,NA,NA,NA,NA,NA,NA,NA,NA,NA,NA,NA,NA,NA,NA,NA,NA,NA,NA,NA,NA
"64","production on the Outer Continental Shelf.",NA,NA,NA,NA,NA,NA,NA,NA,NA,NA,NA,NA,NA,NA,NA,NA,NA,NA,NA,NA,NA,NA,NA,NA,NA,NA,NA,NA,NA,NA,NA,NA,NA,NA,NA,NA,NA,NA,NA,NA,NA,NA,NA,NA,NA,NA,NA,NA,NA,NA,NA,NA,NA,NA,NA,NA,NA,NA,NA,NA,NA,NA,NA,NA,NA,NA,NA,NA,NA,NA,NA,NA,NA,NA,NA,NA,NA,NA,NA,NA,NA,NA,NA,NA,NA,NA,NA,NA,NA,NA,NA,NA,NA,NA,NA,NA,NA,NA,NA,NA,NA,NA,NA,NA,NA,NA,NA,NA,NA,NA,NA,NA,NA,NA,NA,NA,NA,NA,NA,NA,NA,NA,NA,NA,NA,NA,NA,NA,NA,NA,NA,NA,NA,NA,NA,NA,NA,NA,NA,NA,NA,NA,NA,NA,NA,NA,NA,NA,NA,NA,NA,NA,NA,NA,NA,NA,NA,NA,NA,NA,NA,NA,NA,NA,NA,NA,NA,NA,NA,NA,NA,NA,NA,NA,NA,NA,NA,NA,NA,NA,NA,NA,NA,NA,NA,NA,NA,NA,NA,NA,NA,NA,NA,NA,NA,NA,NA,NA,NA,NA,NA,NA,NA,NA,NA,NA,NA,NA,NA,NA,NA,NA,NA,NA,NA,NA,NA,NA,NA,NA,NA,NA,NA,NA,NA,NA,NA,NA,NA,NA,NA,NA,NA,NA
"65","5. Prior to 1959, subsidies (line 31) and the current surplus of",NA,NA,NA,NA,NA,NA,NA,NA,NA,NA,NA,NA,NA,NA,NA,NA,NA,NA,NA,NA,NA,NA,NA,NA,NA,NA,NA,NA,NA,NA,NA,NA,NA,NA,NA,NA,NA,NA,NA,NA,NA,NA,NA,NA,NA,NA,NA,NA,NA,NA,NA,NA,NA,NA,NA,NA,NA,NA,NA,NA,NA,NA,NA,NA,NA,NA,NA,NA,NA,NA,NA,NA,NA,NA,NA,NA,NA,NA,NA,NA,NA,NA,NA,NA,NA,NA,NA,NA,NA,NA,NA,NA,NA,NA,NA,NA,NA,NA,NA,NA,NA,NA,NA,NA,NA,NA,NA,NA,NA,NA,NA,NA,NA,NA,NA,NA,NA,NA,NA,NA,NA,NA,NA,NA,NA,NA,NA,NA,NA,NA,NA,NA,NA,NA,NA,NA,NA,NA,NA,NA,NA,NA,NA,NA,NA,NA,NA,NA,NA,NA,NA,NA,NA,NA,NA,NA,NA,NA,NA,NA,NA,NA,NA,NA,NA,NA,NA,NA,NA,NA,NA,NA,NA,NA,NA,NA,NA,NA,NA,NA,NA,NA,NA,NA,NA,NA,NA,NA,NA,NA,NA,NA,NA,NA,NA,NA,NA,NA,NA,NA,NA,NA,NA,NA,NA,NA,NA,NA,NA,NA,NA,NA,NA,NA,NA,NA,NA,NA,NA,NA,NA,NA,NA,NA,NA,NA,NA,NA,NA,NA,NA,NA,NA,NA
"66","government enterprises (line 18) are not shown separately; subsidies",NA,NA,NA,NA,NA,NA,NA,NA,NA,NA,NA,NA,NA,NA,NA,NA,NA,NA,NA,NA,NA,NA,NA,NA,NA,NA,NA,NA,NA,NA,NA,NA,NA,NA,NA,NA,NA,NA,NA,NA,NA,NA,NA,NA,NA,NA,NA,NA,NA,NA,NA,NA,NA,NA,NA,NA,NA,NA,NA,NA,NA,NA,NA,NA,NA,NA,NA,NA,NA,NA,NA,NA,NA,NA,NA,NA,NA,NA,NA,NA,NA,NA,NA,NA,NA,NA,NA,NA,NA,NA,NA,NA,NA,NA,NA,NA,NA,NA,NA,NA,NA,NA,NA,NA,NA,NA,NA,NA,NA,NA,NA,NA,NA,NA,NA,NA,NA,NA,NA,NA,NA,NA,NA,NA,NA,NA,NA,NA,NA,NA,NA,NA,NA,NA,NA,NA,NA,NA,NA,NA,NA,NA,NA,NA,NA,NA,NA,NA,NA,NA,NA,NA,NA,NA,NA,NA,NA,NA,NA,NA,NA,NA,NA,NA,NA,NA,NA,NA,NA,NA,NA,NA,NA,NA,NA,NA,NA,NA,NA,NA,NA,NA,NA,NA,NA,NA,NA,NA,NA,NA,NA,NA,NA,NA,NA,NA,NA,NA,NA,NA,NA,NA,NA,NA,NA,NA,NA,NA,NA,NA,NA,NA,NA,NA,NA,NA,NA,NA,NA,NA,NA,NA,NA,NA,NA,NA,NA,NA,NA,NA,NA,NA,NA,NA
"67","are presented net of the current surplus of government enterprises.",NA,NA,NA,NA,NA,NA,NA,NA,NA,NA,NA,NA,NA,NA,NA,NA,NA,NA,NA,NA,NA,NA,NA,NA,NA,NA,NA,NA,NA,NA,NA,NA,NA,NA,NA,NA,NA,NA,NA,NA,NA,NA,NA,NA,NA,NA,NA,NA,NA,NA,NA,NA,NA,NA,NA,NA,NA,NA,NA,NA,NA,NA,NA,NA,NA,NA,NA,NA,NA,NA,NA,NA,NA,NA,NA,NA,NA,NA,NA,NA,NA,NA,NA,NA,NA,NA,NA,NA,NA,NA,NA,NA,NA,NA,NA,NA,NA,NA,NA,NA,NA,NA,NA,NA,NA,NA,NA,NA,NA,NA,NA,NA,NA,NA,NA,NA,NA,NA,NA,NA,NA,NA,NA,NA,NA,NA,NA,NA,NA,NA,NA,NA,NA,NA,NA,NA,NA,NA,NA,NA,NA,NA,NA,NA,NA,NA,NA,NA,NA,NA,NA,NA,NA,NA,NA,NA,NA,NA,NA,NA,NA,NA,NA,NA,NA,NA,NA,NA,NA,NA,NA,NA,NA,NA,NA,NA,NA,NA,NA,NA,NA,NA,NA,NA,NA,NA,NA,NA,NA,NA,NA,NA,NA,NA,NA,NA,NA,NA,NA,NA,NA,NA,NA,NA,NA,NA,NA,NA,NA,NA,NA,NA,NA,NA,NA,NA,NA,NA,NA,NA,NA,NA,NA,NA,NA,NA,NA,NA,NA,NA,NA,NA,NA,NA
"68","6. Prior to 1960, government social benefits to the rest of the world",NA,NA,NA,NA,NA,NA,NA,NA,NA,NA,NA,NA,NA,NA,NA,NA,NA,NA,NA,NA,NA,NA,NA,NA,NA,NA,NA,NA,NA,NA,NA,NA,NA,NA,NA,NA,NA,NA,NA,NA,NA,NA,NA,NA,NA,NA,NA,NA,NA,NA,NA,NA,NA,NA,NA,NA,NA,NA,NA,NA,NA,NA,NA,NA,NA,NA,NA,NA,NA,NA,NA,NA,NA,NA,NA,NA,NA,NA,NA,NA,NA,NA,NA,NA,NA,NA,NA,NA,NA,NA,NA,NA,NA,NA,NA,NA,NA,NA,NA,NA,NA,NA,NA,NA,NA,NA,NA,NA,NA,NA,NA,NA,NA,NA,NA,NA,NA,NA,NA,NA,NA,NA,NA,NA,NA,NA,NA,NA,NA,NA,NA,NA,NA,NA,NA,NA,NA,NA,NA,NA,NA,NA,NA,NA,NA,NA,NA,NA,NA,NA,NA,NA,NA,NA,NA,NA,NA,NA,NA,NA,NA,NA,NA,NA,NA,NA,NA,NA,NA,NA,NA,NA,NA,NA,NA,NA,NA,NA,NA,NA,NA,NA,NA,NA,NA,NA,NA,NA,NA,NA,NA,NA,NA,NA,NA,NA,NA,NA,NA,NA,NA,NA,NA,NA,NA,NA,NA,NA,NA,NA,NA,NA,NA,NA,NA,NA,NA,NA,NA,NA,NA,NA,NA,NA,NA,NA,NA,NA,NA,NA,NA,NA,NA,NA
"69","(line 24) are included in line 27, ""other current transfer payments to the rest",NA,NA,NA,NA,NA,NA,NA,NA,NA,NA,NA,NA,NA,NA,NA,NA,NA,NA,NA,NA,NA,NA,NA,NA,NA,NA,NA,NA,NA,NA,NA,NA,NA,NA,NA,NA,NA,NA,NA,NA,NA,NA,NA,NA,NA,NA,NA,NA,NA,NA,NA,NA,NA,NA,NA,NA,NA,NA,NA,NA,NA,NA,NA,NA,NA,NA,NA,NA,NA,NA,NA,NA,NA,NA,NA,NA,NA,NA,NA,NA,NA,NA,NA,NA,NA,NA,NA,NA,NA,NA,NA,NA,NA,NA,NA,NA,NA,NA,NA,NA,NA,NA,NA,NA,NA,NA,NA,NA,NA,NA,NA,NA,NA,NA,NA,NA,NA,NA,NA,NA,NA,NA,NA,NA,NA,NA,NA,NA,NA,NA,NA,NA,NA,NA,NA,NA,NA,NA,NA,NA,NA,NA,NA,NA,NA,NA,NA,NA,NA,NA,NA,NA,NA,NA,NA,NA,NA,NA,NA,NA,NA,NA,NA,NA,NA,NA,NA,NA,NA,NA,NA,NA,NA,NA,NA,NA,NA,NA,NA,NA,NA,NA,NA,NA,NA,NA,NA,NA,NA,NA,NA,NA,NA,NA,NA,NA,NA,NA,NA,NA,NA,NA,NA,NA,NA,NA,NA,NA,NA,NA,NA,NA,NA,NA,NA,NA,NA,NA,NA,NA,NA,NA,NA,NA,NA,NA,NA,NA,NA,NA,NA,NA,NA,NA
"70","of the world (net).""",NA,NA,NA,NA,NA,NA,NA,NA,NA,NA,NA,NA,NA,NA,NA,NA,NA,NA,NA,NA,NA,NA,NA,NA,NA,NA,NA,NA,NA,NA,NA,NA,NA,NA,NA,NA,NA,NA,NA,NA,NA,NA,NA,NA,NA,NA,NA,NA,NA,NA,NA,NA,NA,NA,NA,NA,NA,NA,NA,NA,NA,NA,NA,NA,NA,NA,NA,NA,NA,NA,NA,NA,NA,NA,NA,NA,NA,NA,NA,NA,NA,NA,NA,NA,NA,NA,NA,NA,NA,NA,NA,NA,NA,NA,NA,NA,NA,NA,NA,NA,NA,NA,NA,NA,NA,NA,NA,NA,NA,NA,NA,NA,NA,NA,NA,NA,NA,NA,NA,NA,NA,NA,NA,NA,NA,NA,NA,NA,NA,NA,NA,NA,NA,NA,NA,NA,NA,NA,NA,NA,NA,NA,NA,NA,NA,NA,NA,NA,NA,NA,NA,NA,NA,NA,NA,NA,NA,NA,NA,NA,NA,NA,NA,NA,NA,NA,NA,NA,NA,NA,NA,NA,NA,NA,NA,NA,NA,NA,NA,NA,NA,NA,NA,NA,NA,NA,NA,NA,NA,NA,NA,NA,NA,NA,NA,NA,NA,NA,NA,NA,NA,NA,NA,NA,NA,NA,NA,NA,NA,NA,NA,NA,NA,NA,NA,NA,NA,NA,NA,NA,NA,NA,NA,NA,NA,NA,NA,NA,NA,NA,NA,NA,NA,NA
