"","Table 5#7#5AU2# Change in Book Value by Industry","F2","F3","F4","F5","F6","F7","F8","F9","F10","F11","F12","F13","F14","F15","F16","F17","F18","F19","F20","F21","F22","F23","F24","F25","F26","F27","F28","F29","F30","F31","F32","F33","F34","F35","F36","F37","F38","F39","F40","F41","F42","F43","F44","F45","F46","F47","F48","F49","F50","F51","F52","F53","F54","F55","F56","F57","F58","F59","F60","F61","F62","F63","F64","F65","F66","F67","F68","F69","F70","F71","F72","F73","F74","F75","F76","F77","F78","F79","F80","F81","F82","F83","F84","F85","F86","F87","F88","F89","F90","F91","F92","F93","F94","F95","F96","F97","F98","F99","F100","F101","F102","F103","F104","F105","F106","F107","F108","F109","F110","F111","F112","F113","F114","F115","F116","F117","F118","F119","F120","F121","F122","F123","F124","F125","F126","F127"
"1","[Millions of dollars; seasonally adjusted at annual rates];                                                                                                     ",NA,NA,NA,NA,NA,NA,NA,NA,NA,NA,NA,NA,NA,NA,NA,NA,NA,NA,NA,NA,NA,NA,NA,NA,NA,NA,NA,NA,NA,NA,NA,NA,NA,NA,NA,NA,NA,NA,NA,NA,NA,NA,NA,NA,NA,NA,NA,NA,NA,NA,NA,NA,NA,NA,NA,NA,NA,NA,NA,NA,NA,NA,NA,NA,NA,NA,NA,NA,NA,NA,NA,NA,NA,NA,NA,NA,NA,NA,NA,NA,NA,NA,NA,NA,NA,NA,NA,NA,NA,NA,NA,NA,NA,NA,NA,NA,NA,NA,NA,NA,NA,NA,NA,NA,NA,NA,NA,NA,NA,NA,NA,NA,NA,NA,NA,NA,NA,NA,NA,NA,NA,NA,NA,NA,NA,NA
"2","Quarterly data from 1967 To 1997",NA,NA,NA,NA,NA,NA,NA,NA,NA,NA,NA,NA,NA,NA,NA,NA,NA,NA,NA,NA,NA,NA,NA,NA,NA,NA,NA,NA,NA,NA,NA,NA,NA,NA,NA,NA,NA,NA,NA,NA,NA,NA,NA,NA,NA,NA,NA,NA,NA,NA,NA,NA,NA,NA,NA,NA,NA,NA,NA,NA,NA,NA,NA,NA,NA,NA,NA,NA,NA,NA,NA,NA,NA,NA,NA,NA,NA,NA,NA,NA,NA,NA,NA,NA,NA,NA,NA,NA,NA,NA,NA,NA,NA,NA,NA,NA,NA,NA,NA,NA,NA,NA,NA,NA,NA,NA,NA,NA,NA,NA,NA,NA,NA,NA,NA,NA,NA,NA,NA,NA,NA,NA,NA,NA,NA,NA
"3","Bureau of Economic Analysis",NA,NA,NA,NA,NA,NA,NA,NA,NA,NA,NA,NA,NA,NA,NA,NA,NA,NA,NA,NA,NA,NA,NA,NA,NA,NA,NA,NA,NA,NA,NA,NA,NA,NA,NA,NA,NA,NA,NA,NA,NA,NA,NA,NA,NA,NA,NA,NA,NA,NA,NA,NA,NA,NA,NA,NA,NA,NA,NA,NA,NA,NA,NA,NA,NA,NA,NA,NA,NA,NA,NA,NA,NA,NA,NA,NA,NA,NA,NA,NA,NA,NA,NA,NA,NA,NA,NA,NA,NA,NA,NA,NA,NA,NA,NA,NA,NA,NA,NA,NA,NA,NA,NA,NA,NA,NA,NA,NA,NA,NA,NA,NA,NA,NA,NA,NA,NA,NA,NA,NA,NA,NA,NA,NA,NA,NA
"4","Data published August 07, 2013   ",NA,NA,NA,NA,NA,NA,NA,NA,NA,NA,NA,NA,NA,NA,NA,NA,NA,NA,NA,NA,NA,NA,NA,NA,NA,NA,NA,NA,NA,NA,NA,NA,NA,NA,NA,NA,NA,NA,NA,NA,NA,NA,NA,NA,NA,NA,NA,NA,NA,NA,NA,NA,NA,NA,NA,NA,NA,NA,NA,NA,NA,NA,NA,NA,NA,NA,NA,NA,NA,NA,NA,NA,NA,NA,NA,NA,NA,NA,NA,NA,NA,NA,NA,NA,NA,NA,NA,NA,NA,NA,NA,NA,NA,NA,NA,NA,NA,NA,NA,NA,NA,NA,NA,NA,NA,NA,NA,NA,NA,NA,NA,NA,NA,NA,NA,NA,NA,NA,NA,NA,NA,NA,NA,NA,NA,NA
"5","File created 9/25/2015 12:39:34 PM",NA,NA,NA,NA,NA,NA,NA,NA,NA,NA,NA,NA,NA,NA,NA,NA,NA,NA,NA,NA,NA,NA,NA,NA,NA,NA,NA,NA,NA,NA,NA,NA,NA,NA,NA,NA,NA,NA,NA,NA,NA,NA,NA,NA,NA,NA,NA,NA,NA,NA,NA,NA,NA,NA,NA,NA,NA,NA,NA,NA,NA,NA,NA,NA,NA,NA,NA,NA,NA,NA,NA,NA,NA,NA,NA,NA,NA,NA,NA,NA,NA,NA,NA,NA,NA,NA,NA,NA,NA,NA,NA,NA,NA,NA,NA,NA,NA,NA,NA,NA,NA,NA,NA,NA,NA,NA,NA,NA,NA,NA,NA,NA,NA,NA,NA,NA,NA,NA,NA,NA,NA,NA,NA,NA,NA,NA
"6",NA,NA,NA,NA,NA,NA,NA,NA,NA,NA,NA,NA,NA,NA,NA,NA,NA,NA,NA,NA,NA,NA,NA,NA,NA,NA,NA,NA,NA,NA,NA,NA,NA,NA,NA,NA,NA,NA,NA,NA,NA,NA,NA,NA,NA,NA,NA,NA,NA,NA,NA,NA,NA,NA,NA,NA,NA,NA,NA,NA,NA,NA,NA,NA,NA,NA,NA,NA,NA,NA,NA,NA,NA,NA,NA,NA,NA,NA,NA,NA,NA,NA,NA,NA,NA,NA,NA,NA,NA,NA,NA,NA,NA,NA,NA,NA,NA,NA,NA,NA,NA,NA,NA,NA,NA,NA,NA,NA,NA,NA,NA,NA,NA,NA,NA,NA,NA,NA,NA,NA,NA,NA,NA,NA,NA,NA,NA
"7","Line",NA,NA,1967,1967,1967,1967,1968,1968,1968,1968,1969,1969,1969,1969,1970,1970,1970,1970,1971,1971,1971,1971,1972,1972,1972,1972,1973,1973,1973,1973,1974,1974,1974,1974,1975,1975,1975,1975,1976,1976,1976,1976,1977,1977,1977,1977,1978,1978,1978,1978,1979,1979,1979,1979,1980,1980,1980,1980,1981,1981,1981,1981,1982,1982,1982,1982,1983,1983,1983,1983,1984,1984,1984,1984,1985,1985,1985,1985,1986,1986,1986,1986,1987,1987,1987,1987,1988,1988,1988,1988,1989,1989,1989,1989,1990,1990,1990,1990,1991,1991,1991,1991,1992,1992,1992,1992,1993,1993,1993,1993,1994,1994,1994,1994,1995,1995,1995,1995,1996,1996,1996,1996,1997,1997,1997,1997
"8",NA,NA,NA,1,2,3,4,1,2,3,4,1,2,3,4,1,2,3,4,1,2,3,4,1,2,3,4,1,2,3,4,1,2,3,4,1,2,3,4,1,2,3,4,1,2,3,4,1,2,3,4,1,2,3,4,1,2,3,4,1,2,3,4,1,2,3,4,1,2,3,4,1,2,3,4,1,2,3,4,1,2,3,4,1,2,3,4,1,2,3,4,1,2,3,4,1,2,3,4,1,2,3,4,1,2,3,4,1,2,3,4,1,2,3,4,1,2,3,4,1,2,3,4,1,2,3,4
"9","1","    Nonfarm","B016RC0",14028,5692,10736,12500,10504,13104,10792,12564,15356,13464,16464,16664,9000,10128,13584,6816,13872,11244,13176,6940,10060,16356,19304,18876,32860,36884,27584,47164,54760,60224,64604,68676,-2856,-8036,12156,11120,27448,41088,36036,31272,40068,31572,37848,33176,49320,50768,45424,62100,60196,70376,56156,56616,72896,51748,27692,41352,77668,30984,54204,40584,-12940,-2844,3676,-39096,-34756,9724,41660,39996,73968,74512,64480,42048,4192,13712,-552,34984,1072,-2480,-15932,-3680,51824,48424,22884,83408,45200,62748,61680,64525,82058,59100,19798,39088,17790,33683,50553,9800,-30626,-29848,8665,25256,-12891,25438,20313,19319,47418,37337,16028,21971,39528,75293,61637,89171,105475,82930,42800,30400,7888,20008,28406,29529,28530,65085,40521,61667
"10","2","Manufacturing","XBVM0",10464,4844,5600,5668,4756,6248,7428,5076,7092,5952,7892,9184,4380,3260,4944,1376,1604,460,1492,528,3716,5660,8028,5324,13764,17144,15764,23024,25796,34296,38164,34824,6692,-6448,-1764,6508,8956,15704,17628,17804,11516,15812,15408,11544,14640,21704,20660,25756,27692,30896,29548,31392,39636,24128,976,15124,29140,13476,22760,5752,-8112,-14060,-6708,-19764,-36904,5916,16340,17376,28328,45400,36904,4444,-8900,-3148,-12384,-6768,-19528,-9072,-14236,-1616,4364,9556,16948,29352,27584,29548,24820,40724,35424,30456,13944,5228,15864,6432,25908,5088,-12164,-25948,-12080,-5704,-14124,-6496,5220,-12824,1936,11460,3488,-4632,12568,17480,17348,26144,40208,28220,17084,6292,8296,-10188,8900,8076,8110,16698,12585,18522
"11","3","  Durable goods","XBVMD0",7660,3484,4588,4396,3416,4076,4848,2940,5552,4324,5160,8172,2652,1100,4780,-316,304,-1452,616,-1556,2448,2972,5908,4568,8596,10752,13156,15652,14300,20108,24636,21736,7880,-856,-4648,-1612,3916,8444,11252,14144,7200,8404,11264,8336,12096,16608,16372,18544,23808,23156,17604,23888,21536,13024,-1052,10884,16068,7604,19404,2720,-8820,-2684,-6432,-16940,-27252,4000,3860,14876,17248,29860,29564,12472,-1808,-732,-5768,-11856,-6392,-3744,-6124,-5416,-1760,5052,10336,20300,17684,17780,17824,31380,26636,17708,9812,4132,6508,5092,8492,1176,-10028,-20240,-10696,-10536,-13500,-9776,-4212,-13584,84,6396,5680,-260,10124,13092,9904,15232,18908,11996,10188,5872,7052,-4372,7352,3356,6997,11932,7712,9440
"12","4","    Lumber and wood products","XBV240",-168,236,-120,36,16,32,160,468,356,468,240,168,-136,164,448,180,212,380,636,-288,420,152,-220,212,96,724,188,1036,-300,1056,940,-912,-712,84,400,-128,884,596,952,924,784,-248,212,876,668,488,-64,1172,820,792,4,860,156,-984,840,660,76,1068,-228,-1532,-1856,-528,-172,-508,760,528,1052,324,728,-24,364,164,-624,260,-36,508,400,-452,304,288,656,376,-356,752,1272,216,-628,568,-696,1100,736,-680,92,508,1712,-1020,-1136,-1192,468,-68,544,1100,-308,528,2488,2024,1392,1372,1832,120,-584,-32,-368,-280,1520,784,-516,-56,456,-492,-373,453,2036,474
"13","5","    Furniture and fixtures","XBV250",72,40,-16,168,100,96,120,-12,188,204,208,140,120,48,104,188,56,276,64,16,236,128,232,180,388,468,232,380,316,328,340,60,-368,-508,-152,396,436,320,-64,432,12,496,284,188,376,320,588,156,528,188,176,220,288,136,-68,56,272,368,376,148,-188,44,-364,-176,-364,576,740,664,612,500,736,392,316,-160,104,-204,-240,24,-476,972,52,512,480,572,1360,92,316,-540,296,148,200,-280,40,380,-496,244,-780,-808,40,444,-324,500,88,164,652,508,464,-276,844,-92,424,552,616,292,-308,-56,-960,112,252,200,9,538,-102,161
"14","6","    Stone, clay, and glass products","XBV320",180,124,-92,-44,-260,-40,132,520,484,180,-56,-108,336,92,296,52,100,132,28,0,-52,216,240,144,108,348,280,464,624,904,892,468,572,-136,-48,416,-404,512,420,596,-264,560,484,356,804,112,748,508,540,652,148,764,1260,668,-624,624,732,392,1288,-544,-220,-376,-56,-244,-260,100,236,632,288,1040,776,216,452,352,-388,-544,-420,88,-332,232,232,-28,-12,68,0,248,768,360,640,484,276,-232,-184,244,628,920,-280,-516,-624,284,-340,376,252,-52,-260,-568,-468,-316,184,-808,560,1044,952,1948,764,-980,276,-280,316,968,244,689,-228,118
"15","7","    Primary metals","XBV330",528,1148,180,308,172,-772,220,276,4,668,856,480,524,1384,804,912,912,-1364,480,216,1076,616,672,-268,-468,152,800,1144,1620,2680,4244,5136,6204,3100,-816,896,1752,1220,2636,2444,1448,1088,596,-840,-2056,1992,2256,2428,360,3888,2892,4576,2000,2016,-3116,1364,4252,-964,5108,2112,-2056,-6700,-4036,-5368,-5352,-852,-1376,8,1284,2856,716,-3620,-4100,-2560,-2196,-2796,-2212,-1308,-4152,284,-2660,-116,2160,3192,4048,1304,4144,4100,3148,2028,-1620,-1740,-1940,432,1564,-1016,-544,-2868,-2220,-1832,-1352,28,396,-2104,-492,-312,932,376,256,1120,1664,3808,2856,1412,-304,-976,752,-424,88,916,924,-302,188,1080
"16","8","    Fabricated metals","XBV340",588,64,244,628,636,1532,384,760,-80,348,-232,592,256,-264,984,-120,476,1524,-352,-872,-160,68,580,896,1604,1344,1340,1476,1940,3988,3696,4184,1280,-816,-1052,-432,60,576,1880,2308,256,1308,2292,896,2320,1744,1508,1200,2760,2188,984,1332,1596,-316,-1732,2004,392,80,2356,-84,-1508,-704,-1020,-5608,-2016,940,1700,868,1320,2116,1052,1192,-952,-1628,-908,1580,-1216,804,-588,-492,712,-648,1508,1620,1508,1588,3352,1460,2376,-324,1560,-1788,720,-2012,104,-424,-404,-3124,-844,-60,388,496,908,-2212,228,-816,1744,-1036,-180,1552,2952,2576,4680,2732,-416,-1476,920,-1128,2268,1448,1210,1217,302,1782
"17","9","    Industrial machinery","XBV350",1620,688,324,496,-40,892,704,604,1996,1380,1816,1860,1320,1084,1020,920,-212,-64,-64,-300,-616,448,1432,2056,3384,3864,4184,4388,4520,5536,6540,6320,3180,-1192,-1036,-3372,-44,560,1580,2452,1212,1256,1592,4012,3600,4128,3720,5700,5796,5372,4948,5180,5540,5884,1816,936,1620,1212,5064,2764,-292,1056,-3832,-7244,-7096,-1328,-2112,-308,944,6112,6192,2660,-852,-2016,-4444,-5912,-3488,-4680,-1308,-3168,-1804,1120,-1340,4776,3652,4236,5236,4504,4284,3232,1744,832,-832,-140,-1092,-976,1480,-3152,-2580,-3392,-2852,-1568,2264,-1148,-3888,2980,3172,3352,5680,4036,3788,2884,8820,4400,4424,6032,2792,-3720,-252,-3604,255,5369,1116,2618
"18","10","    Electronic machinery","XBV360",1072,232,484,600,388,568,252,252,800,1052,744,664,768,104,412,-340,-664,-308,-492,-268,-36,472,964,572,2220,2448,2632,2416,2324,2188,2016,1184,-1092,-1788,-1604,-248,340,1800,1596,2156,1752,2224,1420,1748,2576,3332,2604,1448,3836,3284,3360,5528,4244,1904,748,940,3044,3364,3268,84,-1976,-956,-772,-776,-2524,2152,1240,4676,2228,4156,5556,3288,780,100,-2500,-3836,-1592,464,-604,-2656,676,792,696,2512,228,944,1792,3936,1960,664,2524,2408,-192,-964,-48,-1796,-2180,-2120,-1812,-1600,0,-128,-136,-944,1236,1508,424,1056,3048,3868,4104,4252,5476,2036,4768,1400,-1216,968,184,-88,1424,3474,2932,-52
"19","11","    Transportation equipment","XBV370",3540,860,3288,1864,2360,1616,2608,-496,1148,-424,1176,4240,-1232,-2092,444,-2068,-676,-2276,40,-476,1348,376,1736,404,684,868,2544,2520,1280,1348,4112,4060,-420,1300,92,496,576,1792,1176,1556,1108,1136,3348,392,2676,3376,3444,4372,7088,5440,4440,4588,3256,2088,936,3420,4796,1692,1304,-1192,-1440,4624,3676,5424,-7728,688,464,5988,7640,8356,10196,4172,160,3476,3404,-968,3588,296,-908,-2392,692,792,5284,5008,5904,9508,1524,9328,9524,7480,3816,9412,5160,7684,6008,7004,-3556,-5828,-2272,-5188,-8328,-10280,-7152,-6256,1200,1208,-452,-3580,-468,3904,-3452,436,-3868,-3016,-1540,-1964,3348,452,1496,5192,3067,-288,164,1093
"20","12","      Motor vehicles","XBV3710",16,-1144,1376,-56,656,188,1240,-616,172,-320,336,588,-244,-864,712,892,-324,920,-612,44,876,-124,1112,160,140,1340,1636,1068,-48,-36,1944,2044,-1596,-120,-736,4,1304,1896,1000,2564,960,1828,1644,512,504,1072,1776,608,4712,-196,416,-2420,-1684,-1596,-1916,1028,-12,-992,20,-1940,-1272,-496,-784,-1116,16,1384,1412,3008,2148,1240,1684,668,-288,280,400,-552,-628,-1216,-1232,800,360,16,460,992,188,424,-160,964,1852,-16,348,-1512,-676,1088,348,3116,-504,-1772,-212,1036,-416,284,1968,-2352,924,916,788,1152,492,1920,1300,2192,932,712,-1088,1432,1728,-2320,568,80,1101,3,1507,-1963
"21","13","      Other","XBV37X0",3524,2004,1912,1920,1704,1428,1368,120,976,-104,840,3652,-988,-1228,-268,-2960,-352,-3196,652,-520,472,500,624,244,544,-472,908,1452,1328,1384,2168,2016,1176,1420,828,492,-728,-104,176,-1008,148,-692,1704,-120,2172,2304,1668,3764,2376,5636,4024,7008,4940,3684,2852,2392,4808,2684,1284,748,-168,5120,4460,6540,-7744,-696,-948,2980,5492,7116,8512,3504,448,3196,3004,-416,4216,1512,324,-3192,332,776,4824,4016,5716,9084,1684,8364,7672,7496,3468,10924,5836,6596,5660,3888,-3052,-4056,-2060,-6224,-7912,-10564,-9120,-3904,276,292,-1240,-4732,-960,1984,-4752,-1756,-4800,-3728,-452,-3396,1620,2772,928,5112,1966,-291,-1343,3056
"22","14","    Instruments","XBV380",136,104,216,168,16,12,96,356,420,272,72,76,528,428,100,-204,-60,-20,148,344,340,-24,320,120,224,500,748,1076,996,1388,1020,780,-212,-368,112,212,132,632,612,1004,216,300,988,496,1060,668,908,1024,1560,1160,564,584,2288,992,260,1056,700,724,516,428,-4,392,192,-1084,-2084,1320,1716,2072,2072,3820,3080,3252,2584,1900,1172,536,-456,1408,1528,604,-756,1728,2012,1664,-620,-888,840,6904,5044,2684,400,-3628,2812,-1056,-184,-1572,-2144,112,-1060,148,-1636,-948,-424,-1144,-1088,-1324,-1328,-1992,-1140,564,-336,36,660,2108,2040,3032,1368,-464,1656,-1424,234,959,1279,1294
"23","15","    Miscellaneous manufacturing","XBV390",92,-12,80,172,28,140,172,212,236,176,336,60,168,152,168,164,160,268,128,72,-108,520,-48,252,356,36,208,752,980,692,836,456,-552,-532,-544,152,184,436,464,272,676,284,48,212,72,448,660,536,520,192,88,256,908,636,-112,-176,184,-332,352,536,720,464,-48,-1356,-588,-124,200,-48,132,928,896,756,428,-456,24,-220,-756,-388,412,912,440,524,-96,136,332,532,480,760,60,212,176,-172,832,16,296,-188,-484,-744,208,728,400,648,-100,-416,8,1188,-200,784,68,-1172,784,-324,-916,364,-760,76,288,168,888,240,3,-176,25,871
"24","16","  Nondurable goods","XBVMN0",2804,1360,1012,1272,1340,2172,2580,2136,1540,1628,2732,1012,1728,2160,164,1692,1300,1912,876,2084,1268,2688,2120,756,5168,6392,2608,7372,11496,14188,13528,13088,-1188,-5592,2884,8120,5040,7260,6376,3660,4316,7408,4144,3208,2544,5096,4288,7212,3884,7740,11944,7504,18100,11104,2028,4240,13072,5872,3356,3032,708,-11376,-276,-2824,-9652,1916,12480,2500,11080,15540,7340,-8028,-7092,-2416,-6616,5088,-13136,-5328,-8112,3800,6124,4504,6612,9052,9900,11768,6996,9344,8788,12748,4132,1096,9356,1340,17416,3912,-2136,-5708,-1384,4832,-624,3280,9432,760,1852,5064,-2192,-4372,2444,4388,7444,10912,21300,16224,6896,420,1244,-5816,1548,4720,1112,4766,4873,9083
"25","17","    Food and kindred products","XBV200",744,304,200,796,380,516,1108,136,-136,1068,640,-304,968,448,-632,896,328,984,112,756,220,1472,568,-424,2276,2972,392,2704,4240,3328,1868,3208,-2844,-2860,1940,3060,320,2600,1852,488,2456,2080,-624,-1624,1432,2164,912,2356,2388,2584,1480,1036,1216,824,4136,1160,384,52,36,-1848,-1336,-1536,1508,228,-300,-1356,3936,28,2928,1128,-1088,-512,-300,-304,-604,712,-496,160,-688,412,796,2796,-116,556,1628,3836,176,3624,404,1656,1692,1472,1296,1376,2996,-640,484,-816,932,788,912,1004,1192,268,-148,1864,-2184,1032,928,1412,2216,-64,3264,420,2512,2504,1236,944,1620,784,-600,1561,1297,3118
"26","18","    Tobacco products","XBV210",168,64,76,-8,-36,96,-300,20,-32,4,132,-204,-236,-60,-72,-180,48,-8,-112,296,120,124,436,420,-220,308,68,156,516,308,540,1164,364,384,-128,504,500,-8,340,-308,40,144,200,4,-256,80,-240,744,-68,284,-44,-788,240,332,552,-232,820,-488,1432,1260,1836,2484,296,516,-1360,1768,320,-1276,-1104,-240,952,-128,-624,-1108,-432,-184,-216,-1088,-444,640,48,724,-808,-560,112,-236,-16,-208,-568,768,496,340,924,-72,356,340,852,472,204,4,376,-104,796,400,456,560,-460,-1740,-592,-164,-1144,-196,-616,-188,1584,-632,-208,-376,416,792,96,618,215,-96
"27","19","    Textile mill products","XBV220",204,80,148,76,664,296,240,440,68,44,132,-28,-68,60,20,12,220,112,304,108,408,380,-204,176,852,504,232,528,848,588,648,-292,-1492,-624,372,776,648,548,420,96,684,740,-40,240,276,112,716,-44,236,-204,332,480,1188,192,-536,1132,716,356,-4,-84,-744,-936,-280,-148,-92,1044,1272,744,852,928,252,-736,-712,-988,-220,128,-208,460,-672,396,1432,-68,932,564,480,804,-408,748,-592,1004,428,360,616,-204,200,-652,-756,-560,560,-260,196,396,664,-408,268,544,428,856,1032,128,136,804,892,848,244,44,-788,-716,0,56,173,382,97,-129
"28","20","    Apparel products","XBV230",280,-92,352,-224,144,592,176,620,216,-164,232,292,-504,484,156,-68,468,172,184,140,312,104,260,328,1104,300,280,532,-532,28,612,308,-1388,-596,552,1292,1844,1568,-136,-424,-228,516,312,1044,384,448,676,532,924,-436,436,-916,980,960,-128,220,424,368,144,1752,-540,-456,-408,-152,-808,572,1300,1160,1780,1580,384,-380,-1112,448,-324,672,508,-364,104,-264,388,-244,440,1624,1156,1596,-332,-900,-1628,-268,1012,280,1260,-580,-104,-684,-1412,64,368,2172,1140,184,-44,420,1644,1288,1048,-28,-516,756,836,800,2356,-80,-508,-1004,-1640,-2012,-1236,-1188,402,1273,505,-81
"29","21","    Paper and allied products","XBV260",256,104,-24,-76,104,168,-24,48,-64,-48,188,296,508,348,228,276,-28,100,136,176,0,12,232,24,244,468,164,800,760,1744,1864,1604,640,-672,84,44,444,636,376,280,280,412,556,196,120,612,464,332,328,992,556,1348,1772,1504,112,96,1272,344,904,656,828,-296,-32,-704,-748,336,456,1028,980,1808,1676,660,328,-960,-668,336,-156,376,476,320,1768,456,516,908,412,1176,1888,1804,44,2040,1440,32,192,488,-200,344,1036,-1236,-784,1484,376,276,728,-612,232,-76,-164,-184,60,732,468,720,3588,4656,2352,984,-408,-2992,-428,-1316,36,-1603,922,1338
"30","22","    Printing and publish","XBV270",240,320,32,136,-176,120,372,300,384,12,476,-80,212,-160,-20,-116,16,96,100,48,212,-92,116,136,172,572,288,516,372,724,1004,824,680,-456,-36,176,-436,536,760,716,196,-56,224,668,268,644,-72,556,820,552,712,640,1004,608,24,-76,544,636,784,76,136,140,-516,-184,-856,528,668,1528,956,1660,1636,416,560,-172,336,-176,-388,400,280,764,848,88,372,1184,1092,1932,1524,544,700,956,-44,40,320,708,704,484,1376,-1288,-1448,12,-524,-520,1552,-748,-584,588,-4,-900,-148,-276,892,2140,4268,2168,452,-1128,-1024,-620,-2192,1304,-31,1454,89,1595
"31","23","    Chemical and allied products","XBV280",604,364,140,296,96,-48,476,424,936,564,564,496,208,1004,632,508,288,292,-52,224,-20,296,308,140,172,628,448,672,2816,3708,4604,5148,1508,312,-636,912,1112,1096,2008,856,-156,1628,2272,1628,680,920,1236,1068,-484,1044,3056,2604,5856,3128,-1612,1828,2696,3344,1648,1768,-44,-2096,-1516,-2340,-2336,148,2084,1700,2124,5452,3424,-2732,-2028,1772,524,-1844,-1744,-416,-2080,1924,-1392,-416,2044,3084,3940,1036,3932,3860,4736,3384,1200,-1504,512,2296,2332,3992,2060,-1224,-580,1764,-216,-32,3172,1692,416,384,656,-1340,508,76,1148,3196,2500,6452,3000,-484,1148,456,996,2160,167,1628,2064,3563
"32","24","    Petroleum products","XBV290",148,256,168,100,92,124,216,-92,-60,-112,40,360,296,132,-224,120,4,148,288,-36,-308,-84,156,-284,-64,148,204,1108,1720,2628,1392,376,1492,-616,404,760,140,12,304,752,456,1320,700,496,-916,-500,-68,852,-860,1756,4288,3436,4884,3864,844,-684,5264,948,-3048,-432,2052,-8740,1504,132,-2456,-2316,1648,-3136,1148,1156,-356,-3848,-2580,-1196,-5952,5104,-11152,-3588,-4476,-572,1832,188,1916,676,-148,168,-2216,-884,3864,3428,-2008,796,4536,-3576,9736,-196,-5492,-100,260,-1872,-1616,1376,276,-1668,140,-720,-1888,-1924,432,1272,272,1208,1528,364,-2012,840,2620,-68,1244,1072,352,-1802,-81,-531
"33","25","    Rubber and plastic products","XBV300",192,24,-76,128,8,300,144,256,92,180,460,88,344,-20,200,148,-28,68,-108,360,244,272,208,252,276,508,512,316,752,1132,944,744,4,-224,156,348,388,112,404,1036,636,468,628,316,308,492,452,668,400,924,1044,-240,780,-500,-996,776,880,432,964,-324,-980,-272,-820,-64,-772,956,708,588,1300,1904,432,-592,-112,252,560,120,468,-868,-652,252,284,896,1380,656,912,1712,1692,1012,1904,-200,-8,-904,-232,668,1244,1412,12,-620,-564,508,-1188,492,1124,1164,-392,892,452,60,580,348,2372,2200,3272,1432,-492,-420,276,-232,992,928,572,949,-124,289
"34","26","    Leather and leather products","XBV310",-32,-64,-4,48,64,8,172,-16,136,80,-132,96,0,-76,-124,96,-16,-52,24,12,80,204,40,-12,356,-16,20,40,4,0,52,4,-152,-240,176,248,80,160,48,168,-48,156,-84,240,248,124,212,148,200,244,84,-96,180,192,-368,20,72,-120,496,208,-500,332,-12,-108,76,236,88,136,116,164,28,-176,-512,-160,164,220,248,-400,40,-72,120,84,-64,360,316,-256,756,-256,-76,-20,-76,184,-68,236,152,-488,-296,-400,-332,232,-80,208,-28,252,-180,-260,-76,-204,160,104,248,104,248,152,-236,-284,32,-200,136,128,-54,305,-112,18
"35",NA,"  By stage of fabrication:"," ",NA,NA,NA,NA,NA,NA,NA,NA,NA,NA,NA,NA,NA,NA,NA,NA,NA,NA,NA,NA,NA,NA,NA,NA,NA,NA,NA,NA,NA,NA,NA,NA,NA,NA,NA,NA,NA,NA,NA,NA,NA,NA,NA,NA,NA,NA,NA,NA,NA,NA,NA,NA,NA,NA,NA,NA,NA,NA,NA,NA,NA,NA,NA,NA,NA,NA,NA,NA,NA,NA,NA,NA,NA,NA,NA,NA,NA,NA,NA,NA,NA,NA,NA,NA,NA,NA,NA,NA,NA,NA,NA,NA,NA,NA,NA,NA,NA,NA,NA,NA,NA,NA,NA,NA,NA,NA,NA,NA,NA,NA,NA,NA,NA,NA,NA,NA,NA,NA,NA,NA,NA,NA,NA,NA
"36","27","    Materials and supplies","XBVMM0",2908,-164,1908,1448,1132,2736,2352,-276,1740,492,1644,3156,1316,-1184,1792,1856,280,3576,-32,580,564,784,4352,2864,6416,7976,8900,11468,10764,16748,17940,13852,1364,-7332,-2016,2696,4872,5788,6480,6688,5152,9208,3140,-636,2428,8320,9832,6600,11304,7612,11536,11608,14612,5296,-1268,6252,9080,2440,7220,-1252,-4112,-4076,-7428,-7036,-12940,4632,7180,9092,10648,11432,12836,-5352,-6536,-2580,-9484,736,-10928,-1928,-3488,2324,1436,8024,2820,8532,12436,11720,12144,4452,11180,2356,2928,8,1520,-632,4932,6884,196,-11552,-96,1716,-3788,3820,2456,-4232,2700,6308,2872,4296,-364,8296,11508,13176,14824,14708,8244,4132,1896,-8792,4228,-1560,8105,5634,10875,4240
"37","28","      Durable goods","XBVMDM0",1552,-680,1508,1472,1100,1964,1444,-824,1648,-312,684,3264,680,-984,1860,488,612,2960,-492,-808,-204,-700,3392,1960,2392,4220,5932,8068,5380,10116,11208,9776,3124,-3560,-2568,-1680,3888,2944,3384,4304,2644,5956,2412,-208,1012,6104,8836,3692,8700,5700,6196,8984,7420,1268,-2312,3416,5896,1808,5512,-1932,-5428,-4652,-6040,-5992,-9204,2880,3840,6800,7352,7716,10400,-1144,-4028,-2068,-3648,-668,-7304,304,-1580,232,-4,3668,-1008,6208,6512,6496,8124,3204,9924,124,2664,-1452,-1248,496,100,5168,-428,-9380,-132,-1056,-3244,1884,592,-4624,2452,2500,4076,3532,-88,6016,6848,8096,5324,8164,6560,5596,5148,-4652,4932,-2008,5979,5780,9228,2933
"38","29","      Nondurable goods","XBVMNM0",1356,516,400,-24,32,772,908,548,92,804,960,-108,636,-200,-68,1368,-332,616,460,1388,768,1484,960,904,4024,3756,2968,3400,5384,6632,6732,4076,-1760,-3772,552,4376,984,2844,3096,2384,2508,3252,728,-428,1416,2216,996,2908,2604,1912,5340,2624,7192,4028,1044,2836,3184,632,1708,680,1316,576,-1388,-1044,-3736,1752,3340,2292,3296,3716,2436,-4208,-2508,-512,-5836,1404,-3624,-2232,-1908,2092,1440,4356,3828,2324,5924,5224,4020,1248,1256,2232,264,1460,2768,-1128,4832,1716,624,-2172,36,2772,-544,1936,1864,392,248,3808,-1204,764,-276,2280,4660,5080,9500,6544,1684,-1464,-3252,-4140,-704,448,2126,-146,1646,1307
"39","30","    Work-in-process","XBVMW0",4820,2928,2004,3200,2772,2448,2580,3040,3412,1980,4044,3800,88,524,532,-2580,-896,-2796,1152,-604,2256,1856,2332,3520,6912,5020,6352,7488,8272,9776,9108,6664,628,3012,268,1724,1240,3788,4444,6080,4508,804,8852,6348,8296,8560,6448,11704,8796,15224,11660,12564,11800,6796,2116,6284,9652,1548,5900,-232,-6708,152,-4364,-5316,-10316,1156,3336,7252,11616,18224,11700,8036,-1340,116,2952,-6096,-2180,-3600,-5800,-4724,956,3312,10512,10328,8788,11140,3856,22076,15652,14860,2876,6904,5016,1416,11484,-6368,-8792,-5404,-9176,-11408,-9344,-11424,-7792,-3596,-1352,1988,3276,-4844,6960,5632,5976,1436,6948,-2016,-68,-4128,2904,2580,-1220,6496,-1168,-2085,-443,6751
"40","31","      Durable goods","XBVMDW0",4472,2680,2088,2880,2596,1988,2124,2476,3012,1952,3544,3656,288,-4,668,-3020,-1248,-3364,860,-1036,1364,2084,1948,3220,5880,4424,6060,6440,7172,7716,7668,5372,1096,2464,-1204,656,-448,2572,3640,5468,3392,132,7876,5132,7960,7852,5536,10072,7704,12716,8592,12160,8204,5996,1168,4020,7924,2172,6308,-564,-6076,116,-3608,-2716,-10360,664,732,7508,9404,16028,12236,8892,964,736,2944,-7960,3040,-3200,-4068,-6152,-1460,2380,10384,9292,7524,9248,3680,20396,13196,13516,2760,6532,3808,1796,7692,-6336,-6148,-7500,-10392,-10692,-10360,-12484,-8596,-3496,-1632,2276,3460,-4484,5796,4304,4896,148,4932,-4232,-1196,-4328,1576,1932,-1604,6208,-826,-3682,-3520,4226
"41","32","      Nondurable goods","XBVMNW0",348,248,-84,320,176,460,456,564,400,28,500,144,-200,528,-136,440,352,568,292,432,892,-228,384,300,1032,596,292,1048,1100,2060,1440,1292,-468,548,1472,1068,1688,1216,804,612,1116,672,976,1216,336,708,912,1632,1092,2508,3068,404,3596,800,948,2264,1728,-624,-408,332,-632,36,-756,-2600,44,492,2604,-256,2212,2196,-536,-856,-2304,-620,8,1864,-5220,-400,-1732,1428,2416,932,128,1036,1264,1892,176,1680,2456,1344,116,372,1208,-380,3792,-32,-2644,2096,1216,-716,1016,1060,804,-100,280,-288,-184,-360,1164,1328,1080,1288,2016,2216,1128,200,1328,648,384,288,-341,1596,3077,2525
"42","33","    Finished goods","XBVMF0",2736,2080,1688,1020,852,1064,2496,2312,1940,3480,2204,2228,2976,3920,2620,2100,2220,-320,372,552,896,3020,1344,-1060,436,4148,512,4068,6760,7772,11116,14308,4700,-2128,-16,2088,2844,6128,6704,5036,1856,5800,3416,5832,3916,4824,4380,7452,7592,8060,6352,7220,13224,12036,128,2588,10408,9488,9640,7236,2708,-10136,5084,-7412,-13648,128,5824,1032,6064,15744,12368,1760,-1024,-684,-5852,-1408,-6420,-3544,-4948,784,1972,-1780,3616,10492,6360,6688,8820,14196,8592,13240,8140,-1684,9328,5648,9492,4572,-3568,-8992,-2808,3988,-992,1108,10556,-4996,588,3164,-2660,-4084,5972,3552,-136,11532,18436,15528,8908,6288,3496,-3976,5892,3140,1172,13149,2153,7531
"43","34","      Durable goods","XBVMDF0",1636,1484,992,44,-280,124,1280,1288,892,2684,932,1252,1684,2088,2252,2216,940,-1048,248,288,1288,1588,568,-612,324,2108,1164,1144,1748,2276,5760,6588,3660,240,-876,-588,476,2928,4228,4372,1164,2316,976,3412,3124,2652,2000,4780,7404,4740,2816,2744,5912,5760,92,3448,2248,3624,7584,5216,2684,1852,3216,-8232,-7688,456,-712,568,492,6116,6928,4724,1256,600,-5064,-3228,-2128,-848,-476,504,-296,-996,960,4800,3648,2036,6020,7780,3516,4068,4388,-948,3948,2800,700,2344,-3452,-3360,-172,1212,104,824,3792,-5464,-736,1620,-1856,692,4416,2772,-1840,6988,8652,8064,4824,4604,328,-1652,4024,-844,1844,9833,2004,2281
"44","35","      Nondurable goods","XBVMNF0",1100,596,696,976,1132,940,1216,1024,1048,796,1272,976,1292,1832,368,-116,1280,728,124,264,-392,1432,776,-448,112,2040,-652,2924,5012,5496,5356,7720,1040,-2368,860,2676,2368,3200,2476,664,692,3484,2440,2420,792,2172,2380,2672,188,3320,3536,4476,7312,6276,36,-860,8160,5864,2056,2020,24,-11988,1868,820,-5960,-328,6536,464,5572,9628,5440,-2964,-2280,-1284,-788,1820,-4292,-2696,-4472,280,2268,-784,2656,5692,2712,4652,2800,6416,5076,9172,3752,-736,5380,2848,8792,2228,-116,-5632,-2636,2776,-1096,284,6764,468,1324,1544,-804,-4776,1556,780,1704,4544,9784,7464,4084,1684,3168,-2324,1868,3984,-672,3316,149,5250
"45","36","Wholesale trade","XBVWT0",2356,220,3792,2820,1212,3024,1884,728,3684,3720,3040,2488,3888,3080,4660,4632,1328,4056,2528,4408,1408,4440,5808,4988,8620,7720,6424,9484,15084,12664,12400,17612,-3068,-3580,4988,-520,4376,13448,9892,4452,11752,5636,7424,11880,16904,12304,8424,18692,16344,15848,18280,12840,21216,16728,14076,7780,23348,-1340,3504,10904,-3424,2316,-4300,-7756,-8908,-9360,16020,10136,14236,14004,21728,5020,5952,3656,-1964,6820,3296,5820,10172,-5260,5776,11928,2048,23432,24240,20128,21900,2084,9032,20180,3924,6220,9624,13888,16356,4952,5100,-12316,3672,17940,932,12864,4752,13204,6916,5696,11148,9284,5268,19960,22908,33408,32280,26972,18132,9376,4736,9748,-7812,2348,16047,26254,9855,26764
"46",NA,"  By type of industry:"," ",NA,NA,NA,NA,NA,NA,NA,NA,NA,NA,NA,NA,NA,NA,NA,NA,NA,NA,NA,NA,NA,NA,NA,NA,NA,NA,NA,NA,NA,NA,NA,NA,NA,NA,NA,NA,NA,NA,NA,NA,NA,NA,NA,NA,NA,NA,NA,NA,NA,NA,NA,NA,NA,NA,NA,NA,NA,NA,NA,NA,NA,NA,NA,NA,NA,NA,NA,NA,NA,NA,NA,NA,NA,NA,NA,NA,NA,NA,NA,NA,NA,NA,NA,NA,NA,NA,NA,NA,NA,NA,NA,NA,NA,NA,NA,NA,NA,NA,NA,NA,NA,NA,NA,NA,NA,NA,NA,NA,NA,NA,NA,NA,NA,NA,NA,NA,NA,NA,NA,NA,NA,NA,NA,NA
"47","37","    Durable goods","XBVWTD0",1336,676,1712,2240,968,1888,1340,1216,2500,2604,1924,1800,2352,1172,2844,1876,1376,2436,2660,3196,1136,3396,2432,3440,3368,3928,2708,3996,6780,8144,10652,11344,4184,-1216,-652,2284,3196,7376,6540,3380,5360,5444,6852,7596,12128,9396,6688,11712,11736,7452,10372,6008,10372,11320,4612,10616,10256,9376,3768,9400,3988,5392,-1928,-9668,-10568,-5844,6148,7888,10580,9988,16160,8128,2884,2008,-1892,1748,5724,7728,10604,-6380,2468,7780,-3752,15556,17748,1736,19332,1536,5852,14452,2380,908,5332,6736,7652,-1220,5628,-12712,-2112,11852,-5332,10636,4736,3704,3568,1980,8256,7960,2948,19660,16744,20968,21472,15704,8104,11876,2192,628,7652,-380,10406,23647,2927,13609
"48","38","    Nondurable goods","XBVWTN0",1020,-456,2080,580,244,1136,544,-488,1184,1116,1116,688,1536,1908,1816,2756,-48,1620,-132,1212,272,1044,3376,1548,5252,3792,3716,5488,8304,4520,1748,6268,-7252,-2364,5640,-2804,1180,6072,3352,1072,6392,192,572,4284,4776,2908,1736,6980,4608,8396,7908,6832,10844,5408,9464,-2836,13092,-10716,-264,1504,-7412,-3076,-2372,1912,1660,-3516,9872,2248,3656,4016,5568,-3108,3068,1648,-72,5072,-2428,-1908,-432,1120,3308,4148,5800,7876,6492,18392,2568,548,3180,5728,1544,5312,4292,7152,8704,6172,-528,396,5784,6088,6264,2228,16,9500,3348,3716,2892,1324,2320,300,6164,12440,10808,11268,10028,-2500,2544,9120,-15464,2728,5641,2607,6928,13154
"49",NA,"  By type of wholesaler:"," ",NA,NA,NA,NA,NA,NA,NA,NA,NA,NA,NA,NA,NA,NA,NA,NA,NA,NA,NA,NA,NA,NA,NA,NA,NA,NA,NA,NA,NA,NA,NA,NA,NA,NA,NA,NA,NA,NA,NA,NA,NA,NA,NA,NA,NA,NA,NA,NA,NA,NA,NA,NA,NA,NA,NA,NA,NA,NA,NA,NA,NA,NA,NA,NA,NA,NA,NA,NA,NA,NA,NA,NA,NA,NA,NA,NA,NA,NA,NA,NA,NA,NA,NA,NA,NA,NA,NA,NA,NA,NA,NA,NA,NA,NA,NA,NA,NA,NA,NA,NA,NA,NA,NA,NA,NA,NA,NA,NA,NA,NA,NA,NA,NA,NA,NA,NA,NA,NA,NA,NA,NA,NA,NA,NA
"50","39","    Merchant wholesale","XBV5W0",1372,-320,3360,2244,1032,2316,1548,416,2952,3036,2464,1960,3636,2552,4300,4068,1256,4104,2540,4492,1444,4184,5060,4728,7956,6332,5564,7520,12544,10424,9836,13972,-5088,-2820,4080,-1060,3960,11648,7412,4076,10136,4608,7644,11276,17460,13244,7368,15956,16048,11852,14392,9336,14348,13008,19324,10556,14084,-248,3956,8984,-3840,8304,-5996,-7248,-4312,-7692,12616,10556,13708,10328,18936,5636,6372,4184,1972,7252,7652,7884,12552,-5376,5352,13284,1572,20708,22804,18988,21496,-1216,6084,16580,1892,7720,5940,13040,13004,3952,7172,-8564,2968,18008,2808,11784,1572,15696,7504,6404,11856,9212,3264,19704,20916,29280,27964,22040,16028,6812,1480,10948,-8760,2608,16644,24871,9783,22251
"51","40","      Durable goods","XBV5WD0",688,316,1412,1808,764,1564,1112,1000,1984,2100,1516,1380,2184,1004,2640,1828,1472,2544,2684,3244,1004,3148,2028,3100,3000,2952,1924,3664,5860,7688,8848,9008,2880,-1724,-844,2396,2928,6356,5092,1620,5500,5196,6944,7180,11028,8736,6188,10148,9048,5808,9524,5552,9536,9688,5464,10332,9092,8188,1424,7384,3132,5056,-2616,-7832,-8496,-5840,6232,7716,11088,8316,14240,7100,2388,1716,-448,3400,6020,8660,10588,-6428,2704,8628,-3416,13888,16500,1476,18372,-1176,4932,13416,488,1516,4220,5328,8452,-1448,6068,-10768,-3380,12408,-3780,10860,3116,6292,4524,2524,8144,6524,1132,19752,15148,18140,19152,13044,6384,9796,784,1596,6872,792,10745,22880,3540,10022
"52","41","        Motor vehicles","XBV5010",32,-212,100,172,-184,556,184,580,196,360,212,480,452,96,152,240,796,644,1460,2096,-300,908,884,-240,256,-140,680,428,2596,3024,1636,2324,-516,-1604,-648,544,328,1720,996,-760,352,824,656,1624,1888,1400,484,3584,2056,-1852,1296,712,1132,2540,-392,468,-884,532,-1996,4452,3368,4012,1012,-2312,-1876,-1336,556,-112,1556,-616,7404,504,1644,3068,-1320,1488,1208,3136,3640,624,760,3716,216,2660,2492,-3040,6220,-1040,-484,5332,-3344,-3960,3664,-664,3496,32,3384,-4628,-2272,5956,-3984,152,2312,1416,-964,-3316,1472,1876,-5268,3560,1200,1944,3720,2452,-2064,-1460,-2876,3860,-2728,-128,1674,4202,539,-2751
"53","42","        Furniture and furnishings","XBV5020",-36,0,48,20,56,44,36,120,64,36,112,56,64,72,68,-8,128,112,-76,-60,-8,68,108,308,196,72,292,28,348,164,296,60,-140,-64,16,220,328,316,160,104,48,88,360,336,248,468,72,32,428,276,44,300,192,156,444,252,300,176,284,-576,180,-260,-420,284,192,96,416,8,376,676,-32,580,-48,468,356,568,-488,-744,1324,700,1012,1156,320,-216,904,640,32,-220,96,68,464,-292,-224,744,-364,-164,484,-980,204,112,-124,396,-180,948,152,120,-260,400,88,-140,648,228,784,1596,-776,-260,380,28,112,-156,-827,648,334,145
"54","43","        Lumber and construction","XBV5030",-288,132,164,-48,104,164,296,232,348,16,-52,-12,-160,100,108,20,184,76,304,-32,464,116,40,476,380,720,-244,292,256,440,-344,-384,-276,-36,644,40,260,-52,516,512,712,-440,1004,272,656,828,480,168,324,880,20,8,252,-568,-220,128,280,1216,-580,-884,-288,-740,156,832,604,508,1060,400,544,68,240,456,-60,156,688,-200,1712,1104,-1176,-216,-368,1092,336,412,1020,-452,536,-92,768,108,84,220,60,188,-564,-84,-1284,36,536,336,-52,512,620,580,2248,-640,-176,52,256,964,220,788,304,-1280,312,436,88,556,1616,-580,978,1833,616,-133
"55","44","        Professional and commercial eqipment and supplies","XBV5040",8,16,260,24,52,88,216,104,168,92,48,164,228,240,120,208,108,284,56,296,224,100,212,364,504,12,332,328,244,380,424,204,308,156,168,-8,88,116,408,744,432,388,-240,324,624,380,648,584,200,604,344,-116,508,672,1164,956,620,772,-4,900,308,984,1420,268,732,820,2192,2468,3272,2360,1360,2456,1516,1056,-484,3116,3092,2892,1672,-6208,-272,-132,1576,-1792,1984,-124,3616,-92,2080,984,1016,3092,996,1300,924,912,2228,920,-356,1752,-2672,3264,792,-356,1080,604,1996,768,2220,3004,1908,3912,3528,1652,2232,3464,180,-980,3084,-116,325,7964,2659,1839
"56","45","        Metals and minerals","XBV5050",324,-8,-188,276,388,296,292,-88,-328,108,132,296,224,12,396,432,432,512,-168,-296,88,-16,336,776,-212,220,208,168,220,1640,1888,2960,2596,-1032,-1452,-424,-88,604,840,616,-192,376,1212,348,2264,1124,-468,-460,1036,1236,2300,1212,160,2100,236,1952,2084,1916,2740,660,612,-356,-2504,-1584,-3112,-2636,760,-968,500,1652,-940,-976,-1288,-3304,368,-1088,-1164,-268,-664,268,-400,376,-900,2608,3392,3244,1180,368,580,344,4,-144,-2036,-860,1640,388,-212,-1524,-380,-476,1360,-228,-660,-580,184,1508,676,712,28,2520,1232,1704,1008,-596,-612,-1400,-968,-740,1072,2516,2084,1092,-268,28
"57","46","        Electrical goods","XBV5060",492,-352,56,204,192,8,124,-24,248,452,108,312,-20,188,296,232,-96,324,344,116,404,112,276,144,420,780,-136,872,368,472,420,432,-260,-640,-296,216,412,680,304,292,632,692,868,568,1020,1152,744,1308,980,816,620,164,1244,924,1092,692,1104,1304,816,1784,1588,504,-792,-896,-1048,-228,884,2020,2772,3532,3928,2200,284,604,-544,-1436,416,416,3316,-928,1888,-660,-1796,2640,748,232,1352,1572,2308,1560,1000,12,-52,972,436,108,1152,-908,-1380,2224,-264,1368,832,2320,1436,788,2188,-1084,1644,3500,3884,2880,2972,4616,4052,3688,316,-2448,-2528,716,2506,101,-467,-1597
"58","47","        Hardware and plumbing","XBV5070",44,60,156,80,-24,44,100,276,64,284,44,-8,220,-28,196,48,92,184,136,144,212,420,88,356,288,192,116,420,196,336,624,352,-448,-700,184,380,-56,364,588,96,368,608,236,372,848,464,312,536,676,784,204,516,664,-248,468,892,524,908,-368,20,-524,-484,328,-516,-172,-140,176,732,360,280,1328,692,936,288,-900,-192,704,616,-236,212,-160,-164,328,676,248,644,1484,-84,1116,1384,1180,312,468,1192,-1624,1120,-188,-356,24,576,312,1240,652,-520,580,-444,532,1348,1232,1904,2228,800,1060,-892,420,496,492,196,772,1608,-641,1243,511,213
"59","48","        Machinery, equipment, and supplies","XBV5080",152,436,688,748,160,244,-296,-372,896,460,376,284,796,204,840,440,-168,360,620,476,-16,728,48,668,648,520,180,744,656,792,3140,2804,1964,2480,636,728,1376,1184,832,-212,2788,2204,2148,3296,3032,1960,2860,4024,2344,3348,5044,1220,4728,3372,1520,3932,4156,3328,232,2400,-324,604,412,-5816,-3300,-3252,-1396,3124,-256,1584,-52,-920,-1264,-1560,1916,1288,-332,1188,-152,-476,-560,128,-1608,6760,6020,624,3548,-2324,-3080,4996,-320,492,592,3592,3708,-1992,-120,-5172,-1048,-632,252,896,-1348,1492,-100,820,-956,1212,1956,2680,5724,3032,3420,4768,4004,4828,3556,752,5448,-2504,3177,6996,-2337,9582
"60","49","        Other durable goods","XBV5090",-40,244,128,332,20,120,160,172,328,292,536,-192,380,120,464,216,-4,48,8,504,-64,712,36,248,520,576,496,384,976,440,764,256,-348,-284,-96,700,280,1424,448,228,360,456,700,40,448,960,1056,372,1004,-284,-348,1536,656,740,1152,1060,908,-1964,300,-1372,-1788,792,-2228,1908,-516,328,1584,44,1964,-1220,1004,2108,668,940,-528,-144,872,320,2864,-404,804,3116,-1888,140,-308,-292,404,736,1548,-1360,404,1784,752,-1136,800,-1768,624,1844,1292,2560,1392,3260,96,992,-92,3084,2672,1240,-1024,1760,-1896,2852,2356,728,-1184,4,-384,372,24,-564,1469,-1200,1952,2697
"61","50","      Nondurable goods","XBV5WN0",684,-636,1948,436,268,752,436,-584,968,936,948,580,1452,1548,1660,2240,-216,1560,-144,1248,440,1036,3032,1628,4956,3380,3640,3856,6684,2736,988,4964,-7968,-1096,4924,-3456,1032,5292,2320,2456,4636,-588,700,4096,6432,4508,1180,5808,7000,6044,4868,3784,4812,3320,13860,224,4992,-8436,2532,1600,-6972,3248,-3380,584,4184,-1852,6384,2840,2620,2012,4696,-1464,3984,2468,2420,3852,1632,-776,1964,1052,2648,4656,4988,6820,6304,17512,3124,-40,1152,3164,1404,6204,1720,7712,4552,5400,1104,2204,6348,5600,6588,924,-1544,9404,2980,3880,3712,2688,2132,-48,5768,11140,8812,8996,9644,-2984,696,9352,-15632,1816,5899,1991,6243,12229
"62","51","        Paper products","XBV5110",24,24,-40,104,-20,96,-48,12,20,44,56,52,96,-68,68,8,-20,8,4,-16,80,40,64,96,196,-12,116,160,152,332,124,192,-288,-88,32,168,104,72,96,108,244,192,32,12,88,96,244,252,368,156,352,168,284,100,44,400,344,292,280,172,-172,-108,184,-144,328,232,736,476,228,464,180,136,392,356,164,228,44,-20,20,632,-368,-44,132,656,880,612,776,468,1076,452,228,-96,136,504,792,388,-292,260,636,556,468,656,624,-140,288,664,196,1456,492,132,-244,2048,1808,1384,-132,1532,-264,992,-160,232,615,94,1819,508
"63","52","        Drugs and sundries","XBV5120",-4,-4,44,12,16,72,92,12,32,60,-20,80,96,-60,0,-16,28,12,72,140,-44,76,84,52,60,48,-4,196,392,348,-156,32,-24,12,-48,24,-24,196,60,172,144,128,208,256,112,388,336,-80,368,8,108,-284,28,52,444,360,176,428,360,496,164,672,-308,272,-108,336,716,156,712,-196,300,512,828,436,944,-200,1560,40,308,576,572,504,840,1220,432,844,440,692,-124,788,1376,320,988,184,392,684,596,3108,776,784,1820,800,856,1856,1084,-572,1904,1496,-1680,536,620,1996,760,1176,-856,-2504,604,804,-552,4376,1156,924,3080,1328
"64","53","        Apparel and piece goods","XBV5130",16,-196,80,60,132,256,-28,-68,96,-104,180,136,104,20,100,256,252,556,432,604,-196,68,-12,16,428,108,852,-332,776,296,68,108,-676,-184,44,444,600,68,516,-300,464,260,-292,420,304,988,880,1596,252,628,608,656,920,-984,2076,304,1812,-664,220,-136,-228,908,112,-44,552,-268,-560,1744,488,1204,740,124,660,-996,1164,108,396,1664,1876,-756,812,-16,200,512,-388,2000,-1340,1276,1396,1340,1680,1496,804,1376,-116,-728,-168,-1720,-56,868,3508,228,176,932,-1540,2524,2756,-1468,-1204,-1700,3592,1584,1208,-960,-480,-2272,-568,984,-648,892,2120,1528,-98,2643
"65","54","        Groceries","XBV5140",-8,112,248,0,-64,296,116,100,408,8,28,256,200,104,116,140,-28,304,436,8,332,220,684,260,892,856,672,1532,1332,1112,-1004,1128,-1032,-612,324,760,744,880,920,1016,940,780,672,140,248,1072,776,344,600,332,32,-88,52,260,572,1588,864,-1164,364,-196,-496,840,128,832,292,204,1492,1176,1708,76,2048,-616,1060,1492,192,2096,3236,744,-216,1432,-1212,1468,1636,32,-892,172,2960,-352,1984,408,-1372,4136,724,116,1980,-144,688,1788,-648,1824,384,1848,-508,36,-112,-1996,-716,896,1192,-1040,184,524,-112,764,1736,-1260,1396,-432,28,-1948,-153,495,-448,3223
"66","55","        Farm products","XBV5150",604,-568,1436,-428,280,32,-212,-652,104,288,-212,216,220,1120,856,1124,-688,516,-1672,128,468,212,2372,1072,2684,1212,2076,1356,2856,-2568,956,776,-5044,-56,5244,-5328,-308,4160,-640,48,1960,-2376,-1304,3284,3340,392,-2536,772,1648,3928,1152,-112,120,536,7256,-3464,-1628,-4708,-1324,212,-1312,1500,-1916,3140,2552,-520,6148,-2512,-720,-264,-316,-388,292,-1884,1708,1944,-944,-1116,-3048,-3008,616,2624,-304,1096,3424,11320,188,-4796,-5168,-2516,528,2356,-776,1896,-2196,4012,900,-1420,4768,-2596,960,-2560,-1324,2920,1624,2616,-2108,4180,1396,-1024,-836,4280,1188,1664,8840,-816,-216,3028,-13424,-2352,1084,12,-772,2500
"67","56","        Chemical and allied products","XBV5160",-56,12,76,12,56,-44,48,-48,-4,68,16,36,4,-52,28,28,24,12,-8,40,80,28,-4,48,36,32,48,128,68,276,292,164,32,-104,12,80,176,-44,144,108,120,136,72,32,300,228,164,308,116,208,8,-88,92,40,248,376,-56,28,440,-196,376,380,48,532,-64,500,100,52,356,-104,724,240,100,-568,440,-140,-40,-88,-192,392,32,140,280,248,732,348,-36,716,-908,432,152,-720,568,-116,452,756,-656,-148,596,268,776,352,-640,216,668,456,668,-224,-340,288,712,584,788,732,412,-332,280,-400,392,688,716,288,-436,444
"68","57","        Petroleum products","XBV5170",-192,-44,224,192,-8,148,68,-68,-20,84,20,96,52,108,168,256,160,36,176,-44,-308,28,72,-184,524,380,-388,316,548,2116,-104,2164,-588,-252,-836,16,192,-388,472,-300,764,264,152,352,284,196,652,684,1324,1100,2708,2176,2612,1992,1404,560,4136,-3448,944,-88,-5608,-1108,-1776,-3240,736,-2584,-2076,872,-3020,2016,-308,-3080,1024,1712,-2440,900,-2704,-2356,1160,1644,-904,-652,476,-376,1084,-112,-336,-188,2180,1572,-2160,-892,1212,20,2048,-548,-1644,40,688,1292,-788,604,-540,276,424,252,-316,-2176,1740,820,712,8,692,544,-1072,-516,704,-908,680,1564,-1286,-1176,58,61
"69","58","        Alcoholic beverages","XBV5180",244,4,-60,208,-60,8,216,16,0,20,260,-80,228,144,-128,244,116,60,472,-236,84,124,-156,200,-108,352,-104,128,236,232,180,104,-64,32,156,292,-364,144,148,424,116,548,268,-172,400,200,484,884,944,-232,-680,860,388,-40,700,-168,-524,716,384,316,500,-256,-76,192,-432,200,-388,-96,508,-744,804,140,48,856,0,124,-44,284,-364,240,1552,-732,88,-504,-508,-88,380,336,-156,364,156,428,20,232,144,304,944,-244,-60,396,-1104,144,-84,-132,4,-116,64,580,-372,596,8,188,-196,204,872,-380,316,772,-16,232,-1124,1004,444,1280
"70","59","        Other nondurable goods","XBV5190",56,24,-60,276,-64,-112,184,112,332,468,620,-212,452,232,452,200,-60,56,-56,624,-56,240,-72,68,244,404,372,372,324,592,632,296,-284,156,-4,88,-88,204,604,1180,-116,-520,892,-228,1356,948,180,1048,1380,-84,580,496,316,1364,1116,268,-132,84,864,1020,-196,420,224,-956,328,48,216,972,2360,-440,524,1468,-420,1064,248,-1208,128,72,2420,-100,1548,1364,1640,3936,1540,2416,92,1808,872,324,816,-824,-1956,3500,1056,676,736,540,-352,2208,564,-1148,-104,3440,540,52,1264,-2052,908,1344,1020,-72,2676,3488,324,3564,-1556,4512,-1932,-1868,2771,-1179,2596,241
"71","60","    Nonmerchant wholesale","XBV5N0",984,540,432,576,180,708,336,312,732,684,576,528,252,528,360,564,72,-48,-12,-84,-36,256,748,260,664,1388,860,1964,2540,2240,2564,3640,2020,-760,908,540,416,1800,2480,376,1616,1028,-220,604,-556,-940,1056,2736,296,3996,3888,3504,6868,3720,-5248,-2776,9264,-1092,-452,1920,416,-5988,1696,-508,-4596,-1668,3404,-420,528,3676,2792,-616,-420,-528,-3936,-432,-4356,-2064,-2380,116,424,-1356,476,2724,1436,1140,404,3300,2948,3600,2032,-1500,3684,848,3352,1000,-2072,-3752,704,-68,-1876,1080,3180,-2492,-588,-708,-708,72,2004,256,1992,4128,4316,4932,2104,2564,3256,-1200,948,-260,-597,1383,73,4513
"72","61","      Durable goods","XBV5ND0",648,360,300,432,204,324,228,216,516,504,408,420,168,168,204,48,-96,-108,-24,-48,132,248,404,340,368,976,784,332,920,456,1804,2336,1304,508,192,-112,268,1020,1448,1760,-140,248,-92,416,1100,660,500,1564,2688,1644,848,456,836,1632,-852,284,1164,1188,2344,2016,856,336,688,-1836,-2072,-4,-84,172,-508,1672,1920,1028,496,292,-1444,-1652,-296,-932,16,48,-236,-848,-336,1668,1248,260,960,2712,920,1036,1892,-608,1112,1408,-800,228,-440,-1944,1268,-556,-1552,-224,1620,-2588,-956,-544,112,1436,1816,-92,1596,2828,2320,2660,1720,2080,1408,-968,780,-1172,-338,767,-613,3587
"73","62","      Nondurable goods","XBV5NN0",336,180,132,144,-24,384,108,96,216,180,168,108,84,360,156,516,168,60,12,-36,-168,8,344,-80,296,412,76,1632,1620,1784,760,1304,716,-1268,716,652,148,780,1032,-1384,1756,780,-128,188,-1656,-1600,556,1172,-2392,2352,3040,3048,6032,2088,-4396,-3060,8100,-2280,-2796,-96,-440,-6324,1008,1328,-2524,-1664,3488,-592,1036,2004,872,-1644,-916,-820,-2492,1220,-4060,-1132,-2396,68,660,-508,812,1056,188,880,-556,588,2028,2564,140,-892,2572,-560,4152,772,-1632,-1808,-564,488,-324,1304,1560,96,368,-164,-820,-1364,188,348,396,1300,1996,2272,384,484,1848,-232,168,912,-259,616,685,926
"74","63","Retail trade","XBV5R0",492,-416,-424,2460,3628,3648,632,5992,3196,2368,4568,3776,-296,3040,2860,-912,9896,5068,8168,684,3676,4800,4212,6760,8468,10200,3228,9880,5708,6652,7488,10748,-6260,616,6812,1192,11000,8416,6900,6272,9004,7616,7668,7816,12952,11504,9508,14524,9544,16964,1176,6228,6140,5932,9324,6832,9524,14552,11960,8756,-7776,5188,14892,-5408,4972,15996,13080,16816,32052,14024,2636,28328,6412,9936,10320,30004,18712,4084,-7704,3748,35592,23268,836,26540,-3492,15156,16152,18601,34134,9084,2154,27908,-11526,15799,9005,-1244,-17910,5492,15573,10148,-1147,16038,6533,13539,40266,12005,2496,12671,17248,34021,19521,23383,26315,22658,8152,6376,-11464,18000,25374,8517,-186,17610,11697,10924
"75","64","  Durable goods","XBV5RD0",-1100,-1188,-416,1492,2072,3024,-632,4744,1552,-128,2660,2100,-992,1452,1264,-3140,7120,3672,6000,-2160,2012,1968,1960,4192,4364,6616,2412,3104,2336,2484,2972,9884,-5188,2336,5500,-408,5540,4824,6488,4552,5664,4044,5720,5144,7536,4300,4752,10676,7912,11396,-3596,-320,-524,-1784,748,4876,2560,11188,3480,3408,-6728,2160,13224,-7732,3380,7988,7224,11124,16484,5408,-2572,21496,4864,6440,2544,24172,16156,3556,-13864,1976,30316,15704,-2964,21216,-10272,11640,10724,17133,23846,-4324,-3814,21296,-15370,11555,6453,-2956,-20114,2824,10681,-2048,-571,10058,89,6767,26814,10477,-1168,11063,17224,17161,15053,18475,19899,15650,5508,6796,-11476,15628,17826,761,2400,10425,6866,7266
"76","65","    Automotives","XBV550",-940,-1828,-932,1276,1576,1880,-1428,3736,652,-404,1780,1544,-1172,1300,896,-4000,6000,2864,4768,-3276,360,224,0,1424,2936,3536,1272,2156,-152,144,1756,7752,-4832,1876,4252,-2404,3788,2036,3988,2196,4152,2740,3164,4032,3716,232,1428,8012,5820,9132,-6028,-1932,-3544,-5304,-1572,2944,-3068,10384,1524,1040,-3200,2052,11280,-8932,772,4264,5196,8140,11632,516,-3568,16420,1880,4768,-1388,23216,10228,2160,-18724,5500,29192,7524,-4688,14412,-15160,8744,5352,13485,20854,-8200,-9786,19220,-19510,8515,7517,-200,-16710,2060,7693,-2576,921,7474,729,4399,22546,6441,-6076,-209,12452,7441,9737,12443,16743,9622,-3828,8008,-14580,14020,15486,-707,636,6031,3163,6310
"77","66","    Lumber and building","XBV520",-204,256,272,76,20,84,260,192,260,16,-160,-72,-468,-48,292,496,808,560,504,816,436,320,648,800,1516,1440,1008,-1784,2244,-28,-500,-640,-428,696,264,788,840,528,1660,888,964,576,1276,1044,932,1328,308,868,304,1024,816,140,688,-84,1036,732,1364,748,72,-240,-1376,384,-384,1424,1548,956,1736,1436,1452,1472,616,804,56,132,2444,344,1116,-220,2116,-1736,656,2588,-524,524,1620,-400,1316,2576,1284,828,924,864,292,1196,-1084,-680,-1572,-648,444,700,1068,808,1004,-856,2252,704,776,2744,2820,2632,1348,2492,536,1088,3616,300,672,1808,-500,2180,477,1568,1752,510
"78","67","    Furniture and furnishings","XBV570",-156,336,168,84,364,332,136,176,256,-160,440,392,44,200,208,188,212,196,228,232,984,704,760,896,400,752,4,432,744,740,764,372,-1044,104,796,1280,-24,568,548,532,688,144,-40,796,1136,1328,1452,1068,1304,564,1452,-176,604,1312,132,-116,1728,16,-92,708,-1088,-8,1032,-256,2500,1024,1696,772,840,2688,-284,1672,1864,1332,508,1732,724,1128,460,104,-1456,1304,1764,1220,1984,1564,2372,-760,1216,1036,992,764,1784,384,692,-2140,-80,1820,-152,-548,116,-128,-968,2340,120,2812,2460,3796,-720,5120,3232,3000,696,2084,2452,-144,1020,824,1384,-2432,94,291,-392,-128
"79","68","    Other durable goods","XBV59X0",200,48,76,56,112,728,400,640,384,420,600,236,604,0,-132,176,100,52,500,68,232,720,552,1072,-488,888,128,2300,-500,1628,952,2400,1116,-340,188,-72,936,1692,292,936,-140,584,1320,-728,1752,1412,1564,728,484,676,164,1648,1728,2292,1152,1316,2536,40,1976,1900,-1064,-268,1296,32,-1440,1744,-1404,776,2560,732,664,2600,1064,208,980,-1120,4088,488,2284,-1892,1924,4288,484,5060,1284,1732,1684,1832,492,2012,4056,448,2064,1460,-672,64,-1752,-408,2696,376,-2676,1904,-676,884,1896,520,1672,4732,2672,1968,736,540,1924,2856,3268,-1368,1412,-1024,1456,1720,1193,2535,2343,574
"80","69","  Nondurable goods","XBV5RN0",1592,772,-8,968,1556,624,1264,1248,1644,2496,1908,1676,696,1588,1596,2228,2776,1396,2168,2844,1664,2832,2252,2568,4104,3584,816,6776,3372,4168,4516,864,-1072,-1720,1312,1600,5460,3592,412,1720,3340,3572,1948,2672,5416,7204,4756,3848,1632,5568,4772,6548,6664,7716,8576,1956,6964,3364,8480,5348,-1048,3028,1668,2324,1592,8008,5856,5692,15568,8616,5208,6832,1548,3496,7776,5832,2556,528,6160,1772,5276,7564,3800,5324,6780,3516,5428,1468,10288,13408,5968,6612,3844,4244,2552,1712,2204,2668,4892,12196,-576,5980,6444,6772,13452,1528,3664,1608,24,16860,4468,4908,6416,7008,2644,-420,12,2372,7548,7756,-2586,7184,4830,3659
"81","70","    Food stores","XBV540",248,200,188,208,292,164,308,176,568,404,424,252,48,220,128,384,628,580,348,524,316,320,600,304,688,1324,920,996,1732,92,896,1744,-476,-120,880,-180,444,716,432,1016,660,1112,148,624,716,1328,812,488,1460,-112,1872,1404,620,1220,1696,920,2576,-44,2392,184,756,280,-592,1984,144,1256,2756,-96,1048,1876,204,2224,1196,1260,1872,2288,416,-88,1732,-892,672,744,-852,424,2540,1180,2268,1184,1668,2500,1720,2148,844,2332,1740,1408,1444,584,-388,932,-1160,896,352,832,1020,36,192,268,1380,460,1144,212,368,484,1616,688,60,444,1780,1768,6,224,1712,-857
"82","71","    Apparel stores","XBV560",124,-52,28,196,100,96,616,72,756,468,272,364,-288,164,-136,232,396,336,284,556,336,412,652,108,536,652,-112,1256,28,212,556,328,40,-184,-124,96,1184,756,464,-420,1192,1280,516,1688,624,2092,1784,664,260,1084,-256,1152,-108,764,1628,324,216,1280,1644,1720,220,304,288,-412,-796,1524,1428,1684,3624,772,-532,204,-420,128,1656,2236,300,232,-412,900,2728,692,776,4,216,580,1724,56,2856,1572,624,-296,836,1580,-760,-680,92,732,432,916,1000,864,1900,3568,948,388,732,-1324,-1144,2388,1140,940,1264,-312,-832,-2228,-216,-1936,280,2432,-1382,2599,1356,1064
"83","72","    Department stores","XBV5310",484,280,464,160,508,124,-288,984,-20,556,340,336,452,508,1068,576,756,296,668,840,544,972,4,776,924,36,-208,1796,1200,1656,656,-1580,-972,-260,1132,744,2180,956,-300,1008,48,220,-64,28,1388,1784,100,-132,572,984,940,1792,2528,2836,2628,2004,1612,2924,3420,1016,-240,328,388,936,1228,2764,796,948,6740,4692,3524,1760,-1776,-1428,988,1496,772,864,1220,492,748,2804,2968,940,3720,-544,592,1976,2460,5936,2356,3040,544,-1532,-224,412,1192,1100,2636,5236,112,2796,3036,1444,8852,820,1244,704,-2320,9688,456,1904,2256,4044,1344,2652,952,1300,2888,32,-2050,2286,-1414,1654
"84","73","    Other general merchandise","XBV53X0",-84,-264,-64,-32,276,252,268,88,176,408,180,464,-76,-4,312,224,516,456,384,712,336,200,328,344,768,300,-296,1600,-176,600,-36,-920,-460,-792,-476,180,688,280,-396,56,-84,868,388,-40,584,640,1416,880,168,672,140,356,960,-56,60,-900,808,48,280,-8,-436,896,28,336,540,496,436,504,1180,772,1080,1212,-496,1252,852,236,380,-360,736,-60,660,-40,-568,1872,-80,152,-680,-1560,364,-140,464,396,-996,-232,1052,-1096,780,640,236,976,-888,1584,1852,1132,1668,-372,604,524,-508,1488,-860,1200,2192,-460,-1080,256,-1140,-28,456,-948,-725,615,127,-143
"85","74","    Other nondurable goods","XBV5Y0",820,608,-624,436,380,-12,360,-72,164,660,692,260,560,700,224,812,480,-272,484,212,132,928,668,1036,1188,1272,512,1128,588,1608,2444,1292,796,-364,-100,760,964,884,212,60,1524,92,960,372,2104,1360,644,1948,-828,2940,2076,1844,2664,2952,2564,-392,1752,-844,744,2436,-1348,1220,1556,-520,476,1968,440,2652,2976,504,932,1432,3044,2284,2408,-424,688,-120,2884,1332,468,3364,1476,2084,384,2148,1524,-188,2940,3540,804,1324,2616,2096,744,1668,-1304,-388,1976,4136,360,-160,-696,-204,964,656,892,1436,2616,2836,2588,652,336,3252,1596,-1788,356,2592,2144,4472,1566,1461,3049,1941
"86","75","Other","XBVAO0",716,1044,1768,1552,908,184,848,768,1384,1424,964,1216,1028,748,1120,1720,1044,1660,988,1320,1260,1456,1256,1804,2008,1820,2168,4776,8172,6612,6552,5492,-220,1376,2120,3940,3116,3520,1616,2744,7796,2508,7348,1936,4824,5256,6832,3128,6616,6668,7152,6156,5904,4960,3316,11616,15656,4296,15980,15172,6372,3712,-208,-6168,6084,-2828,-3780,-4332,-648,1084,3212,4256,728,3268,3476,4928,-1408,-3312,-4164,-552,6092,3672,3052,4084,-3132,-2084,-1192,3116,3468,-620,-224,-268,3828,-2436,-716,1004,-5652,2924,1500,2872,1448,3032,3808,5400,-1700,8176,-1104,4648,4444,3832,1860,6236,6672,5080,-568,8356,6320,2448,1944,10588,4560,4524,6384,5457
"87","76","  Durable goods","XBVAOD0",-148,144,364,424,-108,-76,104,188,156,140,164,0,44,-172,56,304,220,336,200,184,600,304,248,564,1128,8,660,788,680,232,988,64,-492,-184,576,456,788,36,-268,536,172,1252,600,-384,1472,1528,968,-12,1168,800,420,-936,132,-2052,544,2096,1128,344,316,-288,1124,760,-24,1008,844,-160,540,-2376,2628,284,-792,-1188,88,-652,-1040,452,-704,-604,-1020,-200,12,484,700,784,-48,-636,-592,1344,528,320,300,1020,1320,-8,-340,-1060,-2280,-300,1512,-84,2684,352,-1224,712,-736,496,632,2428,1876,216,956,396,1136,-692,136,-16,1668,-896,1128,244,1120,1240,1048,436
"88","77","  Nondurable goods","XBVAON0",864,900,1404,1128,1016,260,744,580,1228,1284,800,1216,984,920,1064,1416,824,1324,788,1136,660,1152,1008,1240,880,1812,1508,3988,7492,6380,5564,5428,272,1560,1544,3484,2328,3484,1884,2208,7624,1256,6748,2320,3352,3728,5864,3140,5448,5868,6732,7092,5772,7012,2772,9520,14528,3952,15664,15460,5248,2952,-184,-7176,5240,-2668,-4320,-1956,-3276,800,4004,5444,640,3920,4516,4476,-704,-2708,-3144,-352,6080,3188,2352,3300,-3084,-1448,-600,1772,2940,-940,-524,-1288,2508,-2428,-376,2064,-3372,3224,-12,2956,-1236,2680,5032,4688,-964,7680,-1736,2220,2568,3616,904,5840,5536,5772,-704,8372,4652,3344,816,10344,3440,3284,5336,5021
