"","Table 2#3#4U# Price Indexes for Personal Consumption Expenditure","F2","F3","F4","F5","F6","F7","F8","F9","F10","F11","F12","F13","F14","F15","F16","F17","F18","F19","F20","F21","F22","F23","F24","F25","F26","F27","F28","F29","F30","F31","F32","F33","F34","F35","F36","F37","F38","F39","F40","F41","F42","F43","F44","F45","F46","F47","F48","F49","F50","F51","F52","F53","F54","F55","F56","F57","F58","F59","F60","F61","F62","F63","F64","F65","F66","F67","F68","F69","F70","F71","F72","F73","F74","F75","F76","F77","F78","F79","F80","F81","F82","F83","F84","F85","F86","F87","F88","F89","F90","F91","F92","F93","F94","F95","F96","F97","F98","F99","F100","F101","F102","F103","F104","F105","F106","F107","F108","F109","F110","F111","F112","F113","F114","F115","F116","F117","F118","F119","F120","F121","F122","F123","F124","F125","F126","F127","F128","F129","F130","F131","F132","F133","F134","F135","F136","F137","F138","F139","F140","F141","F142","F143","F144","F145","F146","F147","F148","F149","F150","F151","F152","F153","F154","F155","F156","F157","F158","F159","F160","F161","F162","F163","F164","F165","F166","F167","F168","F169","F170","F171","F172","F173","F174","F175","F176","F177","F178","F179","F180","F181","F182","F183","F184","F185","F186","F187","F188","F189","F190","F191","F192","F193","F194","F195","F196","F197","F198","F199","F200","F201","F202","F203","F204","F205","F206","F207","F208","F209","F210","F211","F212","F213","F214","F215","F216","F217","F218","F219"
"1","[Index numbers, 2005=100; quarters and months are seasonally adjusted]                                                                                                                                                                                    ",NA,NA,NA,NA,NA,NA,NA,NA,NA,NA,NA,NA,NA,NA,NA,NA,NA,NA,NA,NA,NA,NA,NA,NA,NA,NA,NA,NA,NA,NA,NA,NA,NA,NA,NA,NA,NA,NA,NA,NA,NA,NA,NA,NA,NA,NA,NA,NA,NA,NA,NA,NA,NA,NA,NA,NA,NA,NA,NA,NA,NA,NA,NA,NA,NA,NA,NA,NA,NA,NA,NA,NA,NA,NA,NA,NA,NA,NA,NA,NA,NA,NA,NA,NA,NA,NA,NA,NA,NA,NA,NA,NA,NA,NA,NA,NA,NA,NA,NA,NA,NA,NA,NA,NA,NA,NA,NA,NA,NA,NA,NA,NA,NA,NA,NA,NA,NA,NA,NA,NA,NA,NA,NA,NA,NA,NA,NA,NA,NA,NA,NA,NA,NA,NA,NA,NA,NA,NA,NA,NA,NA,NA,NA,NA,NA,NA,NA,NA,NA,NA,NA,NA,NA,NA,NA,NA,NA,NA,NA,NA,NA,NA,NA,NA,NA,NA,NA,NA,NA,NA,NA,NA,NA,NA,NA,NA,NA,NA,NA,NA,NA,NA,NA,NA,NA,NA,NA,NA,NA,NA,NA,NA,NA,NA,NA,NA,NA,NA,NA,NA,NA,NA,NA,NA,NA,NA,NA,NA,NA,NA,NA,NA,NA,NA,NA,NA,NA,NA
"2","Monthly data from 1959 To 2010",NA,NA,NA,NA,NA,NA,NA,NA,NA,NA,NA,NA,NA,NA,NA,NA,NA,NA,NA,NA,NA,NA,NA,NA,NA,NA,NA,NA,NA,NA,NA,NA,NA,NA,NA,NA,NA,NA,NA,NA,NA,NA,NA,NA,NA,NA,NA,NA,NA,NA,NA,NA,NA,NA,NA,NA,NA,NA,NA,NA,NA,NA,NA,NA,NA,NA,NA,NA,NA,NA,NA,NA,NA,NA,NA,NA,NA,NA,NA,NA,NA,NA,NA,NA,NA,NA,NA,NA,NA,NA,NA,NA,NA,NA,NA,NA,NA,NA,NA,NA,NA,NA,NA,NA,NA,NA,NA,NA,NA,NA,NA,NA,NA,NA,NA,NA,NA,NA,NA,NA,NA,NA,NA,NA,NA,NA,NA,NA,NA,NA,NA,NA,NA,NA,NA,NA,NA,NA,NA,NA,NA,NA,NA,NA,NA,NA,NA,NA,NA,NA,NA,NA,NA,NA,NA,NA,NA,NA,NA,NA,NA,NA,NA,NA,NA,NA,NA,NA,NA,NA,NA,NA,NA,NA,NA,NA,NA,NA,NA,NA,NA,NA,NA,NA,NA,NA,NA,NA,NA,NA,NA,NA,NA,NA,NA,NA,NA,NA,NA,NA,NA,NA,NA,NA,NA,NA,NA,NA,NA,NA,NA,NA,NA,NA,NA,NA,NA,NA
"3","Bureau of Economic Analysis",NA,NA,NA,NA,NA,NA,NA,NA,NA,NA,NA,NA,NA,NA,NA,NA,NA,NA,NA,NA,NA,NA,NA,NA,NA,NA,NA,NA,NA,NA,NA,NA,NA,NA,NA,NA,NA,NA,NA,NA,NA,NA,NA,NA,NA,NA,NA,NA,NA,NA,NA,NA,NA,NA,NA,NA,NA,NA,NA,NA,NA,NA,NA,NA,NA,NA,NA,NA,NA,NA,NA,NA,NA,NA,NA,NA,NA,NA,NA,NA,NA,NA,NA,NA,NA,NA,NA,NA,NA,NA,NA,NA,NA,NA,NA,NA,NA,NA,NA,NA,NA,NA,NA,NA,NA,NA,NA,NA,NA,NA,NA,NA,NA,NA,NA,NA,NA,NA,NA,NA,NA,NA,NA,NA,NA,NA,NA,NA,NA,NA,NA,NA,NA,NA,NA,NA,NA,NA,NA,NA,NA,NA,NA,NA,NA,NA,NA,NA,NA,NA,NA,NA,NA,NA,NA,NA,NA,NA,NA,NA,NA,NA,NA,NA,NA,NA,NA,NA,NA,NA,NA,NA,NA,NA,NA,NA,NA,NA,NA,NA,NA,NA,NA,NA,NA,NA,NA,NA,NA,NA,NA,NA,NA,NA,NA,NA,NA,NA,NA,NA,NA,NA,NA,NA,NA,NA,NA,NA,NA,NA,NA,NA,NA,NA,NA,NA,NA,NA
"4","Data published December 23, 2010 ",NA,NA,NA,NA,NA,NA,NA,NA,NA,NA,NA,NA,NA,NA,NA,NA,NA,NA,NA,NA,NA,NA,NA,NA,NA,NA,NA,NA,NA,NA,NA,NA,NA,NA,NA,NA,NA,NA,NA,NA,NA,NA,NA,NA,NA,NA,NA,NA,NA,NA,NA,NA,NA,NA,NA,NA,NA,NA,NA,NA,NA,NA,NA,NA,NA,NA,NA,NA,NA,NA,NA,NA,NA,NA,NA,NA,NA,NA,NA,NA,NA,NA,NA,NA,NA,NA,NA,NA,NA,NA,NA,NA,NA,NA,NA,NA,NA,NA,NA,NA,NA,NA,NA,NA,NA,NA,NA,NA,NA,NA,NA,NA,NA,NA,NA,NA,NA,NA,NA,NA,NA,NA,NA,NA,NA,NA,NA,NA,NA,NA,NA,NA,NA,NA,NA,NA,NA,NA,NA,NA,NA,NA,NA,NA,NA,NA,NA,NA,NA,NA,NA,NA,NA,NA,NA,NA,NA,NA,NA,NA,NA,NA,NA,NA,NA,NA,NA,NA,NA,NA,NA,NA,NA,NA,NA,NA,NA,NA,NA,NA,NA,NA,NA,NA,NA,NA,NA,NA,NA,NA,NA,NA,NA,NA,NA,NA,NA,NA,NA,NA,NA,NA,NA,NA,NA,NA,NA,NA,NA,NA,NA,NA,NA,NA,NA,NA,NA,NA
"5","File created 12/22/2010 10:07:30 AM",NA,NA,NA,NA,NA,NA,NA,NA,NA,NA,NA,NA,NA,NA,NA,NA,NA,NA,NA,NA,NA,NA,NA,NA,NA,NA,NA,NA,NA,NA,NA,NA,NA,NA,NA,NA,NA,NA,NA,NA,NA,NA,NA,NA,NA,NA,NA,NA,NA,NA,NA,NA,NA,NA,NA,NA,NA,NA,NA,NA,NA,NA,NA,NA,NA,NA,NA,NA,NA,NA,NA,NA,NA,NA,NA,NA,NA,NA,NA,NA,NA,NA,NA,NA,NA,NA,NA,NA,NA,NA,NA,NA,NA,NA,NA,NA,NA,NA,NA,NA,NA,NA,NA,NA,NA,NA,NA,NA,NA,NA,NA,NA,NA,NA,NA,NA,NA,NA,NA,NA,NA,NA,NA,NA,NA,NA,NA,NA,NA,NA,NA,NA,NA,NA,NA,NA,NA,NA,NA,NA,NA,NA,NA,NA,NA,NA,NA,NA,NA,NA,NA,NA,NA,NA,NA,NA,NA,NA,NA,NA,NA,NA,NA,NA,NA,NA,NA,NA,NA,NA,NA,NA,NA,NA,NA,NA,NA,NA,NA,NA,NA,NA,NA,NA,NA,NA,NA,NA,NA,NA,NA,NA,NA,NA,NA,NA,NA,NA,NA,NA,NA,NA,NA,NA,NA,NA,NA,NA,NA,NA,NA,NA,NA,NA,NA,NA,NA,NA
"6",NA,NA,NA,NA,NA,NA,NA,NA,NA,NA,NA,NA,NA,NA,NA,NA,NA,NA,NA,NA,NA,NA,NA,NA,NA,NA,NA,NA,NA,NA,NA,NA,NA,NA,NA,NA,NA,NA,NA,NA,NA,NA,NA,NA,NA,NA,NA,NA,NA,NA,NA,NA,NA,NA,NA,NA,NA,NA,NA,NA,NA,NA,NA,NA,NA,NA,NA,NA,NA,NA,NA,NA,NA,NA,NA,NA,NA,NA,NA,NA,NA,NA,NA,NA,NA,NA,NA,NA,NA,NA,NA,NA,NA,NA,NA,NA,NA,NA,NA,NA,NA,NA,NA,NA,NA,NA,NA,NA,NA,NA,NA,NA,NA,NA,NA,NA,NA,NA,NA,NA,NA,NA,NA,NA,NA,NA,NA,NA,NA,NA,NA,NA,NA,NA,NA,NA,NA,NA,NA,NA,NA,NA,NA,NA,NA,NA,NA,NA,NA,NA,NA,NA,NA,NA,NA,NA,NA,NA,NA,NA,NA,NA,NA,NA,NA,NA,NA,NA,NA,NA,NA,NA,NA,NA,NA,NA,NA,NA,NA,NA,NA,NA,NA,NA,NA,NA,NA,NA,NA,NA,NA,NA,NA,NA,NA,NA,NA,NA,NA,NA,NA,NA,NA,NA,NA,NA,NA,NA,NA,NA,NA,NA,NA,NA,NA,NA,NA,NA,NA
"7","Line",NA,NA,1959,1959,1959,1959,1959,1959,1959,1959,1959,1959,1959,1959,1960,1960,1960,1960,1960,1960,1960,1960,1960,1960,1960,1960,1961,1961,1961,1961,1961,1961,1961,1961,1961,1961,1961,1961,1962,1962,1962,1962,1962,1962,1962,1962,1962,1962,1962,1962,1963,1963,1963,1963,1963,1963,1963,1963,1963,1963,1963,1963,1964,1964,1964,1964,1964,1964,1964,1964,1964,1964,1964,1964,1965,1965,1965,1965,1965,1965,1965,1965,1965,1965,1965,1965,1966,1966,1966,1966,1966,1966,1966,1966,1966,1966,1966,1966,1967,1967,1967,1967,1967,1967,1967,1967,1967,1967,1967,1967,1968,1968,1968,1968,1968,1968,1968,1968,1968,1968,1968,1968,1969,1969,1969,1969,1969,1969,1969,1969,1969,1969,1969,1969,1970,1970,1970,1970,1970,1970,1970,1970,1970,1970,1970,1970,1971,1971,1971,1971,1971,1971,1971,1971,1971,1971,1971,1971,1972,1972,1972,1972,1972,1972,1972,1972,1972,1972,1972,1972,1973,1973,1973,1973,1973,1973,1973,1973,1973,1973,1973,1973,1974,1974,1974,1974,1974,1974,1974,1974,1974,1974,1974,1974,1975,1975,1975,1975,1975,1975,1975,1975,1975,1975,1975,1975,1976,1976,1976,1976,1976,1976,1976,1976,1976,1976,1976,1976
"8",NA,NA,NA,1,2,3,4,5,6,7,8,9,10,11,12,1,2,3,4,5,6,7,8,9,10,11,12,1,2,3,4,5,6,7,8,9,10,11,12,1,2,3,4,5,6,7,8,9,10,11,12,1,2,3,4,5,6,7,8,9,10,11,12,1,2,3,4,5,6,7,8,9,10,11,12,1,2,3,4,5,6,7,8,9,10,11,12,1,2,3,4,5,6,7,8,9,10,11,12,1,2,3,4,5,6,7,8,9,10,11,12,1,2,3,4,5,6,7,8,9,10,11,12,1,2,3,4,5,6,7,8,9,10,11,12,1,2,3,4,5,6,7,8,9,10,11,12,1,2,3,4,5,6,7,8,9,10,11,12,1,2,3,4,5,6,7,8,9,10,11,12,1,2,3,4,5,6,7,8,9,10,11,12,1,2,3,4,5,6,7,8,9,10,11,12,1,2,3,4,5,6,7,8,9,10,11,12,1,2,3,4,5,6,7,8,9,10,11,12
"9",NA,"Personal consumption expenditures by major type of product (From NIPA table 2.3.4):"," ",NA,NA,NA,NA,NA,NA,NA,NA,NA,NA,NA,NA,NA,NA,NA,NA,NA,NA,NA,NA,NA,NA,NA,NA,NA,NA,NA,NA,NA,NA,NA,NA,NA,NA,NA,NA,NA,NA,NA,NA,NA,NA,NA,NA,NA,NA,NA,NA,NA,NA,NA,NA,NA,NA,NA,NA,NA,NA,NA,NA,NA,NA,NA,NA,NA,NA,NA,NA,NA,NA,NA,NA,NA,NA,NA,NA,NA,NA,NA,NA,NA,NA,NA,NA,NA,NA,NA,NA,NA,NA,NA,NA,NA,NA,NA,NA,NA,NA,NA,NA,NA,NA,NA,NA,NA,NA,NA,NA,NA,NA,NA,NA,NA,NA,NA,NA,NA,NA,NA,NA,NA,NA,NA,NA,NA,NA,NA,NA,NA,NA,NA,NA,NA,NA,NA,NA,NA,NA,NA,NA,NA,NA,NA,NA,NA,NA,NA,NA,NA,NA,NA,NA,NA,NA,NA,NA,NA,NA,NA,NA,NA,NA,NA,NA,NA,NA,NA,NA,NA,NA,NA,NA,NA,NA,NA,NA,NA,NA,NA,NA,NA,NA,NA,NA,NA,NA,NA,NA,NA,NA,NA,NA,NA,NA,NA,NA,NA,NA,NA,NA,NA,NA,NA,NA,NA,NA,NA,NA,NA,NA,NA,NA,NA,NA,NA,NA
"10","1","      Personal consumption expenditures (PCE)","DPCERG3",18.157,18.173,18.185,18.221,18.23,18.281,18.319,18.346,18.394,18.438,18.45,18.471,18.462,18.48,18.491,18.558,18.578,18.586,18.62,18.652,18.663,18.685,18.748,18.752,18.754,18.773,18.762,18.751,18.762,18.771,18.812,18.828,18.85,18.848,18.85,18.856,18.892,18.943,18.967,18.989,19.001,19.013,19.001,19.028,19.12,19.1,19.114,19.106,19.154,19.172,19.156,19.154,19.184,19.226,19.263,19.289,19.285,19.323,19.35,19.381,19.421,19.45,19.462,19.478,19.48,19.508,19.534,19.55,19.58,19.593,19.62,19.649,19.67,19.678,19.703,19.734,19.778,19.835,19.85,19.855,19.863,19.87,19.904,19.976,20,20.083,20.132,20.203,20.228,20.279,20.318,20.396,20.461,20.515,20.546,20.589,20.591,20.615,20.626,20.66,20.699,20.766,20.835,20.9,20.963,21.021,21.09,21.124,21.221,21.307,21.376,21.442,21.522,21.59,21.656,21.745,21.821,21.917,21.992,22.038,22.126,22.182,22.287,22.386,22.477,22.586,22.685,22.749,22.843,22.921,23.02,23.126,23.208,23.301,23.359,23.477,23.552,23.613,23.699,23.761,23.868,23.986,24.081,24.188,24.239,24.31,24.391,24.486,24.588,24.697,24.772,24.844,24.881,24.92,24.971,25.069,25.172,25.272,25.308,25.347,25.403,25.442,25.533,25.608,25.722,25.751,25.828,25.911,25.989,26.125,26.31,26.509,26.638,26.791,26.889,27.197,27.306,27.46,27.685,27.914,28.181,28.508,28.84,29.044,29.329,29.578,29.797,30.108,30.422,30.64,30.871,31.115,31.308,31.479,31.587,31.695,31.823,32.021,32.296,32.436,32.598,32.787,32.997,33.18,33.306,33.349,33.399,33.476,33.634,33.78,33.952,34.139,34.33,34.511,34.667,34.86
"11","2","Goods","DGDSRG3",28.819,28.833,28.827,28.848,28.837,28.9,28.926,28.931,28.999,29.046,29.016,29.023,28.973,28.986,29.003,29.147,29.137,29.112,29.147,29.196,29.176,29.206,29.332,29.312,29.324,29.338,29.295,29.209,29.206,29.18,29.256,29.28,29.282,29.25,29.217,29.202,29.231,29.337,29.361,29.4,29.372,29.358,29.298,29.358,29.615,29.524,29.522,29.47,29.535,29.57,29.511,29.485,29.518,29.622,29.704,29.754,29.707,29.748,29.784,29.843,29.923,29.946,29.929,29.938,29.894,29.937,29.978,29.95,30.01,30.003,30.053,30.095,30.114,30.096,30.143,30.193,30.27,30.414,30.41,30.364,30.327,30.297,30.327,30.48,30.491,30.672,30.77,30.868,30.848,30.885,30.925,31.088,31.17,31.211,31.226,31.283,31.222,31.219,31.207,31.221,31.276,31.372,31.516,31.637,31.717,31.792,31.904,31.902,32.063,32.173,32.245,32.335,32.449,32.517,32.609,32.744,32.845,32.991,33.096,33.098,33.206,33.261,33.409,33.559,33.655,33.861,33.985,34.053,34.172,34.236,34.39,34.536,34.634,34.756,34.767,34.944,35.014,35.049,35.162,35.212,35.365,35.536,35.63,35.751,35.762,35.817,35.903,36.041,36.161,36.303,36.347,36.383,36.368,36.396,36.429,36.586,36.732,36.892,36.895,36.919,36.974,36.979,37.108,37.2,37.419,37.403,37.494,37.607,37.795,38.064,38.441,38.767,38.967,39.2,39.267,39.929,39.96,40.193,40.625,40.99,41.539,42.214,42.855,43.159,43.642,44.018,44.391,44.962,45.531,45.906,46.273,46.645,46.813,46.974,47.076,47.164,47.252,47.527,48.012,48.256,48.371,48.659,48.857,49.084,49.207,49.096,49.015,49.061,49.289,49.457,49.669,49.844,50.115,50.412,50.581,50.762
"12","3","  Durable goods","DDURRG3",50.589,50.618,50.682,50.733,50.818,50.919,50.943,50.706,50.793,50.757,50.798,50.821,50.712,50.795,50.647,50.707,50.702,50.564,50.569,50.58,50.359,50.316,50.646,50.28,50.401,50.419,50.449,50.556,50.676,50.752,50.791,50.873,51.012,50.965,50.726,50.795,50.751,50.827,50.929,50.84,50.853,51.012,51.05,51.057,51.1,50.862,50.881,50.862,50.787,50.898,50.969,50.977,51.011,51.133,51.094,51.068,51.39,51.395,51.315,51.326,51.374,51.478,51.407,51.43,51.373,51.367,51.397,51.322,51.284,51.16,51.246,51.29,51.265,51.236,51.22,51.179,51.228,50.834,50.796,50.845,50.837,50.43,50.442,50.766,50.362,50.543,50.531,50.673,50.682,50.731,50.882,50.924,50.954,51.034,51.082,51.341,51.091,51.011,51.036,51.172,51.291,51.349,51.642,51.844,52.021,52.29,52.449,52.339,52.582,52.692,52.823,52.914,53.026,53.12,53.276,53.444,53.664,53.848,54.058,53.943,54.037,54.246,54.51,54.611,54.633,54.769,54.862,54.959,54.975,55.211,55.306,55.296,55.282,55.364,55.452,55.499,55.592,55.659,55.825,55.977,56.174,56.543,56.956,57.272,57.581,57.767,57.841,58.013,58.139,58.269,58.405,57.975,57.653,57.609,57.661,57.869,58.167,58.201,58.265,58.446,58.527,58.555,58.67,58.803,58.95,58.552,58.589,58.717,58.716,58.892,58.978,59.212,59.342,59.423,59.549,59.632,59.675,59.669,59.838,59.92,60.166,60.413,60.834,61.254,61.898,62.854,63.693,64.281,65.119,65.958,66.377,66.797,66.876,67.375,68,68.547,68.585,68.755,69.068,69.366,69.71,70.041,70.357,70.947,71.265,71.451,71.484,71.916,72.269,72.393,72.785,72.914,73.501,74.135,74.268,74.506
"13","4","    Motor vehicles and parts","DMOTRG3",31.723,31.771,31.855,31.885,31.989,32.113,32.157,31.787,31.906,31.866,31.936,31.945,31.717,31.766,31.475,31.533,31.498,31.292,31.266,31.278,30.936,30.869,31.359,30.786,30.971,31.015,31.079,31.24,31.403,31.53,31.627,31.752,32.007,31.95,31.595,31.728,31.667,31.767,31.897,31.96,32.003,32.1,32.153,32.228,32.324,31.967,31.999,31.981,31.871,32.011,32.102,32.126,32.152,32.315,32.258,32.223,32.606,32.585,32.42,32.405,32.522,32.642,32.557,32.556,32.492,32.522,32.59,32.511,32.49,32.317,32.463,32.571,32.59,32.551,32.557,32.507,32.588,32.004,32.025,32.176,32.211,31.725,31.78,32.325,31.705,31.936,31.899,32.015,32.002,32.02,32.143,32.107,32.068,32.09,32.063,32.37,31.842,31.767,31.823,31.981,32.099,32.138,32.522,32.744,32.951,33.285,33.423,33.093,33.231,33.254,33.305,33.356,33.442,33.487,33.572,33.669,33.827,33.957,34.151,33.842,33.796,33.986,34.257,34.254,34.111,34.231,34.253,34.35,34.261,34.51,34.615,34.585,34.577,34.591,34.676,34.718,34.82,34.934,35.119,35.316,35.573,36.085,36.382,36.829,37.159,37.336,37.328,37.393,37.474,37.516,37.624,36.836,36.302,36.282,36.343,36.51,36.842,36.918,37.008,37.171,37.238,37.229,37.285,37.417,37.532,36.853,36.823,36.901,36.876,37.046,37.108,37.305,37.355,37.335,37.393,37.448,37.373,37.296,37.372,37.341,37.282,37.339,37.509,37.768,38.367,39.264,40.038,40.404,41.013,41.733,41.932,42.141,41.827,42.246,42.999,43.148,43.02,43.241,43.461,43.757,44.086,44.349,44.5,45.077,45.215,45.518,45.709,45.99,46.214,46.406,46.592,47.088,47.588,48.299,48.336,48.64
"14","5","    Furnishings and durable household equipment","DFDHRG3",45.378,45.353,45.393,45.525,45.588,45.672,45.645,45.672,45.662,45.657,45.662,45.687,45.737,45.814,45.909,45.954,45.964,45.961,46.006,46.009,46.074,46.114,46.061,46.115,46.091,46.08,46.115,46.126,46.159,46.197,46.156,46.169,46.119,46.123,46.135,46.106,46.112,46.136,46.171,46.115,46.073,46.07,46.07,46.031,46.003,46.04,46.048,46.039,46.04,46.041,46,46.02,46.04,46.05,46.058,46.057,46.166,46.172,46.256,46.282,46.263,46.268,46.242,46.251,46.235,46.212,46.147,46.117,46.06,46.051,45.995,45.952,45.934,45.957,45.916,45.892,45.901,45.933,45.859,45.778,45.756,45.745,45.775,45.779,45.8,45.812,45.844,45.934,45.983,46.086,46.251,46.384,46.493,46.585,46.718,46.89,46.896,46.907,46.878,46.972,47.076,47.152,47.276,47.417,47.534,47.609,47.696,47.851,48.204,48.419,48.693,48.864,48.954,49.067,49.191,49.337,49.497,49.627,49.786,49.9,50.055,50.209,50.414,50.572,50.759,50.842,51.026,51.1,51.234,51.391,51.468,51.524,51.596,51.745,51.725,51.918,51.923,51.917,52.008,52.007,52.044,52.189,52.344,52.463,52.512,52.661,52.638,52.78,52.845,52.948,52.971,53.166,53.147,53.136,53.117,53.241,53.302,53.291,53.376,53.442,53.494,53.575,53.71,53.713,53.905,54,54.105,54.279,54.321,54.414,54.511,54.539,54.739,54.934,55.05,55.1,55.245,55.318,55.552,55.656,56.135,56.441,57.044,57.607,58.154,58.823,59.564,60.53,61.165,61.982,62.564,63.104,63.533,64.043,64.343,64.851,65.111,65.193,65.457,65.609,65.986,66.299,66.74,66.844,67.126,67.48,67.671,67.785,67.876,68.141,68.403,68.252,68.448,68.621,68.812,69.126
"15","6","    Recreational goods and vehicles","DREQRG3",169.841,169.845,169.7,169.173,168.991,168.685,168.779,169.04,169.116,168.995,169.051,169.074,169.41,169.785,170.221,170.29,170.552,170.486,170.624,170.66,170.741,170.557,170.448,170.354,170.222,170.117,169.914,169.886,169.858,169.549,169.354,169.165,169.183,168.857,168.612,168.468,168.281,168.237,168.048,167.954,167.773,167.526,167.468,167.422,167.195,167.033,167.066,166.893,166.815,166.797,167.147,167.037,167.315,167.353,167.405,167.402,167.816,168.101,168.335,165.362,165.685,165.92,165.972,165.691,165.497,165.059,165.12,164.932,164.84,164.72,164.683,164.447,164.392,164.266,164.285,163.846,163.508,163.311,163,162.684,162.36,161.744,161.185,160.66,160.655,160.993,161.124,160.917,160.941,160.803,160.944,161.244,161.399,161.427,161.525,161.576,162.492,161.718,161.881,161.873,161.842,162.04,161.879,161.744,161.627,162.211,162.736,163.209,163.734,163.996,164.022,164.208,164.533,164.892,165.335,165.727,166.266,166.648,166.837,167.214,167.731,168.019,168.106,168.44,169.267,169.509,169.546,169.685,169.792,169.85,169.709,169.444,168.958,168.958,169.479,168.721,168.682,168.496,168.568,168.774,168.978,169.377,171.313,171.532,172.454,172.463,173.622,174.668,175.32,175.903,176.485,176.497,176.734,176.551,176.483,176.924,177.353,177.261,176.959,177.687,177.448,177.576,177.864,178.263,178.281,178.521,178.656,178.738,178.931,179.29,179.703,180.033,180.222,180.336,180.642,180.956,181.245,181.755,181.818,182.364,183.427,184.073,184.628,185.297,186.187,188.066,189.488,189.86,191.441,192.866,193.758,194.232,195.792,196.615,197.499,201.206,200.958,200.946,201.702,202.332,202.559,203.166,203.971,206.377,207.761,206.273,203.648,206.485,208.777,207.532,209.689,206.694,208.69,210.215,210.79,209.658
"16","7","    Other durable goods","DODGRG3",31.542,31.592,31.579,31.608,31.602,31.595,31.611,31.571,31.601,31.59,31.531,31.591,31.603,31.644,31.676,31.654,31.672,31.703,31.7,31.691,31.68,31.656,31.692,31.684,31.754,31.723,31.607,31.606,31.621,31.573,31.578,31.6,31.546,31.556,31.561,31.541,31.584,31.593,31.645,30.959,30.995,31.668,31.692,31.519,31.526,31.512,31.468,31.499,31.544,31.61,31.655,31.584,31.557,31.562,31.542,31.533,31.51,31.542,31.509,32.499,32.207,32.272,32.242,32.471,32.48,32.498,32.513,32.512,32.512,32.527,32.575,32.57,32.351,32.312,32.256,32.444,32.479,32.531,32.478,32.393,32.283,32.052,31.967,31.836,31.906,31.936,31.921,32.197,32.191,32.25,32.296,32.296,32.361,32.579,32.674,32.665,32.892,32.941,32.876,32.896,32.951,32.923,32.976,33.102,33.187,33.169,33.244,33.329,33.354,33.405,33.43,33.355,33.394,33.428,33.645,33.858,34.066,34.277,34.404,34.588,34.891,34.988,35.068,35.276,35.311,35.416,35.516,35.517,35.704,35.798,35.862,35.924,35.921,36.072,36.116,36.15,36.324,36.352,36.414,36.485,36.535,36.442,36.739,36.764,36.862,36.93,36.965,37.057,37.107,37.299,37.424,37.531,37.718,37.633,37.779,37.988,38.206,38.168,38.159,38.207,38.455,38.47,38.587,38.73,38.807,38.877,39.004,39.128,39.054,39.113,39.029,39.517,39.67,39.846,40.047,40.11,40.28,40.182,40.432,40.62,40.944,41.343,41.819,41.998,42.251,42.665,42.857,42.996,43.949,44.247,44.536,45.06,45.095,45.298,45.487,45.635,45.915,46.047,46.318,46.497,46.587,46.781,46.968,47.166,47.462,47.444,47.687,47.807,47.95,48.026,48.277,48.71,49.14,49.324,49.379,49.569
"17","8","  Nondurable goods","DNDGRG3",21.631,21.641,21.625,21.638,21.614,21.663,21.686,21.727,21.783,21.836,21.799,21.804,21.769,21.77,21.809,21.947,21.937,21.932,21.967,22.015,22.028,22.065,22.143,22.175,22.169,22.18,22.133,22.032,22.012,21.975,22.045,22.057,22.039,22.013,22.014,21.989,22.024,22.121,22.13,22.183,22.153,22.113,22.046,22.106,22.362,22.307,22.302,22.251,22.331,22.349,22.277,22.249,22.277,22.365,22.457,22.513,22.412,22.452,22.504,22.563,22.639,22.645,22.639,22.646,22.609,22.655,22.692,22.676,22.745,22.76,22.798,22.833,22.858,22.843,22.897,22.958,23.032,23.256,23.26,23.202,23.164,23.207,23.236,23.341,23.428,23.591,23.7,23.778,23.755,23.785,23.801,23.968,24.051,24.08,24.087,24.1,24.081,24.092,24.075,24.065,24.102,24.195,24.295,24.387,24.44,24.471,24.562,24.58,24.708,24.807,24.86,24.94,25.043,25.098,25.168,25.283,25.349,25.474,25.546,25.572,25.672,25.69,25.799,25.945,26.046,26.246,26.363,26.42,26.547,26.571,26.72,26.882,26.993,27.11,27.104,27.288,27.347,27.371,27.462,27.485,27.612,27.726,27.749,27.819,27.769,27.791,27.869,27.986,28.092,28.223,28.243,28.371,28.424,28.465,28.492,28.624,28.725,28.9,28.89,28.876,28.921,28.92,29.039,29.114,29.329,29.401,29.495,29.593,29.809,30.076,30.495,30.817,31.017,31.269,31.318,32.065,32.089,32.36,32.821,33.223,33.8,34.52,35.16,35.413,35.82,36.028,36.26,36.781,37.24,37.477,37.801,38.13,38.302,38.373,38.349,38.327,38.418,38.693,39.178,39.39,39.443,39.698,39.854,39.976,40.043,39.869,39.767,39.714,39.896,40.061,40.213,40.387,40.559,40.75,40.914,41.067
"18","9","    Food and beverages purchased for off-premises consumption","DFXARG3",19.967,19.892,19.854,19.799,19.755,19.821,19.856,19.782,19.873,19.878,19.792,19.785,19.755,19.732,19.835,20.036,20.036,20.002,20,20.007,20.019,20.131,20.207,20.286,20.259,20.277,20.248,20.202,20.108,20.031,20.082,20.052,20.007,20.01,19.973,20.007,20.097,20.205,20.255,20.265,20.226,20.204,20.137,20.204,20.444,20.38,20.398,20.266,20.444,20.476,20.388,20.293,20.288,20.482,20.559,20.566,20.489,20.464,20.571,20.615,20.763,20.768,20.769,20.784,20.74,20.838,20.902,20.891,21.012,21.029,21.047,21.058,21.016,20.958,21.033,21.106,21.213,21.581,21.588,21.437,21.359,21.384,21.424,21.561,21.685,21.994,22.174,22.275,22.147,22.15,22.073,22.383,22.442,22.44,22.364,22.314,22.193,22.157,22.093,21.98,22.013,22.173,22.265,22.359,22.333,22.372,22.411,22.432,22.549,22.638,22.674,22.747,22.822,22.814,22.88,22.968,23.054,23.212,23.251,23.256,23.337,23.298,23.369,23.509,23.653,23.932,24.073,24.148,24.303,24.297,24.524,24.74,24.91,25.029,25.061,25.143,25.246,25.24,25.291,25.354,25.47,25.532,25.457,25.47,25.271,25.316,25.46,25.681,25.786,25.956,25.989,26.039,26.031,26.071,26.145,26.367,26.547,26.881,26.836,26.825,26.831,26.868,27.02,27.137,27.329,27.416,27.534,27.675,28.078,28.484,29.19,29.615,29.91,30.182,30.219,31.761,31.77,31.9,32.316,32.598,33.078,33.901,34.434,34.444,34.668,34.686,34.675,35.296,36.032,36.375,36.801,37.289,37.464,37.395,37.186,37.003,37.032,37.348,37.886,38.125,38.094,38.427,38.636,38.785,38.758,38.306,38.079,37.975,38.121,38.231,38.373,38.565,38.697,38.847,38.871,38.988
"19","10","    Clothing and footwear","DCLORG3",52.506,52.495,52.526,52.613,52.671,52.724,52.737,52.967,53.014,53.023,53.008,53.036,52.974,53.209,53.256,53.458,53.431,53.399,53.487,53.659,53.742,53.738,53.665,53.793,53.699,53.795,53.782,53.597,53.699,53.641,53.847,53.893,53.946,53.875,53.882,53.863,53.519,53.587,53.91,53.855,53.843,53.95,54.007,53.813,54.48,54.392,54.142,53.954,54.16,54.241,54.266,54.333,54.27,54.366,54.466,54.501,54.438,54.578,54.73,54.782,54.868,54.869,54.889,54.971,55.016,55.013,55.045,54.954,54.871,54.769,54.942,55.079,55.181,55.164,55.066,55.148,55.214,55.398,55.457,55.708,55.521,55.591,55.725,55.857,56.034,56.183,56.307,56.474,56.63,56.813,57.132,57.099,57.397,57.55,57.739,58.052,58.225,58.422,58.646,58.771,58.951,59.157,59.453,59.613,59.767,59.954,60.177,60.439,60.721,61.12,61.437,61.873,62.215,62.567,62.867,63.244,63.589,63.817,64.017,64.319,64.683,64.874,65.096,65.346,65.651,65.948,66.396,66.294,66.707,66.873,67.204,67.382,67.518,67.756,67.715,67.894,68.045,68.306,68.468,68.601,68.976,69.234,69.564,69.854,70.013,70.235,70.323,70.531,70.94,71.111,71.335,71.013,71.304,71.364,71.439,71.548,71.777,71.88,71.924,72.002,72.087,72.049,72.127,71.767,72.386,72.664,72.822,73.119,73.195,73.328,73.884,74.279,74.493,74.806,74.724,74.932,75.107,75.315,75.53,75.776,76.092,76.909,77.698,78.395,79.257,79.92,80.573,82.135,82.255,82.544,83.001,83.015,82.991,83.21,83.338,83.395,83.468,83.394,83.888,84.225,83.949,84.157,84.388,84.526,84.901,85.127,85.209,85.403,85.871,86.131,86.62,87.068,87.374,87.474,87.795,88.191
"20","11","    Gasoline and other energy goods","DGOERG3",10.881,11.097,11.091,11.166,11.105,11.06,11.005,11.185,11.115,11.337,11.355,11.358,11.274,11.24,11.137,11.216,11.18,11.257,11.379,11.502,11.486,11.4,11.57,11.486,11.534,11.519,11.378,11.098,11.189,11.225,11.346,11.456,11.475,11.369,11.44,11.263,11.298,11.441,11.214,11.447,11.428,11.285,11.118,11.298,11.638,11.555,11.567,11.692,11.55,11.532,11.409,11.372,11.443,11.263,11.444,11.623,11.361,11.469,11.402,11.453,11.419,11.419,11.369,11.329,11.261,11.261,11.259,11.243,11.294,11.349,11.384,11.457,11.566,11.571,11.643,11.679,11.679,11.75,11.73,11.715,11.766,11.858,11.839,11.893,11.894,11.858,11.861,11.861,11.917,11.913,11.985,12.022,12.129,12.165,12.205,12.225,12.294,12.298,12.262,12.372,12.371,12.371,12.389,12.404,12.532,12.423,12.573,12.444,12.552,12.588,12.555,12.483,12.554,12.605,12.607,12.733,12.659,12.696,12.759,12.66,12.774,12.813,12.967,13.08,13.057,13.134,13.059,13.074,13.052,13.052,12.977,13.055,13.015,13.068,12.875,13.315,13.238,13.135,13.229,13.052,13.156,13.329,13.391,13.482,13.533,13.378,13.313,13.158,13.171,13.223,13.109,13.567,13.619,13.649,13.558,13.589,13.451,13.411,13.411,13.305,13.398,13.28,13.41,13.589,13.834,13.858,13.921,13.906,13.942,14.139,14.191,14.409,14.527,14.841,14.859,14.909,14.839,15.514,16.342,17.245,18.429,19.389,20.524,20.876,21.341,21.424,21.552,21.492,21.447,21.222,21.142,21.145,21.214,21.199,21.286,21.319,21.563,22.006,22.716,22.943,23.161,23.379,23.391,23.365,23.352,23.174,22.982,22.746,22.908,23.183,23.246,23.321,23.497,23.771,24.025,24.142
"21","12","    Other nondurable goods","DONGRG3",18.807,18.804,18.821,18.897,18.937,19.025,19.097,19.18,19.27,19.261,19.284,19.307,19.328,19.334,19.362,19.349,19.35,19.339,19.342,19.351,19.365,19.359,19.38,19.381,19.402,19.393,19.398,19.408,19.407,19.405,19.402,19.398,19.385,19.394,19.41,19.402,19.437,19.451,19.487,19.484,19.462,19.444,19.443,19.445,19.46,19.472,19.487,19.494,19.52,19.517,19.514,19.601,19.676,19.773,19.785,19.82,19.828,19.896,19.896,19.982,19.992,20.006,20.019,20.025,20.013,20.004,20.018,20.021,20.037,20.046,20.069,20.076,20.123,20.176,20.206,20.246,20.307,20.347,20.347,20.349,20.361,20.376,20.388,20.44,20.484,20.509,20.546,20.604,20.656,20.71,20.745,20.787,20.802,20.838,20.908,20.935,20.967,21.011,21.025,21.06,21.081,21.076,21.174,21.284,21.371,21.452,21.522,21.586,21.67,21.721,21.784,21.88,21.958,22.029,22.073,22.116,22.164,22.237,22.323,22.402,22.419,22.465,22.542,22.656,22.698,22.774,22.886,22.978,23.068,23.115,23.226,23.312,23.41,23.514,23.617,23.708,23.759,23.874,23.987,24.077,24.135,24.217,24.286,24.353,24.441,24.511,24.571,24.682,24.751,24.83,24.881,24.955,25.028,25.062,25.09,25.122,25.229,25.289,25.317,25.359,25.404,25.453,25.485,25.506,25.547,25.549,25.582,25.619,25.657,25.719,25.83,25.964,26.021,26.094,26.216,26.241,26.322,26.405,26.55,26.644,26.815,26.988,27.22,27.57,27.978,28.397,28.925,29.325,29.745,30.14,30.529,30.894,31.178,31.5,31.648,31.839,31.878,31.986,32.065,32.126,32.274,32.388,32.52,32.695,32.872,33.08,33.236,33.368,33.49,33.584,33.686,33.784,33.939,34.11,34.344,34.473
"22","13","Services","DSERRG3",13.049,13.066,13.088,13.133,13.154,13.201,13.248,13.287,13.326,13.37,13.405,13.434,13.447,13.468,13.475,13.504,13.54,13.567,13.601,13.625,13.654,13.671,13.703,13.72,13.718,13.738,13.744,13.773,13.79,13.818,13.841,13.853,13.886,13.901,13.921,13.937,13.979,14.002,14.026,14.04,14.072,14.098,14.112,14.122,14.131,14.146,14.169,14.184,14.224,14.235,14.24,14.251,14.28,14.29,14.306,14.32,14.338,14.375,14.398,14.414,14.435,14.467,14.495,14.514,14.541,14.562,14.58,14.62,14.636,14.659,14.675,14.697,14.719,14.742,14.756,14.778,14.805,14.819,14.844,14.875,14.908,14.936,14.971,15.003,15.035,15.068,15.092,15.151,15.201,15.261,15.301,15.337,15.395,15.457,15.498,15.533,15.569,15.607,15.631,15.676,15.709,15.761,15.793,15.832,15.887,15.938,15.986,16.038,16.105,16.181,16.25,16.306,16.369,16.439,16.494,16.561,16.627,16.698,16.759,16.83,16.909,16.968,17.053,17.127,17.218,17.279,17.368,17.43,17.515,17.602,17.675,17.762,17.838,17.917,18.001,18.091,18.17,18.245,18.319,18.389,18.474,18.567,18.663,18.765,18.837,18.918,18.997,19.073,19.168,19.262,19.354,19.445,19.509,19.555,19.616,19.687,19.769,19.84,19.893,19.941,19.998,20.056,20.129,20.197,20.261,20.313,20.386,20.455,20.478,20.548,20.637,20.775,20.872,20.987,21.102,21.235,21.386,21.503,21.627,21.79,21.919,22.077,22.261,22.418,22.609,22.798,22.945,23.132,23.324,23.47,23.638,23.823,24.028,24.205,24.315,24.433,24.58,24.742,24.919,25.01,25.195,25.337,25.553,25.715,25.843,25.959,26.072,26.164,26.29,26.427,26.579,26.773,26.928,27.053,27.203,27.403
"23","14","  Household consumption expenditures (for services)","DHCERG3",12.47,12.488,12.506,12.544,12.562,12.608,12.647,12.683,12.719,12.764,12.8,12.836,12.855,12.884,12.899,12.931,12.973,13.003,13.041,13.065,13.094,13.112,13.145,13.159,13.155,13.173,13.175,13.203,13.218,13.242,13.265,13.275,13.305,13.32,13.34,13.356,13.398,13.422,13.444,13.457,13.489,13.516,13.528,13.54,13.547,13.562,13.585,13.599,13.636,13.646,13.65,13.661,13.688,13.698,13.712,13.727,13.744,13.78,13.802,13.819,13.841,13.873,13.9,13.92,13.947,13.965,13.982,14.022,14.038,14.061,14.076,14.096,14.116,14.135,14.148,14.169,14.193,14.208,14.232,14.263,14.293,14.319,14.352,14.382,14.413,14.443,14.466,14.522,14.569,14.629,14.666,14.699,14.757,14.815,14.853,14.889,14.923,14.962,14.985,15.027,15.055,15.107,15.138,15.175,15.228,15.278,15.324,15.372,15.436,15.51,15.58,15.633,15.693,15.762,15.814,15.877,15.942,16.009,16.068,16.134,16.208,16.264,16.344,16.415,16.502,16.558,16.644,16.703,16.784,16.87,16.94,17.021,17.097,17.173,17.256,17.344,17.419,17.495,17.567,17.635,17.714,17.803,17.895,17.994,18.059,18.137,18.211,18.287,18.377,18.468,18.556,18.642,18.704,18.748,18.807,18.878,18.954,19.023,19.077,19.123,19.177,19.231,19.303,19.364,19.424,19.473,19.542,19.608,19.638,19.708,19.793,19.915,20.014,20.108,20.211,20.347,20.476,20.596,20.714,20.871,20.986,21.129,21.3,21.44,21.616,21.795,21.946,22.122,22.305,22.449,22.606,22.786,22.99,23.143,23.244,23.38,23.503,23.661,23.818,23.912,24.088,24.241,24.446,24.585,24.706,24.821,24.938,25.027,25.151,25.29,25.446,25.626,25.774,25.896,26.039,26.218
"24","15","    Housing and utilities","DHUTRG3",15.406,15.418,15.43,15.494,15.506,15.571,15.594,15.609,15.623,15.684,15.694,15.757,15.762,15.773,15.773,15.782,15.836,15.838,15.883,15.89,15.909,15.914,15.971,15.973,15.977,15.993,15.996,16.051,16.059,16.093,16.112,16.104,16.108,16.116,16.118,16.118,16.172,16.184,16.206,16.175,16.228,16.233,16.251,16.292,16.293,16.289,16.295,16.297,16.358,16.36,16.361,16.378,16.415,16.414,16.415,16.416,16.424,16.48,16.489,16.481,16.472,16.504,16.512,16.526,16.551,16.556,16.559,16.608,16.607,16.608,16.608,16.626,16.622,16.653,16.655,16.653,16.693,16.692,16.709,16.717,16.716,16.744,16.785,16.795,16.831,16.852,16.857,16.908,16.906,16.913,16.921,16.922,16.975,17.031,17.033,17.054,17.093,17.138,17.139,17.157,17.158,17.22,17.226,17.235,17.296,17.334,17.344,17.36,17.414,17.451,17.477,17.53,17.57,17.594,17.633,17.655,17.713,17.759,17.783,17.846,17.891,17.911,17.967,18,18.102,18.13,18.234,18.26,18.326,18.395,18.464,18.525,18.594,18.645,18.721,18.77,18.843,18.915,18.988,19.07,19.134,19.231,19.334,19.459,19.516,19.604,19.684,19.751,19.852,19.947,20.015,20.095,20.165,20.185,20.242,20.308,20.378,20.438,20.507,20.532,20.592,20.65,20.718,20.792,20.866,20.891,20.984,21.086,21.22,21.281,21.346,21.443,21.537,21.556,21.628,21.746,21.811,21.891,21.993,22.137,22.207,22.345,22.424,22.543,22.594,22.738,22.833,22.952,23.109,23.261,23.388,23.553,23.897,24.05,24.112,24.27,24.387,24.527,24.657,24.751,24.925,25.13,25.311,25.472,25.586,25.748,25.891,25.971,26.115,26.27,26.395,26.59,26.746,26.965,27.143,27.458
"25","16","    Health care","DHLCRG3",6.896,6.909,6.921,6.951,6.986,7.006,7.021,7.05,7.097,7.154,7.204,7.23,7.194,7.267,7.328,7.388,7.471,7.528,7.567,7.614,7.656,7.677,7.706,7.704,7.691,7.682,7.668,7.656,7.657,7.653,7.661,7.663,7.685,7.69,7.704,7.72,7.743,7.777,7.782,7.83,7.835,7.869,7.878,7.906,7.932,7.946,7.986,7.986,7.995,8.02,8.021,8.032,8.051,8.082,8.099,8.138,8.154,8.161,8.175,8.207,8.248,8.267,8.29,8.32,8.336,8.346,8.37,8.402,8.418,8.455,8.489,8.505,8.533,8.537,8.544,8.583,8.608,8.632,8.638,8.656,8.684,8.701,8.717,8.745,8.768,8.824,8.834,8.889,8.919,8.991,9.025,9.075,9.141,9.201,9.246,9.277,9.334,9.385,9.425,9.465,9.497,9.558,9.599,9.67,9.71,9.758,9.817,9.861,9.916,9.958,10.039,10.071,10.102,10.177,10.202,10.264,10.32,10.384,10.43,10.474,10.532,10.606,10.693,10.771,10.827,10.881,10.937,10.995,11.077,11.151,11.216,11.279,11.369,11.421,11.508,11.586,11.668,11.747,11.798,11.839,11.899,11.95,11.995,12.078,12.094,12.124,12.158,12.227,12.277,12.33,12.375,12.426,12.457,12.496,12.548,12.607,12.643,12.694,12.724,12.755,12.772,12.816,12.904,12.952,12.982,13.018,13.061,13.087,13.121,13.193,13.251,13.317,13.361,13.417,13.451,13.575,13.633,13.731,13.793,13.857,13.963,14.077,14.23,14.314,14.495,14.662,14.798,14.998,15.16,15.308,15.447,15.602,15.716,15.845,15.935,16.062,16.148,16.324,16.453,16.564,16.746,16.882,17.068,17.227,17.336,17.445,17.579,17.684,17.802,17.956,18.046,18.187,18.309,18.399,18.574,18.638
"26","17","    Transportation services","DTRSRG3",15.317,15.356,15.429,15.474,15.49,15.529,15.574,15.623,15.649,15.655,15.694,15.727,15.776,15.801,15.796,15.801,15.804,15.853,15.883,15.905,15.943,15.977,16.033,16.118,16.119,16.166,16.232,16.266,16.354,16.358,16.408,16.436,16.436,16.48,16.481,16.518,16.555,16.594,16.612,16.695,16.706,16.751,16.771,16.754,16.772,16.766,16.782,16.727,16.76,16.731,16.754,16.745,16.776,16.757,16.784,16.772,16.781,16.773,16.863,16.849,16.891,16.968,16.978,16.976,16.962,16.961,16.958,17.042,17.044,17.06,17.081,17.08,17.127,17.124,17.186,17.226,17.269,17.274,17.317,17.331,17.366,17.409,17.455,17.438,17.419,17.414,17.415,17.457,17.45,17.516,17.599,17.677,17.754,17.801,17.863,17.93,17.962,18.013,18.053,18.135,18.199,18.222,18.3,18.362,18.419,18.449,18.496,18.585,18.661,18.749,18.83,18.909,18.971,19.06,19.095,19.195,19.234,19.358,19.468,19.54,19.656,19.743,19.917,20.059,20.158,20.239,20.345,20.4,20.513,20.587,20.672,20.886,21.167,21.407,21.475,21.519,21.575,21.704,21.836,21.96,22.137,22.279,22.384,22.527,22.602,22.642,22.875,23.034,23.203,23.369,23.585,23.763,23.774,23.807,23.823,23.891,24.007,24.063,24.093,24.108,24.138,24.164,24.253,24.282,24.346,24.457,24.525,24.607,24.714,24.836,24.9,25.032,25.13,25.297,25.352,25.478,25.561,25.71,25.806,26.095,26.153,26.307,26.475,26.747,26.989,27.326,27.573,27.81,28.216,28.445,28.792,29.134,29.435,29.592,29.787,30.012,30.218,30.497,30.661,30.759,31.094,31.225,31.459,31.701,31.927,32,32.197,32.349,32.551,32.742,32.873,33.09,33.311,33.456,33.545,33.734
"27","18","    Recreation services","DRCARG3",15.994,16.078,16.199,16.305,16.331,16.438,16.538,16.645,16.688,16.783,16.843,16.862,16.901,16.953,16.961,17.003,16.993,17.058,17.089,17.18,17.19,17.22,17.22,17.271,17.344,17.429,17.43,17.444,17.491,17.519,17.565,17.619,17.665,17.726,17.719,17.769,17.802,17.838,17.879,17.901,17.923,17.974,17.979,18.004,18.052,18.097,18.133,18.15,18.137,18.149,18.201,18.218,18.272,18.301,18.398,18.428,18.474,18.56,18.622,18.649,18.684,18.73,18.744,18.761,18.777,18.868,18.904,18.972,19.019,19.009,19.041,19.058,19.089,19.108,19.132,19.174,19.216,19.268,19.311,19.333,19.361,19.384,19.368,19.446,19.517,19.557,19.628,19.696,19.756,19.758,19.749,19.774,19.861,19.939,19.996,20.039,20.094,20.125,20.17,20.243,20.305,20.39,20.471,20.538,20.645,20.748,20.851,20.999,21.099,21.222,21.284,21.371,21.431,21.526,21.624,21.714,21.767,21.837,21.897,21.948,22.035,22.071,22.181,22.269,22.371,22.444,22.528,22.614,22.672,22.751,22.852,22.93,23.005,23.1,23.163,23.281,23.376,23.436,23.548,23.635,23.742,23.846,23.986,24.045,24.16,24.253,24.344,24.409,24.459,24.535,24.614,24.673,24.759,24.751,24.772,24.842,24.913,25.009,25.03,25.065,25.097,25.11,25.174,25.246,25.295,25.345,25.38,25.462,25.44,25.569,25.686,25.845,25.908,26.035,26.057,26.21,26.346,26.488,26.577,26.692,26.789,26.957,27.137,27.232,27.7,27.765,27.983,28.156,28.354,28.565,28.805,29.103,29.309,29.49,29.554,29.644,29.717,29.835,29.929,30.032,30.233,30.318,30.518,30.633,30.837,30.868,30.95,31.072,31.175,31.32,31.465,31.579,31.732,31.913,31.979,32.104
"28","19","    Food services and accommodations","DFSARG3",12.778,12.843,12.865,12.947,13.021,13.051,13.116,13.134,13.176,13.181,13.239,13.249,13.308,13.363,13.364,13.38,13.376,13.386,13.428,13.424,13.432,13.448,13.44,13.485,13.502,13.555,13.554,13.611,13.624,13.638,13.685,13.677,13.778,13.775,13.829,13.839,13.835,13.878,13.909,13.913,13.957,14.025,14.085,14.078,14.035,14.108,14.139,14.18,14.195,14.241,14.249,14.266,14.321,14.316,14.3,14.3,14.355,14.416,14.407,14.408,14.442,14.438,14.498,14.512,14.554,14.56,14.56,14.56,14.549,14.59,14.578,14.6,14.658,14.677,14.719,14.742,14.726,14.731,14.752,14.877,14.964,14.979,15.014,15.037,15.07,15.086,15.16,15.16,15.283,15.405,15.473,15.487,15.54,15.591,15.694,15.802,15.875,15.952,16.012,16.127,16.179,16.22,16.288,16.334,16.395,16.45,16.549,16.615,16.663,16.761,16.815,16.86,16.963,17.072,17.133,17.22,17.32,17.366,17.465,17.532,17.607,17.686,17.74,17.833,17.94,18.027,18.131,18.232,18.373,18.549,18.625,18.711,18.805,18.964,19.084,19.295,19.396,19.462,19.569,19.642,19.695,19.762,19.869,19.984,20.111,20.219,20.256,20.292,20.389,20.477,20.536,20.643,20.703,20.745,20.793,20.82,20.883,20.924,20.977,21.084,21.17,21.226,21.278,21.353,21.452,21.5,21.593,21.643,21.69,21.803,21.931,22.117,22.371,22.511,22.647,22.849,23.22,23.557,23.822,24.001,24.15,24.279,24.439,24.711,24.925,25.191,25.484,25.745,25.941,26.182,26.376,26.618,26.802,27.037,27.145,27.28,27.39,27.458,27.585,27.78,27.962,28.151,28.345,28.49,28.594,28.789,28.9,29.054,29.242,29.344,29.538,29.709,29.864,29.979,30.094,30.25
"29","20","    Financial services and insurance","DIFSRG3",11.634,11.633,11.616,11.587,11.573,11.581,11.604,11.62,11.663,11.714,11.759,11.813,11.924,11.934,11.954,12.018,12.069,12.129,12.183,12.245,12.288,12.351,12.394,12.422,12.383,12.394,12.399,12.41,12.421,12.483,12.557,12.63,12.698,12.75,12.819,12.894,13.023,13.061,13.066,13.11,13.138,13.162,13.142,13.083,13.058,13.035,13.073,13.105,13.164,13.094,13.051,13.032,13.019,13.034,13.055,13.095,13.108,13.125,13.187,13.267,13.323,13.386,13.467,13.518,13.576,13.634,13.685,13.742,13.802,13.866,13.9,13.912,13.886,13.879,13.861,13.887,13.904,13.936,13.985,14.021,14.063,14.115,14.173,14.271,14.38,14.508,14.607,14.69,14.762,14.827,14.9,14.99,15.055,15.11,15.149,15.129,15.116,15.069,15.034,15.04,15.049,15.092,15.129,15.165,15.232,15.339,15.427,15.504,15.542,15.707,15.9,15.979,16.116,16.257,16.41,16.531,16.636,16.748,16.862,16.999,17.215,17.297,17.415,17.533,17.652,17.727,17.815,17.902,18.002,18.107,18.199,18.316,18.339,18.388,18.443,18.501,18.541,18.621,18.677,18.71,18.829,18.946,19.037,19.094,19.176,19.269,19.35,19.479,19.606,19.748,19.883,20.026,20.114,20.199,20.294,20.416,20.629,20.734,20.812,20.864,20.934,20.998,21.087,21.153,21.185,21.209,21.246,21.268,20.971,21.022,21.122,21.243,21.341,21.445,21.482,21.687,21.771,21.872,21.977,22.14,22.357,22.525,22.681,22.817,22.983,23.122,23.28,23.476,23.65,23.783,23.96,24.115,24.257,24.373,24.508,24.691,24.835,24.965,24.991,25.034,25.123,25.315,25.622,25.664,25.731,25.747,25.689,25.549,25.499,25.591,25.864,26.136,26.306,26.354,26.422,26.574
"30","21","    Other services","DOTSRG3",13.814,13.808,13.823,13.817,13.8,13.87,13.948,14.044,14.104,14.144,14.191,14.205,14.22,14.225,14.233,14.276,14.311,14.355,14.371,14.399,14.447,14.457,14.476,14.47,14.448,14.454,14.46,14.474,14.496,14.527,14.513,14.528,14.551,14.57,14.59,14.598,14.63,14.643,14.685,14.712,14.741,14.765,14.755,14.751,14.794,14.827,14.855,14.894,14.94,14.979,15.003,15.018,15.038,15.056,15.09,15.106,15.117,15.15,15.182,15.21,15.233,15.281,15.302,15.323,15.354,15.384,15.421,15.459,15.499,15.519,15.55,15.592,15.638,15.672,15.697,15.729,15.748,15.775,15.819,15.842,15.889,15.914,15.95,15.991,15.983,15.964,15.953,16.057,16.164,16.277,16.329,16.376,16.427,16.495,16.542,16.581,16.574,16.608,16.647,16.69,16.746,16.785,16.804,16.832,16.867,16.904,16.934,16.99,17.109,17.217,17.304,17.362,17.427,17.499,17.544,17.625,17.682,17.773,17.841,17.908,17.973,18.044,18.128,18.201,18.265,18.339,18.417,18.499,18.552,18.622,18.675,18.759,18.789,18.855,18.947,19.061,19.141,19.214,19.278,19.354,19.452,19.563,19.684,19.763,19.857,19.966,20.059,20.135,20.224,20.316,20.475,20.55,20.645,20.743,20.83,20.936,21.006,21.121,21.182,21.264,21.344,21.413,21.471,21.523,21.591,21.706,21.781,21.86,21.843,21.875,22.008,22.212,22.303,22.548,22.881,22.986,23.229,23.302,23.453,23.748,23.909,24.108,24.539,24.685,25.027,25.243,25.383,25.55,25.748,25.75,25.879,26.024,26.077,26.229,26.39,26.432,26.622,26.848,27.26,27.274,27.436,27.464,27.684,27.772,27.929,27.986,28.123,28.285,28.426,28.551,28.788,28.955,29.082,29.074,29.191,29.308
"31","22","  Final consumption expenditures of nonprofit institutions serving households (NPISHs) \1\","DNPIRG3",48.423,48.261,48.626,49.211,49.318,49.333,49.973,50.156,50.418,50.287,50.066,49.356,48.678,47.865,47.148,46.852,46.274,45.854,45.57,45.467,45.443,45.358,45.327,45.571,45.714,45.994,46.268,46.282,46.502,46.87,46.923,47.168,47.408,47.289,47.275,47.294,47.291,47.172,47.431,47.46,47.449,47.375,47.45,47.303,47.508,47.49,47.4,47.606,47.874,47.89,47.957,48.03,48.165,48.159,48.337,48.265,48.263,48.312,48.424,48.399,48.276,48.255,48.327,48.159,48.114,48.475,48.522,48.433,48.476,48.479,48.513,48.682,48.878,49.308,49.424,49.408,49.772,49.719,49.736,49.757,49.997,50.101,50.317,50.5,50.551,50.8,50.94,51.128,51.464,51.338,51.66,51.897,51.886,52.295,52.469,52.407,52.523,52.445,52.526,52.836,53.258,53.273,53.303,53.449,53.611,53.644,53.825,54.215,54.38,54.545,54.446,54.703,55.003,55.03,55.29,55.59,55.602,55.976,56.182,56.615,56.978,57.223,57.739,57.952,58.307,58.792,58.961,59.264,59.52,59.591,59.886,60.44,60.324,60.541,60.524,60.725,60.982,60.937,61.042,61.203,61.748,62.129,62.438,62.619,63.223,63.427,63.92,63.875,64.275,64.497,64.744,65.282,65.426,65.532,65.68,65.65,66.179,66.356,66.304,66.402,66.609,66.982,67.102,67.638,67.985,68.324,68.55,68.838,68.113,68.096,68.374,69.92,69.625,71.646,72.861,72.363,74.438,73.995,74.679,75.027,76.439,77.834,78.965,80.618,81.996,82.889,82.298,83.341,84.134,84.109,85.105,85.431,85.386,87.628,88.528,86.484,88.891,89.242,91.144,90.688,91.458,90.196,91.146,93.396,93.946,93.982,93.451,93.69,93.654,93.265,92.8,93.978,94.602,94.736,95.445,97.541
"32","23","    Gross output of nonprofit institutions \2\","DNPERG3",10.281,10.296,10.392,10.585,10.708,10.785,10.913,11.016,11.125,11.203,11.235,11.195,11.04,11.014,10.999,11.029,11.049,11.071,11.062,11.082,11.123,11.144,11.17,11.201,11.215,11.236,11.238,11.227,11.249,11.284,11.288,11.309,11.36,11.348,11.352,11.356,11.38,11.391,11.422,11.469,11.483,11.5,11.508,11.516,11.563,11.573,11.591,11.615,11.639,11.667,11.678,11.69,11.726,11.751,11.798,11.836,11.848,11.865,11.904,11.929,11.956,11.959,11.993,11.997,12.006,12.051,12.072,12.093,12.101,12.147,12.177,12.201,12.246,12.294,12.312,12.344,12.403,12.423,12.426,12.431,12.482,12.501,12.528,12.57,12.583,12.634,12.657,12.715,12.763,12.821,12.859,12.907,12.959,13.044,13.088,13.105,13.166,13.185,13.242,13.299,13.361,13.413,13.447,13.52,13.563,13.597,13.672,13.733,13.804,13.855,13.921,13.971,14.027,14.107,14.147,14.235,14.292,14.379,14.436,14.507,14.57,14.656,14.781,14.863,14.938,15.017,15.1,15.18,15.289,15.355,15.442,15.553,15.646,15.706,15.788,15.86,15.945,16.03,16.081,16.13,16.222,16.301,16.374,16.448,16.5,16.532,16.582,16.641,16.713,16.789,16.849,16.934,16.981,17.026,17.074,17.157,17.235,17.312,17.346,17.38,17.413,17.516,17.642,17.756,17.828,17.898,17.953,18.017,17.948,18.018,18.118,18.344,18.357,18.624,18.92,19.006,19.283,19.273,19.401,19.531,19.756,20.015,20.294,20.52,20.821,21.032,21.072,21.322,21.557,21.631,21.816,22.014,22.092,22.375,22.51,22.471,22.737,22.98,23.391,23.412,23.65,23.598,23.842,24.124,24.265,24.33,24.384,24.513,24.65,24.778,24.899,25.101,25.282,25.314,25.492,25.702
"33","24","    Less: Receipts from sales of goods and services by nonprofit institutions \3\","DNPSRG3",6.078,6.103,6.165,6.301,6.407,6.477,6.549,6.631,6.714,6.797,6.844,6.86,6.764,6.803,6.845,6.897,6.963,7.018,7.033,7.061,7.102,7.13,7.158,7.168,7.169,7.167,7.147,7.136,7.139,7.143,7.143,7.144,7.174,7.171,7.177,7.179,7.202,7.223,7.232,7.275,7.289,7.312,7.313,7.332,7.361,7.372,7.395,7.403,7.406,7.431,7.436,7.442,7.466,7.489,7.52,7.562,7.573,7.586,7.614,7.639,7.675,7.679,7.706,7.723,7.735,7.75,7.766,7.794,7.797,7.841,7.867,7.877,7.905,7.917,7.926,7.957,7.986,8.008,8.01,8.014,8.044,8.054,8.063,8.089,8.097,8.127,8.138,8.179,8.199,8.263,8.275,8.303,8.352,8.403,8.431,8.451,8.5,8.523,8.57,8.601,8.629,8.676,8.706,8.764,8.792,8.822,8.879,8.907,8.962,8.997,9.067,9.095,9.125,9.198,9.216,9.277,9.329,9.383,9.421,9.456,9.49,9.552,9.632,9.692,9.737,9.776,9.841,9.894,9.977,10.033,10.092,10.156,10.25,10.29,10.367,10.419,10.48,10.562,10.602,10.635,10.682,10.729,10.775,10.83,10.836,10.852,10.865,10.921,10.96,11.015,11.053,11.094,11.128,11.162,11.196,11.274,11.309,11.368,11.403,11.428,11.444,11.513,11.62,11.688,11.731,11.771,11.807,11.845,11.832,11.897,11.969,12.072,12.104,12.212,12.402,12.512,12.628,12.648,12.719,12.815,12.927,13.071,13.25,13.349,13.532,13.666,13.739,13.898,14.059,14.127,14.231,14.387,14.46,14.575,14.64,14.728,14.821,15.015,15.264,15.311,15.476,15.507,15.666,15.779,15.871,15.927,16.008,16.108,16.232,16.37,16.506,16.614,16.737,16.757,16.872,16.932
"34",NA,"Addenda:"," ",NA,NA,NA,NA,NA,NA,NA,NA,NA,NA,NA,NA,NA,NA,NA,NA,NA,NA,NA,NA,NA,NA,NA,NA,NA,NA,NA,NA,NA,NA,NA,NA,NA,NA,NA,NA,NA,NA,NA,NA,NA,NA,NA,NA,NA,NA,NA,NA,NA,NA,NA,NA,NA,NA,NA,NA,NA,NA,NA,NA,NA,NA,NA,NA,NA,NA,NA,NA,NA,NA,NA,NA,NA,NA,NA,NA,NA,NA,NA,NA,NA,NA,NA,NA,NA,NA,NA,NA,NA,NA,NA,NA,NA,NA,NA,NA,NA,NA,NA,NA,NA,NA,NA,NA,NA,NA,NA,NA,NA,NA,NA,NA,NA,NA,NA,NA,NA,NA,NA,NA,NA,NA,NA,NA,NA,NA,NA,NA,NA,NA,NA,NA,NA,NA,NA,NA,NA,NA,NA,NA,NA,NA,NA,NA,NA,NA,NA,NA,NA,NA,NA,NA,NA,NA,NA,NA,NA,NA,NA,NA,NA,NA,NA,NA,NA,NA,NA,NA,NA,NA,NA,NA,NA,NA,NA,NA,NA,NA,NA,NA,NA,NA,NA,NA,NA,NA,NA,NA,NA,NA,NA,NA,NA,NA,NA,NA,NA,NA,NA,NA,NA,NA,NA,NA,NA,NA,NA,NA,NA,NA,NA,NA,NA,NA,NA,NA
"35","25","  PCE excluding food and energy \4\","DPCCRG3",18.517,18.529,18.548,18.593,18.615,18.668,18.711,18.741,18.79,18.822,18.857,18.886,18.892,18.926,18.928,18.963,18.994,19.007,19.041,19.069,19.084,19.096,19.147,19.142,19.145,19.165,19.171,19.197,19.223,19.252,19.282,19.302,19.341,19.348,19.352,19.37,19.394,19.426,19.471,19.474,19.501,19.537,19.553,19.554,19.591,19.589,19.603,19.609,19.648,19.668,19.678,19.701,19.735,19.768,19.786,19.803,19.839,19.883,19.902,19.931,19.959,19.998,20.018,20.037,20.055,20.07,20.091,20.118,20.128,20.136,20.166,20.194,20.221,20.245,20.256,20.28,20.317,20.311,20.332,20.37,20.394,20.387,20.425,20.487,20.494,20.545,20.572,20.645,20.701,20.768,20.83,20.869,20.933,21.003,21.056,21.12,21.14,21.178,21.21,21.268,21.315,21.369,21.441,21.507,21.582,21.662,21.731,21.783,21.879,21.972,22.059,22.14,22.224,22.31,22.385,22.472,22.563,22.655,22.741,22.811,22.899,22.979,23.087,23.176,23.27,23.35,23.459,23.526,23.621,23.722,23.814,23.902,23.981,24.073,24.163,24.258,24.343,24.431,24.524,24.609,24.712,24.834,24.962,25.087,25.186,25.283,25.364,25.458,25.569,25.67,25.768,25.805,25.848,25.889,25.947,26.029,26.14,26.211,26.263,26.324,26.386,26.439,26.515,26.571,26.66,26.676,26.747,26.828,26.844,26.927,27.036,27.197,27.302,27.421,27.538,27.666,27.805,27.914,28.049,28.205,28.343,28.524,28.747,28.963,29.24,29.541,29.803,30.09,30.361,30.599,30.823,31.041,31.223,31.444,31.609,31.764,31.901,32.056,32.254,32.366,32.542,32.704,32.921,33.121,33.29,33.423,33.533,33.664,33.822,33.959,34.146,34.342,34.544,34.713,34.87,35.057
"36","26","  Energy goods and services \5\","DNRGRG3",11.957,12.125,12.136,12.2,12.171,12.151,12.139,12.29,12.25,12.429,12.451,12.475,12.42,12.411,12.342,12.414,12.395,12.45,12.547,12.644,12.632,12.572,12.694,12.634,12.669,12.678,12.579,12.381,12.457,12.473,12.559,12.619,12.633,12.567,12.617,12.493,12.527,12.617,12.457,12.621,12.607,12.506,12.398,12.532,12.769,12.691,12.7,12.786,12.695,12.682,12.595,12.568,12.618,12.482,12.599,12.713,12.543,12.627,12.591,12.609,12.568,12.56,12.536,12.529,12.491,12.502,12.501,12.481,12.517,12.555,12.58,12.63,12.704,12.697,12.747,12.761,12.76,12.8,12.786,12.784,12.81,12.893,12.879,12.926,12.917,12.893,12.905,12.905,12.944,12.942,12.992,13.007,13.082,13.106,13.133,13.155,13.202,13.213,13.188,13.262,13.252,13.27,13.282,13.301,13.398,13.323,13.435,13.347,13.421,13.446,13.432,13.384,13.432,13.476,13.479,13.574,13.523,13.549,13.592,13.525,13.612,13.639,13.763,13.861,13.855,13.918,13.885,13.905,13.908,13.937,13.904,13.968,13.949,14.003,13.872,14.191,14.148,14.107,14.189,14.087,14.197,14.362,14.453,14.552,14.615,14.536,14.521,14.442,14.468,14.541,14.501,14.851,14.905,14.924,14.891,14.939,14.871,14.86,14.888,14.834,14.907,14.846,14.954,15.104,15.292,15.337,15.399,15.408,15.502,15.661,15.719,15.901,15.992,16.238,16.26,16.312,16.311,16.815,17.446,18.123,19.086,19.893,20.815,21.159,21.567,21.692,21.858,21.939,22.01,21.912,21.931,22.054,22.348,22.431,22.496,22.623,22.8,23.164,23.669,23.889,24.176,24.386,24.541,24.621,24.604,24.58,24.511,24.396,24.572,24.834,24.908,25.008,25.198,25.489,25.792,26.108
"37","27","  Market-based PCE \6\","DPCMRG3",NA,NA,NA,NA,NA,NA,NA,NA,NA,NA,NA,NA,NA,NA,NA,NA,NA,NA,NA,NA,NA,NA,NA,NA,NA,NA,NA,NA,NA,NA,NA,NA,NA,NA,NA,NA,NA,NA,NA,NA,NA,NA,NA,NA,NA,NA,NA,NA,NA,NA,NA,NA,NA,NA,NA,NA,NA,NA,NA,NA,NA,NA,NA,NA,NA,NA,NA,NA,NA,NA,NA,NA,NA,NA,NA,NA,NA,NA,NA,NA,NA,NA,NA,NA,NA,NA,NA,NA,NA,NA,NA,NA,NA,NA,NA,NA,NA,NA,NA,NA,NA,NA,NA,NA,NA,NA,NA,NA,NA,NA,NA,NA,NA,NA,NA,NA,NA,NA,NA,NA,NA,NA,NA,NA,NA,NA,NA,NA,NA,NA,NA,NA,NA,NA,NA,NA,NA,NA,NA,NA,NA,NA,NA,NA,NA,NA,NA,NA,NA,NA,NA,NA,NA,NA,NA,NA,NA,NA,NA,NA,NA,NA,NA,NA,NA,NA,NA,NA,NA,NA,NA,NA,NA,NA,NA,NA,NA,NA,NA,NA,NA,NA,NA,NA,NA,NA,NA,NA,NA,NA,NA,NA,NA,NA,NA,NA,NA,NA,NA,NA,NA,NA,NA,NA,NA,NA,NA,NA,NA,NA,NA,NA,NA,NA,NA,NA
"38","28","  Market-based PCE excluding food and energy \6\","DPCXRG3",NA,NA,NA,NA,NA,NA,NA,NA,NA,NA,NA,NA,NA,NA,NA,NA,NA,NA,NA,NA,NA,NA,NA,NA,NA,NA,NA,NA,NA,NA,NA,NA,NA,NA,NA,NA,NA,NA,NA,NA,NA,NA,NA,NA,NA,NA,NA,NA,NA,NA,NA,NA,NA,NA,NA,NA,NA,NA,NA,NA,NA,NA,NA,NA,NA,NA,NA,NA,NA,NA,NA,NA,NA,NA,NA,NA,NA,NA,NA,NA,NA,NA,NA,NA,NA,NA,NA,NA,NA,NA,NA,NA,NA,NA,NA,NA,NA,NA,NA,NA,NA,NA,NA,NA,NA,NA,NA,NA,NA,NA,NA,NA,NA,NA,NA,NA,NA,NA,NA,NA,NA,NA,NA,NA,NA,NA,NA,NA,NA,NA,NA,NA,NA,NA,NA,NA,NA,NA,NA,NA,NA,NA,NA,NA,NA,NA,NA,NA,NA,NA,NA,NA,NA,NA,NA,NA,NA,NA,NA,NA,NA,NA,NA,NA,NA,NA,NA,NA,NA,NA,NA,NA,NA,NA,NA,NA,NA,NA,NA,NA,NA,NA,NA,NA,NA,NA,NA,NA,NA,NA,NA,NA,NA,NA,NA,NA,NA,NA,NA,NA,NA,NA,NA,NA,NA,NA,NA,NA,NA,NA,NA,NA,NA,NA,NA,NA
"39",NA,"Personal consumption expenditures by major function (From NIPA table 2.5.4):"," ",NA,NA,NA,NA,NA,NA,NA,NA,NA,NA,NA,NA,NA,NA,NA,NA,NA,NA,NA,NA,NA,NA,NA,NA,NA,NA,NA,NA,NA,NA,NA,NA,NA,NA,NA,NA,NA,NA,NA,NA,NA,NA,NA,NA,NA,NA,NA,NA,NA,NA,NA,NA,NA,NA,NA,NA,NA,NA,NA,NA,NA,NA,NA,NA,NA,NA,NA,NA,NA,NA,NA,NA,NA,NA,NA,NA,NA,NA,NA,NA,NA,NA,NA,NA,NA,NA,NA,NA,NA,NA,NA,NA,NA,NA,NA,NA,NA,NA,NA,NA,NA,NA,NA,NA,NA,NA,NA,NA,NA,NA,NA,NA,NA,NA,NA,NA,NA,NA,NA,NA,NA,NA,NA,NA,NA,NA,NA,NA,NA,NA,NA,NA,NA,NA,NA,NA,NA,NA,NA,NA,NA,NA,NA,NA,NA,NA,NA,NA,NA,NA,NA,NA,NA,NA,NA,NA,NA,NA,NA,NA,NA,NA,NA,NA,NA,NA,NA,NA,NA,NA,NA,NA,NA,NA,NA,NA,NA,NA,NA,NA,NA,NA,NA,NA,NA,NA,NA,NA,NA,NA,NA,NA,NA,NA,NA,NA,NA,NA,NA,NA,NA,NA,NA,NA,NA,NA,NA,NA,NA,NA,NA,NA,NA,NA,NA,NA
"40","29","      Personal consumption expenditures","DPCERG3",18.157,18.173,18.185,18.221,18.23,18.281,18.319,18.346,18.394,18.438,18.45,18.471,18.462,18.48,18.491,18.558,18.578,18.586,18.62,18.652,18.663,18.685,18.748,18.752,18.754,18.773,18.762,18.751,18.762,18.771,18.812,18.828,18.85,18.848,18.85,18.856,18.892,18.943,18.967,18.989,19.001,19.013,19.001,19.028,19.12,19.1,19.114,19.106,19.154,19.172,19.156,19.154,19.184,19.226,19.263,19.289,19.285,19.323,19.35,19.381,19.421,19.45,19.462,19.478,19.48,19.508,19.534,19.55,19.58,19.593,19.62,19.649,19.67,19.678,19.703,19.734,19.778,19.835,19.85,19.855,19.863,19.87,19.904,19.976,20,20.083,20.132,20.203,20.228,20.279,20.318,20.396,20.461,20.515,20.546,20.589,20.591,20.615,20.626,20.66,20.699,20.766,20.835,20.9,20.963,21.021,21.09,21.124,21.221,21.307,21.376,21.442,21.522,21.59,21.656,21.745,21.821,21.917,21.992,22.038,22.126,22.182,22.287,22.386,22.477,22.586,22.685,22.749,22.843,22.921,23.02,23.126,23.208,23.301,23.359,23.477,23.552,23.613,23.699,23.761,23.868,23.986,24.081,24.188,24.239,24.31,24.391,24.486,24.588,24.697,24.772,24.844,24.881,24.92,24.971,25.069,25.172,25.272,25.308,25.347,25.403,25.442,25.533,25.608,25.722,25.751,25.828,25.911,25.989,26.125,26.31,26.509,26.638,26.791,26.889,27.197,27.306,27.46,27.685,27.914,28.181,28.508,28.84,29.044,29.329,29.578,29.797,30.108,30.422,30.64,30.871,31.115,31.308,31.479,31.587,31.695,31.823,32.021,32.296,32.436,32.598,32.787,32.997,33.18,33.306,33.349,33.399,33.476,33.634,33.78,33.952,34.139,34.33,34.511,34.667,34.86
"41","30","Household consumption expenditures \7\","DPHCRG3",17.796,17.813,17.823,17.857,17.866,17.918,17.952,17.978,18.024,18.069,18.082,18.107,18.101,18.124,18.139,18.208,18.231,18.242,18.277,18.31,18.321,18.343,18.407,18.409,18.411,18.427,18.415,18.404,18.413,18.42,18.46,18.475,18.495,18.494,18.496,18.502,18.538,18.59,18.612,18.634,18.645,18.658,18.646,18.673,18.764,18.744,18.758,18.75,18.795,18.814,18.797,18.795,18.824,18.866,18.902,18.928,18.924,18.961,18.988,19.018,19.059,19.088,19.1,19.117,19.119,19.145,19.17,19.187,19.217,19.23,19.257,19.284,19.303,19.309,19.333,19.364,19.406,19.463,19.478,19.482,19.489,19.496,19.527,19.598,19.622,19.703,19.751,19.82,19.844,19.895,19.933,20.009,20.074,20.125,20.155,20.197,20.199,20.223,20.234,20.265,20.302,20.368,20.437,20.502,20.563,20.621,20.689,20.719,20.815,20.9,20.969,21.034,21.111,21.179,21.244,21.33,21.406,21.499,21.572,21.616,21.701,21.756,21.857,21.954,22.042,22.148,22.246,22.307,22.4,22.478,22.574,22.676,22.759,22.85,22.908,23.024,23.097,23.158,23.244,23.305,23.408,23.523,23.615,23.721,23.768,23.838,23.915,24.01,24.11,24.217,24.29,24.358,24.394,24.432,24.482,24.581,24.68,24.778,24.815,24.853,24.907,24.944,25.034,25.105,25.217,25.243,25.319,25.399,25.482,25.618,25.8,25.989,26.12,26.259,26.349,26.659,26.754,26.911,27.132,27.357,27.614,27.932,28.256,28.448,28.724,28.967,29.189,29.492,29.8,30.018,30.242,30.483,30.676,30.832,30.934,31.054,31.167,31.362,31.625,31.767,31.923,32.12,32.323,32.491,32.614,32.656,32.709,32.784,32.942,33.091,33.265,33.444,33.631,33.81,33.961,34.14
"42","31","  Food and beverages purchased for off-premises consumption","DFXARG3",19.967,19.892,19.854,19.799,19.755,19.821,19.856,19.782,19.873,19.878,19.792,19.785,19.755,19.732,19.835,20.036,20.036,20.002,20,20.007,20.019,20.131,20.207,20.286,20.259,20.277,20.248,20.202,20.108,20.031,20.082,20.052,20.007,20.01,19.973,20.007,20.097,20.205,20.255,20.265,20.226,20.204,20.137,20.204,20.444,20.38,20.398,20.266,20.444,20.476,20.388,20.293,20.288,20.482,20.559,20.566,20.489,20.464,20.571,20.615,20.763,20.768,20.769,20.784,20.74,20.838,20.902,20.891,21.012,21.029,21.047,21.058,21.016,20.958,21.033,21.106,21.213,21.581,21.588,21.437,21.359,21.384,21.424,21.561,21.685,21.994,22.174,22.275,22.147,22.15,22.073,22.383,22.442,22.44,22.364,22.314,22.193,22.157,22.093,21.98,22.013,22.173,22.265,22.359,22.333,22.372,22.411,22.432,22.549,22.638,22.674,22.747,22.822,22.814,22.88,22.968,23.054,23.212,23.251,23.256,23.337,23.298,23.369,23.509,23.653,23.932,24.073,24.148,24.303,24.297,24.524,24.74,24.91,25.029,25.061,25.143,25.246,25.24,25.291,25.354,25.47,25.532,25.457,25.47,25.271,25.316,25.46,25.681,25.786,25.956,25.989,26.039,26.031,26.071,26.145,26.367,26.547,26.881,26.836,26.825,26.831,26.868,27.02,27.137,27.329,27.416,27.534,27.675,28.078,28.484,29.19,29.615,29.91,30.182,30.219,31.761,31.77,31.9,32.316,32.598,33.078,33.901,34.434,34.444,34.668,34.686,34.675,35.296,36.032,36.375,36.801,37.289,37.464,37.395,37.186,37.003,37.032,37.348,37.886,38.125,38.094,38.427,38.636,38.785,38.758,38.306,38.079,37.975,38.121,38.231,38.373,38.565,38.697,38.847,38.871,38.988
"43","32","  Clothing, footwear, and related services","DCAFRG3",48.333,48.336,48.387,48.46,48.517,48.632,48.727,48.988,49.061,49.085,49.085,49.122,49.081,49.278,49.318,49.497,49.473,49.471,49.523,49.672,49.743,49.744,49.697,49.81,49.737,49.825,49.818,49.673,49.76,49.721,49.878,49.931,49.969,49.915,49.922,49.922,49.646,49.72,49.996,49.957,49.953,50.041,50.099,49.944,50.505,50.455,50.25,50.107,50.288,50.365,50.388,50.447,50.407,50.491,50.583,50.621,50.586,50.708,50.838,50.881,50.96,50.965,50.989,51.055,51.1,51.106,51.143,51.07,51.013,50.919,51.074,51.198,51.298,51.288,51.223,51.293,51.364,51.535,51.607,51.834,51.687,51.752,51.878,51.996,52.163,52.302,52.432,52.596,52.742,52.921,53.208,53.197,53.496,53.665,53.863,54.146,54.248,54.438,54.657,54.801,54.982,55.187,55.444,55.582,55.728,55.886,56.066,56.282,56.541,56.906,57.194,57.587,57.901,58.227,58.498,58.83,59.145,59.356,59.546,59.829,60.148,60.329,60.543,60.78,61.042,61.308,61.703,61.658,62.022,62.178,62.479,62.664,62.789,63.032,63.026,63.194,63.343,63.589,63.741,63.877,64.206,64.437,64.738,65.004,65.158,65.353,65.454,65.645,66.026,66.179,66.359,66.081,66.347,66.405,66.458,66.574,66.776,66.859,66.9,66.97,67.056,67.033,67.108,66.811,67.349,67.617,67.77,68.036,68.111,68.251,68.739,69.11,69.321,69.609,69.555,69.759,69.949,70.169,70.405,70.658,70.987,71.741,72.473,73.117,73.938,74.588,75.22,76.643,76.781,77.086,77.531,77.572,77.562,77.797,77.937,78.008,78.097,78.045,78.51,78.822,78.623,78.831,79.058,79.214,79.582,79.804,79.892,80.116,80.536,80.812,81.256,81.703,81.991,82.106,82.415,82.783
"44","33","  Housing, utilities, and fuels","DHUFRG3",14.886,14.902,14.925,14.973,14.976,15.019,15.032,15.038,15.05,15.099,15.115,15.172,15.182,15.192,15.166,15.191,15.239,15.243,15.289,15.29,15.312,15.324,15.374,15.371,15.391,15.424,15.426,15.476,15.479,15.509,15.532,15.525,15.523,15.53,15.532,15.532,15.581,15.592,15.607,15.574,15.628,15.632,15.653,15.691,15.697,15.689,15.71,15.719,15.762,15.758,15.765,15.791,15.825,15.824,15.826,15.827,15.83,15.881,15.891,15.877,15.868,15.898,15.9,15.9,15.924,15.928,15.93,15.969,15.973,15.98,15.98,16.008,16.005,16.035,16.037,16.035,16.072,16.07,16.08,16.094,16.098,16.142,16.172,16.187,16.22,16.239,16.245,16.291,16.296,16.301,16.308,16.309,16.357,16.408,16.411,16.437,16.483,16.525,16.526,16.542,16.543,16.599,16.61,16.624,16.685,16.72,16.73,16.75,16.798,16.832,16.857,16.906,16.953,16.98,17.016,17.041,17.094,17.137,17.154,17.217,17.258,17.276,17.329,17.359,17.458,17.483,17.58,17.608,17.674,17.737,17.801,17.859,17.922,17.973,18.044,18.094,18.162,18.232,18.305,18.386,18.453,18.549,18.651,18.772,18.828,18.91,18.989,19.051,19.149,19.241,19.305,19.387,19.455,19.47,19.52,19.578,19.637,19.692,19.756,19.783,19.843,19.896,19.963,20.039,20.111,20.13,20.211,20.301,20.424,20.52,20.584,20.682,20.782,20.827,20.897,21.023,21.086,21.204,21.377,21.607,21.783,21.947,22.026,22.167,22.245,22.402,22.516,22.645,22.802,22.949,23.069,23.214,23.523,23.663,23.724,23.881,24.004,24.147,24.289,24.396,24.576,24.783,24.957,25.112,25.226,25.373,25.498,25.573,25.708,25.863,25.987,26.18,26.342,26.557,26.751,27.069
"45","34","  Furnishings, household equipment, and routine household maintenance","DFHHRG3",32.612,32.607,32.643,32.692,32.689,32.872,32.979,33.132,33.174,33.206,33.24,33.233,33.298,33.332,33.406,33.455,33.482,33.487,33.508,33.512,33.567,33.591,33.584,33.615,33.61,33.601,33.604,33.638,33.648,33.674,33.625,33.621,33.579,33.595,33.604,33.588,33.623,33.64,33.712,33.69,33.688,33.699,33.718,33.709,33.737,33.766,33.778,33.78,33.784,33.795,33.789,33.826,33.847,33.864,33.849,33.838,33.886,33.892,33.941,33.973,33.967,33.997,34.001,34.041,34.042,34.048,34.041,34.048,34.056,34.079,34.067,34.065,34.079,34.099,34.111,34.123,34.143,34.155,34.183,34.175,34.177,34.189,34.222,34.27,34.326,34.34,34.369,34.45,34.501,34.596,34.725,34.839,34.94,35.059,35.166,35.296,35.294,35.333,35.337,35.389,35.468,35.521,35.597,35.682,35.76,35.853,35.969,36.115,36.376,36.547,36.766,36.919,37.013,37.136,37.223,37.332,37.42,37.577,37.703,37.837,37.897,38.017,38.139,38.26,38.393,38.497,38.626,38.719,38.82,38.964,39.015,39.171,39.283,39.479,39.552,39.685,39.745,39.786,39.863,39.955,40.018,40.143,40.301,40.41,40.505,40.63,40.675,40.831,40.907,41.028,41.073,41.203,41.214,41.232,41.241,41.345,41.428,41.45,41.508,41.615,41.664,41.708,41.829,41.845,41.976,42.044,42.119,42.265,42.323,42.45,42.592,42.652,42.739,42.938,43.007,43.104,43.28,43.405,43.616,43.791,44.181,44.46,44.92,45.372,46.211,46.787,47.652,48.501,49.237,50.059,50.739,51.323,51.654,52.152,52.382,52.755,52.882,53.065,53.264,53.438,53.769,54.031,54.388,54.553,54.85,55.322,55.677,55.906,56.027,56.19,56.386,56.419,56.701,56.899,57.2,57.491
"46","35","  Health","DHLTRG3",8.171,8.184,8.197,8.227,8.261,8.282,8.296,8.326,8.372,8.424,8.471,8.496,8.462,8.53,8.585,8.641,8.721,8.771,8.805,8.846,8.882,8.899,8.922,8.913,8.897,8.888,8.868,8.856,8.856,8.85,8.852,8.849,8.864,8.868,8.881,8.895,8.91,8.936,8.934,8.974,8.974,9.002,9.003,9.018,9.035,9.048,9.083,9.083,9.089,9.11,9.11,9.119,9.135,9.162,9.175,9.21,9.223,9.23,9.242,9.272,9.309,9.325,9.345,9.374,9.387,9.396,9.419,9.447,9.46,9.494,9.523,9.538,9.563,9.566,9.573,9.61,9.633,9.655,9.661,9.676,9.702,9.718,9.735,9.763,9.783,9.836,9.845,9.896,9.925,9.992,10.024,10.07,10.131,10.187,10.229,10.258,10.307,10.354,10.387,10.422,10.449,10.503,10.543,10.61,10.648,10.694,10.75,10.792,10.843,10.878,10.954,10.982,11.007,11.074,11.098,11.155,11.208,11.269,11.316,11.36,11.416,11.483,11.566,11.64,11.696,11.746,11.797,11.852,11.929,11.999,12.065,12.123,12.206,12.259,12.341,12.423,12.502,12.58,12.631,12.675,12.727,12.774,12.81,12.888,12.906,12.939,12.97,13.036,13.088,13.139,13.181,13.23,13.262,13.299,13.35,13.401,13.433,13.477,13.502,13.532,13.546,13.589,13.666,13.709,13.737,13.77,13.81,13.834,13.866,13.931,13.982,14.044,14.088,14.139,14.171,14.284,14.34,14.429,14.488,14.55,14.65,14.759,14.902,14.984,15.157,15.319,15.456,15.655,15.813,15.961,16.101,16.256,16.378,16.513,16.606,16.734,16.822,16.993,17.123,17.23,17.408,17.541,17.72,17.875,17.984,18.09,18.221,18.33,18.453,18.599,18.694,18.831,18.951,19.043,19.212,19.279
"47","36","  Transportation","DTRNRG3",20.242,20.422,20.446,20.545,20.559,20.61,20.612,20.655,20.656,20.817,20.851,20.863,20.732,20.728,20.608,20.654,20.619,20.619,20.695,20.802,20.677,20.594,20.891,20.696,20.756,20.734,20.671,20.519,20.675,20.742,20.867,20.992,21.096,21.016,20.958,20.887,20.903,21.045,20.942,21.16,21.151,21.098,20.996,21.137,21.393,21.229,21.219,21.267,21.169,21.207,21.149,21.106,21.171,21.104,21.208,21.31,21.276,21.339,21.264,21.3,21.329,21.391,21.342,21.341,21.27,21.28,21.302,21.299,21.317,21.288,21.367,21.425,21.517,21.502,21.563,21.578,21.618,21.467,21.482,21.515,21.56,21.423,21.457,21.664,21.443,21.5,21.486,21.538,21.555,21.579,21.69,21.724,21.799,21.842,21.874,21.996,21.852,21.842,21.849,21.994,22.052,22.072,22.224,22.316,22.47,22.519,22.673,22.497,22.633,22.689,22.706,22.701,22.771,22.833,22.873,23.001,23.023,23.124,23.266,23.113,23.196,23.309,23.54,23.646,23.602,23.711,23.703,23.751,23.729,23.834,23.847,23.944,23.998,24.096,24.02,24.313,24.315,24.319,24.467,24.448,24.633,24.937,25.085,25.315,25.469,25.446,25.464,25.438,25.514,25.6,25.627,25.677,25.519,25.54,25.519,25.617,25.695,25.713,25.751,25.743,25.819,25.755,25.865,26.008,26.197,26.008,26.057,26.105,26.144,26.28,26.34,26.552,26.64,26.809,26.849,26.905,26.856,27.177,27.576,27.993,28.445,28.98,29.709,30.016,30.495,30.899,31.256,31.382,31.658,31.81,31.918,32.102,32.166,32.34,32.68,32.79,32.931,33.319,33.807,34.021,34.313,34.527,34.641,34.881,34.965,35.002,35.033,35.041,35.26,35.509,35.631,35.886,36.186,36.606,36.733,36.913
"48","37","  Communication","DCMCRG3",46.914,47.166,47.478,47.497,47.516,47.586,47.613,47.671,47.73,47.692,47.698,47.807,47.919,48.156,48.242,48.255,48.284,48.293,48.39,48.53,48.758,48.694,48.634,48.576,48.542,48.557,48.531,48.525,48.529,48.567,48.587,48.622,48.643,48.685,48.705,48.67,48.699,48.66,48.623,48.591,48.632,48.624,48.642,48.624,48.663,48.633,48.593,48.815,49.102,49.341,49.464,49.518,49.594,49.665,49.691,49.68,49.704,49.727,49.741,49.75,49.753,49.797,49.807,49.833,49.825,49.862,49.884,49.922,49.955,49.892,49.915,49.886,49.782,49.659,49.455,49.417,49.204,49.143,49.182,49.187,49.207,49.214,49.145,49.137,48.217,47.232,46.367,47.254,48.15,49.064,49.106,49.141,49.148,49.14,49.162,49.178,49.202,49.219,49.138,49.178,49.178,49.183,49.164,49.318,49.303,49.122,48.95,48.974,49.228,49.55,49.645,49.814,49.991,50.049,50.064,50.159,50.225,50.356,50.484,50.539,50.545,50.636,50.599,50.693,50.743,50.835,50.837,50.857,50.887,50.908,50.893,50.968,50.566,50.523,50.924,51.307,51.228,51.237,51.337,51.355,51.613,51.735,52.159,52.204,52.481,52.992,53.274,53.682,54.015,54.282,55.567,55.805,55.843,55.847,55.844,56.028,56.522,57.393,57.325,57.356,57.405,57.677,57.821,58.002,58.204,58.413,58.441,58.481,58.31,58.496,58.591,58.746,58.751,58.963,58.957,59.357,59.432,59.609,59.608,60.944,61.116,61.141,62.398,62.526,62.543,62.533,62.535,62.532,62.913,62.93,62.921,62.918,62.835,63.082,63.57,63.718,63.957,64.438,64.516,64.745,64.987,65.112,66.002,66.101,67.223,67.309,67.657,67.728,67.806,67.847,68.118,68.899,68.812,68.905,69.118,69.103
"49","38","  Recreation","DRRLRG3",42.323,42.388,42.517,42.58,42.63,42.731,42.848,42.978,43.077,43.182,43.263,43.286,43.343,43.453,43.528,43.57,43.591,43.655,43.703,43.793,43.855,43.868,43.883,43.946,44.031,44.112,44.105,44.146,44.188,44.197,44.232,44.291,44.331,44.401,44.405,44.44,44.502,44.553,44.588,44.626,44.643,44.676,44.696,44.732,44.751,44.797,44.846,44.857,44.864,44.895,44.975,45.079,45.244,45.367,45.495,45.566,45.672,45.922,46.015,45.95,46.02,46.098,46.143,46.149,46.15,46.19,46.252,46.29,46.339,46.344,46.363,46.369,46.414,46.46,46.464,46.468,46.538,46.635,46.606,46.591,46.617,46.563,46.493,46.525,46.614,46.69,46.8,46.858,46.951,47.006,47.018,47.078,47.156,47.256,47.401,47.474,47.63,47.616,47.69,47.752,47.802,47.875,48.046,48.162,48.286,48.523,48.705,48.896,49.092,49.276,49.371,49.539,49.707,49.867,50.055,50.23,50.411,50.55,50.685,50.819,50.974,51.064,51.246,51.449,51.649,51.737,51.848,51.984,52.082,52.164,52.298,52.384,52.499,52.578,52.773,52.78,52.896,53.045,53.265,53.419,53.569,53.825,54.257,54.377,54.638,54.789,54.997,55.273,55.432,55.632,55.775,55.833,55.982,55.978,56.002,56.132,56.313,56.414,56.405,56.514,56.481,56.531,56.621,56.746,56.823,56.929,57.009,57.108,57.145,57.3,57.461,57.695,57.839,57.917,58.008,58.15,58.349,58.602,58.845,59.019,59.349,59.696,60.039,60.513,61.151,61.707,62.452,62.754,63.357,63.788,64.248,64.656,65.178,65.538,65.725,66.346,66.374,66.485,66.7,66.878,67.151,67.394,67.705,68.155,68.57,68.466,68.235,68.692,69.134,69.149,69.57,69.314,69.732,70.151,70.319,70.311
"50","39","  Education","DEDURG3",5.953,5.888,5.822,5.764,5.706,5.642,5.66,5.668,5.685,5.702,5.715,5.753,5.767,5.791,5.806,5.829,5.842,5.855,5.884,5.879,5.917,5.935,5.949,5.963,5.951,5.951,5.944,5.931,5.939,5.954,5.973,5.991,6.024,6.022,6.018,6.02,6.032,6.035,6.059,6.081,6.121,6.125,6.117,6.101,6.125,6.146,6.145,6.16,6.171,6.182,6.19,6.203,6.207,6.221,6.247,6.251,6.266,6.288,6.317,6.328,6.321,6.322,6.338,6.343,6.358,6.372,6.387,6.402,6.404,6.422,6.433,6.448,6.469,6.492,6.518,6.549,6.574,6.592,6.625,6.635,6.68,6.693,6.711,6.722,6.748,6.758,6.801,6.836,6.875,6.909,6.927,6.951,6.973,7.008,7.025,7.037,7.069,7.072,7.103,7.131,7.166,7.198,7.197,7.206,7.229,7.249,7.289,7.318,7.35,7.375,7.396,7.424,7.447,7.479,7.52,7.569,7.602,7.648,7.675,7.712,7.741,7.775,7.822,7.86,7.908,7.947,8.001,8.037,8.096,8.122,8.164,8.21,8.273,8.304,8.347,8.376,8.427,8.476,8.527,8.563,8.623,8.647,8.756,8.768,8.792,8.814,8.836,8.874,8.899,8.957,8.997,9.036,9.07,9.073,9.096,9.182,9.219,9.266,9.295,9.3,9.307,9.391,9.453,9.531,9.587,9.616,9.638,9.679,9.527,9.525,9.556,9.718,9.813,9.996,10.641,10.568,10.725,10.437,10.492,10.582,10.682,10.775,11.116,11.213,11.396,11.653,11.661,11.62,11.805,11.608,11.616,11.674,11.696,11.773,11.879,11.903,12.115,12.277,12.952,12.86,12.989,12.715,12.718,12.764,12.767,12.798,12.901,12.974,13.061,13.286,13.646,13.605,13.711,13.516,13.548,13.621
"51","40","  Food services and accommodations","DFSARG3",12.778,12.843,12.865,12.947,13.021,13.051,13.116,13.134,13.176,13.181,13.239,13.249,13.308,13.363,13.364,13.38,13.376,13.386,13.428,13.424,13.432,13.448,13.44,13.485,13.502,13.555,13.554,13.611,13.624,13.638,13.685,13.677,13.778,13.775,13.829,13.839,13.835,13.878,13.909,13.913,13.957,14.025,14.085,14.078,14.035,14.108,14.139,14.18,14.195,14.241,14.249,14.266,14.321,14.316,14.3,14.3,14.355,14.416,14.407,14.408,14.442,14.438,14.498,14.512,14.554,14.56,14.56,14.56,14.549,14.59,14.578,14.6,14.658,14.677,14.719,14.742,14.726,14.731,14.752,14.877,14.964,14.979,15.014,15.037,15.07,15.086,15.16,15.16,15.283,15.405,15.473,15.487,15.54,15.591,15.694,15.802,15.875,15.952,16.012,16.127,16.179,16.22,16.288,16.334,16.395,16.45,16.549,16.615,16.663,16.761,16.815,16.86,16.963,17.072,17.133,17.22,17.32,17.366,17.465,17.532,17.607,17.686,17.74,17.833,17.94,18.027,18.131,18.232,18.373,18.549,18.625,18.711,18.805,18.964,19.084,19.295,19.396,19.462,19.569,19.642,19.695,19.762,19.869,19.984,20.111,20.219,20.256,20.292,20.389,20.477,20.536,20.643,20.703,20.745,20.793,20.82,20.883,20.924,20.977,21.084,21.17,21.226,21.278,21.353,21.452,21.5,21.593,21.643,21.69,21.803,21.931,22.117,22.371,22.511,22.647,22.849,23.22,23.557,23.822,24.001,24.15,24.279,24.439,24.711,24.925,25.191,25.484,25.745,25.941,26.182,26.376,26.618,26.802,27.037,27.145,27.28,27.39,27.458,27.585,27.78,27.962,28.151,28.345,28.49,28.594,28.789,28.9,29.054,29.242,29.344,29.538,29.709,29.864,29.979,30.094,30.25
"52","41","  Financial services and insurance","DIFSRG3",11.634,11.633,11.616,11.587,11.573,11.581,11.604,11.62,11.663,11.714,11.759,11.813,11.924,11.934,11.954,12.018,12.069,12.129,12.183,12.245,12.288,12.351,12.394,12.422,12.383,12.394,12.399,12.41,12.421,12.483,12.557,12.63,12.698,12.75,12.819,12.894,13.023,13.061,13.066,13.11,13.138,13.162,13.142,13.083,13.058,13.035,13.073,13.105,13.164,13.094,13.051,13.032,13.019,13.034,13.055,13.095,13.108,13.125,13.187,13.267,13.323,13.386,13.467,13.518,13.576,13.634,13.685,13.742,13.802,13.866,13.9,13.912,13.886,13.879,13.861,13.887,13.904,13.936,13.985,14.021,14.063,14.115,14.173,14.271,14.38,14.508,14.607,14.69,14.762,14.827,14.9,14.99,15.055,15.11,15.149,15.129,15.116,15.069,15.034,15.04,15.049,15.092,15.129,15.165,15.232,15.339,15.427,15.504,15.542,15.707,15.9,15.979,16.116,16.257,16.41,16.531,16.636,16.748,16.862,16.999,17.215,17.297,17.415,17.533,17.652,17.727,17.815,17.902,18.002,18.107,18.199,18.316,18.339,18.388,18.443,18.501,18.541,18.621,18.677,18.71,18.829,18.946,19.037,19.094,19.176,19.269,19.35,19.479,19.606,19.748,19.883,20.026,20.114,20.199,20.294,20.416,20.629,20.734,20.812,20.864,20.934,20.998,21.087,21.153,21.185,21.209,21.246,21.268,20.971,21.022,21.122,21.243,21.341,21.445,21.482,21.687,21.771,21.872,21.977,22.14,22.357,22.525,22.681,22.817,22.983,23.122,23.28,23.476,23.65,23.783,23.96,24.115,24.257,24.373,24.508,24.691,24.835,24.965,24.991,25.034,25.123,25.315,25.622,25.664,25.731,25.747,25.689,25.549,25.499,25.591,25.864,26.136,26.306,26.354,26.422,26.574
"53","42","  Other goods and services","DOISRG3",13.914,13.911,13.915,13.994,14.029,14.088,14.138,14.203,14.292,14.287,14.326,14.362,14.379,14.375,14.397,14.407,14.424,14.44,14.429,14.441,14.444,14.442,14.466,14.472,14.483,14.485,14.499,14.493,14.504,14.513,14.512,14.529,14.547,14.551,14.574,14.571,14.611,14.62,14.664,14.606,14.593,14.653,14.647,14.651,14.688,14.707,14.735,14.746,14.778,14.786,14.791,14.843,14.896,14.96,14.99,15.025,15.026,15.061,15.073,15.194,15.194,15.24,15.248,15.271,15.293,15.293,15.317,15.341,15.362,15.38,15.426,15.449,15.477,15.534,15.571,15.634,15.693,15.729,15.722,15.718,15.722,15.72,15.738,15.762,15.807,15.842,15.881,15.962,16.019,16.071,16.121,16.163,16.187,16.239,16.284,16.309,16.368,16.417,16.445,16.492,16.531,16.542,16.593,16.682,16.76,16.809,16.855,16.914,17.003,17.063,17.128,17.179,17.242,17.308,17.339,17.4,17.472,17.554,17.638,17.716,17.802,17.871,17.964,18.085,18.137,18.247,18.38,18.465,18.566,18.629,18.747,18.814,18.874,18.974,19.036,19.128,19.2,19.268,19.336,19.413,19.495,19.583,19.645,19.717,19.776,19.817,19.882,19.918,19.958,20.02,20.105,20.197,20.305,20.362,20.442,20.493,20.58,20.661,20.756,20.855,21.01,21.057,21.078,21.102,21.141,21.201,21.272,21.334,21.402,21.425,21.539,21.732,21.755,21.884,22.024,22.039,22.188,22.336,22.45,22.559,22.686,22.866,23.096,23.249,23.49,23.764,23.968,24.252,24.483,24.662,24.857,25.126,25.24,25.413,25.545,25.611,25.718,25.825,25.97,26.003,26.087,26.195,26.338,26.494,26.669,26.75,26.846,26.979,27.083,27.124,27.231,27.368,27.533,27.644,27.799,27.9
"54","43","  Net foreign travel and expenditures abroad by U.S. residents","ZZZZZZ3",NA,NA,NA,NA,NA,NA,NA,NA,NA,NA,NA,NA,NA,NA,NA,NA,NA,NA,NA,NA,NA,NA,NA,NA,NA,NA,NA,NA,NA,NA,NA,NA,NA,NA,NA,NA,NA,NA,NA,NA,NA,NA,NA,NA,NA,NA,NA,NA,NA,NA,NA,NA,NA,NA,NA,NA,NA,NA,NA,NA,NA,NA,NA,NA,NA,NA,NA,NA,NA,NA,NA,NA,NA,NA,NA,NA,NA,NA,NA,NA,NA,NA,NA,NA,NA,NA,NA,NA,NA,NA,NA,NA,NA,NA,NA,NA,NA,NA,NA,NA,NA,NA,NA,NA,NA,NA,NA,NA,NA,NA,NA,NA,NA,NA,NA,NA,NA,NA,NA,NA,NA,NA,NA,NA,NA,NA,NA,NA,NA,NA,NA,NA,NA,NA,NA,NA,NA,NA,NA,NA,NA,NA,NA,NA,NA,NA,NA,NA,NA,NA,NA,NA,NA,NA,NA,NA,NA,NA,NA,NA,NA,NA,NA,NA,NA,NA,NA,NA,NA,NA,NA,NA,NA,NA,NA,NA,NA,NA,NA,NA,NA,NA,NA,NA,NA,NA,NA,NA,NA,NA,NA,NA,NA,NA,NA,NA,NA,NA,NA,NA,NA,NA,NA,NA,NA,NA,NA,NA,NA,NA,NA,NA,NA,NA,NA,NA
"55","44","Final consumption expenditures of nonprofit institutions serving households (NPISHs) \1\","DNPIRG3",48.423,48.261,48.626,49.211,49.318,49.333,49.973,50.156,50.418,50.287,50.066,49.356,48.678,47.865,47.148,46.852,46.274,45.854,45.57,45.467,45.443,45.358,45.327,45.571,45.714,45.994,46.268,46.282,46.502,46.87,46.923,47.168,47.408,47.289,47.275,47.294,47.291,47.172,47.431,47.46,47.449,47.375,47.45,47.303,47.508,47.49,47.4,47.606,47.874,47.89,47.957,48.03,48.165,48.159,48.337,48.265,48.263,48.312,48.424,48.399,48.276,48.255,48.327,48.159,48.114,48.475,48.522,48.433,48.476,48.479,48.513,48.682,48.878,49.308,49.424,49.408,49.772,49.719,49.736,49.757,49.997,50.101,50.317,50.5,50.551,50.8,50.94,51.128,51.464,51.338,51.66,51.897,51.886,52.295,52.469,52.407,52.523,52.445,52.526,52.836,53.258,53.273,53.303,53.449,53.611,53.644,53.825,54.215,54.38,54.545,54.446,54.703,55.003,55.03,55.29,55.59,55.602,55.976,56.182,56.615,56.978,57.223,57.739,57.952,58.307,58.792,58.961,59.264,59.52,59.591,59.886,60.44,60.324,60.541,60.524,60.725,60.982,60.937,61.042,61.203,61.748,62.129,62.438,62.619,63.223,63.427,63.92,63.875,64.275,64.497,64.744,65.282,65.426,65.532,65.68,65.65,66.179,66.356,66.304,66.402,66.609,66.982,67.102,67.638,67.985,68.324,68.55,68.838,68.113,68.096,68.374,69.92,69.625,71.646,72.861,72.363,74.438,73.995,74.679,75.027,76.439,77.834,78.965,80.618,81.996,82.889,82.298,83.341,84.134,84.109,85.105,85.431,85.386,87.628,88.528,86.484,88.891,89.242,91.144,90.688,91.458,90.196,91.146,93.396,93.946,93.982,93.451,93.69,93.654,93.265,92.8,93.978,94.602,94.736,95.445,97.541
"56","45","  Gross output of nonprofit institutions \2\","DNPERG3",10.281,10.296,10.392,10.585,10.708,10.785,10.913,11.016,11.125,11.203,11.235,11.195,11.04,11.014,10.999,11.029,11.049,11.071,11.062,11.082,11.123,11.144,11.17,11.201,11.215,11.236,11.238,11.227,11.249,11.284,11.288,11.309,11.36,11.348,11.352,11.356,11.38,11.391,11.422,11.469,11.483,11.5,11.508,11.516,11.563,11.573,11.591,11.615,11.639,11.667,11.678,11.69,11.726,11.751,11.798,11.836,11.848,11.865,11.904,11.929,11.956,11.959,11.993,11.997,12.006,12.051,12.072,12.093,12.101,12.147,12.177,12.201,12.246,12.294,12.312,12.344,12.403,12.423,12.426,12.431,12.482,12.501,12.528,12.57,12.583,12.634,12.657,12.715,12.763,12.821,12.859,12.907,12.959,13.044,13.088,13.105,13.166,13.185,13.242,13.299,13.361,13.413,13.447,13.52,13.563,13.597,13.672,13.733,13.804,13.855,13.921,13.971,14.027,14.107,14.147,14.235,14.292,14.379,14.436,14.507,14.57,14.656,14.781,14.863,14.938,15.017,15.1,15.18,15.289,15.355,15.442,15.553,15.646,15.706,15.788,15.86,15.945,16.03,16.081,16.13,16.222,16.301,16.374,16.448,16.5,16.532,16.582,16.641,16.713,16.789,16.849,16.934,16.981,17.026,17.074,17.157,17.235,17.312,17.346,17.38,17.413,17.516,17.642,17.756,17.828,17.898,17.953,18.017,17.948,18.018,18.118,18.344,18.357,18.624,18.92,19.006,19.283,19.273,19.401,19.531,19.756,20.015,20.294,20.52,20.821,21.032,21.072,21.322,21.557,21.631,21.816,22.014,22.092,22.375,22.51,22.471,22.737,22.98,23.391,23.412,23.65,23.598,23.842,24.124,24.265,24.33,24.384,24.513,24.65,24.778,24.899,25.101,25.282,25.314,25.492,25.702
"57","46","  Less: Receipts from sales of goods and services by nonprofit institutions \3\","DNPSRG3",6.078,6.103,6.165,6.301,6.407,6.477,6.549,6.631,6.714,6.797,6.844,6.86,6.764,6.803,6.845,6.897,6.963,7.018,7.033,7.061,7.102,7.13,7.158,7.168,7.169,7.167,7.147,7.136,7.139,7.143,7.143,7.144,7.174,7.171,7.177,7.179,7.202,7.223,7.232,7.275,7.289,7.312,7.313,7.332,7.361,7.372,7.395,7.403,7.406,7.431,7.436,7.442,7.466,7.489,7.52,7.562,7.573,7.586,7.614,7.639,7.675,7.679,7.706,7.723,7.735,7.75,7.766,7.794,7.797,7.841,7.867,7.877,7.905,7.917,7.926,7.957,7.986,8.008,8.01,8.014,8.044,8.054,8.063,8.089,8.097,8.127,8.138,8.179,8.199,8.263,8.275,8.303,8.352,8.403,8.431,8.451,8.5,8.523,8.57,8.601,8.629,8.676,8.706,8.764,8.792,8.822,8.879,8.907,8.962,8.997,9.067,9.095,9.125,9.198,9.216,9.277,9.329,9.383,9.421,9.456,9.49,9.552,9.632,9.692,9.737,9.776,9.841,9.894,9.977,10.033,10.092,10.156,10.25,10.29,10.367,10.419,10.48,10.562,10.602,10.635,10.682,10.729,10.775,10.83,10.836,10.852,10.865,10.921,10.96,11.015,11.053,11.094,11.128,11.162,11.196,11.274,11.309,11.368,11.403,11.428,11.444,11.513,11.62,11.688,11.731,11.771,11.807,11.845,11.832,11.897,11.969,12.072,12.104,12.212,12.402,12.512,12.628,12.648,12.719,12.815,12.927,13.071,13.25,13.349,13.532,13.666,13.739,13.898,14.059,14.127,14.231,14.387,14.46,14.575,14.64,14.728,14.821,15.015,15.264,15.311,15.476,15.507,15.666,15.779,15.871,15.927,16.008,16.108,16.232,16.37,16.506,16.614,16.737,16.757,16.872,16.932
"58",NA,NA,NA,NA,NA,NA,NA,NA,NA,NA,NA,NA,NA,NA,NA,NA,NA,NA,NA,NA,NA,NA,NA,NA,NA,NA,NA,NA,NA,NA,NA,NA,NA,NA,NA,NA,NA,NA,NA,NA,NA,NA,NA,NA,NA,NA,NA,NA,NA,NA,NA,NA,NA,NA,NA,NA,NA,NA,NA,NA,NA,NA,NA,NA,NA,NA,NA,NA,NA,NA,NA,NA,NA,NA,NA,NA,NA,NA,NA,NA,NA,NA,NA,NA,NA,NA,NA,NA,NA,NA,NA,NA,NA,NA,NA,NA,NA,NA,NA,NA,NA,NA,NA,NA,NA,NA,NA,NA,NA,NA,NA,NA,NA,NA,NA,NA,NA,NA,NA,NA,NA,NA,NA,NA,NA,NA,NA,NA,NA,NA,NA,NA,NA,NA,NA,NA,NA,NA,NA,NA,NA,NA,NA,NA,NA,NA,NA,NA,NA,NA,NA,NA,NA,NA,NA,NA,NA,NA,NA,NA,NA,NA,NA,NA,NA,NA,NA,NA,NA,NA,NA,NA,NA,NA,NA,NA,NA,NA,NA,NA,NA,NA,NA,NA,NA,NA,NA,NA,NA,NA,NA,NA,NA,NA,NA,NA,NA,NA,NA,NA,NA,NA,NA,NA,NA,NA,NA,NA,NA,NA,NA,NA,NA,NA,NA,NA,NA,NA,NA
"59","1. Net expenses of NPISHs, defined as their gross operating expenses less primary",NA,NA,NA,NA,NA,NA,NA,NA,NA,NA,NA,NA,NA,NA,NA,NA,NA,NA,NA,NA,NA,NA,NA,NA,NA,NA,NA,NA,NA,NA,NA,NA,NA,NA,NA,NA,NA,NA,NA,NA,NA,NA,NA,NA,NA,NA,NA,NA,NA,NA,NA,NA,NA,NA,NA,NA,NA,NA,NA,NA,NA,NA,NA,NA,NA,NA,NA,NA,NA,NA,NA,NA,NA,NA,NA,NA,NA,NA,NA,NA,NA,NA,NA,NA,NA,NA,NA,NA,NA,NA,NA,NA,NA,NA,NA,NA,NA,NA,NA,NA,NA,NA,NA,NA,NA,NA,NA,NA,NA,NA,NA,NA,NA,NA,NA,NA,NA,NA,NA,NA,NA,NA,NA,NA,NA,NA,NA,NA,NA,NA,NA,NA,NA,NA,NA,NA,NA,NA,NA,NA,NA,NA,NA,NA,NA,NA,NA,NA,NA,NA,NA,NA,NA,NA,NA,NA,NA,NA,NA,NA,NA,NA,NA,NA,NA,NA,NA,NA,NA,NA,NA,NA,NA,NA,NA,NA,NA,NA,NA,NA,NA,NA,NA,NA,NA,NA,NA,NA,NA,NA,NA,NA,NA,NA,NA,NA,NA,NA,NA,NA,NA,NA,NA,NA,NA,NA,NA,NA,NA,NA,NA,NA,NA,NA,NA,NA,NA,NA
"60","sales to households.",NA,NA,NA,NA,NA,NA,NA,NA,NA,NA,NA,NA,NA,NA,NA,NA,NA,NA,NA,NA,NA,NA,NA,NA,NA,NA,NA,NA,NA,NA,NA,NA,NA,NA,NA,NA,NA,NA,NA,NA,NA,NA,NA,NA,NA,NA,NA,NA,NA,NA,NA,NA,NA,NA,NA,NA,NA,NA,NA,NA,NA,NA,NA,NA,NA,NA,NA,NA,NA,NA,NA,NA,NA,NA,NA,NA,NA,NA,NA,NA,NA,NA,NA,NA,NA,NA,NA,NA,NA,NA,NA,NA,NA,NA,NA,NA,NA,NA,NA,NA,NA,NA,NA,NA,NA,NA,NA,NA,NA,NA,NA,NA,NA,NA,NA,NA,NA,NA,NA,NA,NA,NA,NA,NA,NA,NA,NA,NA,NA,NA,NA,NA,NA,NA,NA,NA,NA,NA,NA,NA,NA,NA,NA,NA,NA,NA,NA,NA,NA,NA,NA,NA,NA,NA,NA,NA,NA,NA,NA,NA,NA,NA,NA,NA,NA,NA,NA,NA,NA,NA,NA,NA,NA,NA,NA,NA,NA,NA,NA,NA,NA,NA,NA,NA,NA,NA,NA,NA,NA,NA,NA,NA,NA,NA,NA,NA,NA,NA,NA,NA,NA,NA,NA,NA,NA,NA,NA,NA,NA,NA,NA,NA,NA,NA,NA,NA,NA,NA
"61","2. Gross output is net of unrelated sales, secondary sales, and sales to business,",NA,NA,NA,NA,NA,NA,NA,NA,NA,NA,NA,NA,NA,NA,NA,NA,NA,NA,NA,NA,NA,NA,NA,NA,NA,NA,NA,NA,NA,NA,NA,NA,NA,NA,NA,NA,NA,NA,NA,NA,NA,NA,NA,NA,NA,NA,NA,NA,NA,NA,NA,NA,NA,NA,NA,NA,NA,NA,NA,NA,NA,NA,NA,NA,NA,NA,NA,NA,NA,NA,NA,NA,NA,NA,NA,NA,NA,NA,NA,NA,NA,NA,NA,NA,NA,NA,NA,NA,NA,NA,NA,NA,NA,NA,NA,NA,NA,NA,NA,NA,NA,NA,NA,NA,NA,NA,NA,NA,NA,NA,NA,NA,NA,NA,NA,NA,NA,NA,NA,NA,NA,NA,NA,NA,NA,NA,NA,NA,NA,NA,NA,NA,NA,NA,NA,NA,NA,NA,NA,NA,NA,NA,NA,NA,NA,NA,NA,NA,NA,NA,NA,NA,NA,NA,NA,NA,NA,NA,NA,NA,NA,NA,NA,NA,NA,NA,NA,NA,NA,NA,NA,NA,NA,NA,NA,NA,NA,NA,NA,NA,NA,NA,NA,NA,NA,NA,NA,NA,NA,NA,NA,NA,NA,NA,NA,NA,NA,NA,NA,NA,NA,NA,NA,NA,NA,NA,NA,NA,NA,NA,NA,NA,NA,NA,NA,NA,NA,NA
"62","to government, and to the rest of the world; excludes own-account investment",NA,NA,NA,NA,NA,NA,NA,NA,NA,NA,NA,NA,NA,NA,NA,NA,NA,NA,NA,NA,NA,NA,NA,NA,NA,NA,NA,NA,NA,NA,NA,NA,NA,NA,NA,NA,NA,NA,NA,NA,NA,NA,NA,NA,NA,NA,NA,NA,NA,NA,NA,NA,NA,NA,NA,NA,NA,NA,NA,NA,NA,NA,NA,NA,NA,NA,NA,NA,NA,NA,NA,NA,NA,NA,NA,NA,NA,NA,NA,NA,NA,NA,NA,NA,NA,NA,NA,NA,NA,NA,NA,NA,NA,NA,NA,NA,NA,NA,NA,NA,NA,NA,NA,NA,NA,NA,NA,NA,NA,NA,NA,NA,NA,NA,NA,NA,NA,NA,NA,NA,NA,NA,NA,NA,NA,NA,NA,NA,NA,NA,NA,NA,NA,NA,NA,NA,NA,NA,NA,NA,NA,NA,NA,NA,NA,NA,NA,NA,NA,NA,NA,NA,NA,NA,NA,NA,NA,NA,NA,NA,NA,NA,NA,NA,NA,NA,NA,NA,NA,NA,NA,NA,NA,NA,NA,NA,NA,NA,NA,NA,NA,NA,NA,NA,NA,NA,NA,NA,NA,NA,NA,NA,NA,NA,NA,NA,NA,NA,NA,NA,NA,NA,NA,NA,NA,NA,NA,NA,NA,NA,NA,NA,NA,NA,NA,NA,NA,NA
"63","(construction and software).",NA,NA,NA,NA,NA,NA,NA,NA,NA,NA,NA,NA,NA,NA,NA,NA,NA,NA,NA,NA,NA,NA,NA,NA,NA,NA,NA,NA,NA,NA,NA,NA,NA,NA,NA,NA,NA,NA,NA,NA,NA,NA,NA,NA,NA,NA,NA,NA,NA,NA,NA,NA,NA,NA,NA,NA,NA,NA,NA,NA,NA,NA,NA,NA,NA,NA,NA,NA,NA,NA,NA,NA,NA,NA,NA,NA,NA,NA,NA,NA,NA,NA,NA,NA,NA,NA,NA,NA,NA,NA,NA,NA,NA,NA,NA,NA,NA,NA,NA,NA,NA,NA,NA,NA,NA,NA,NA,NA,NA,NA,NA,NA,NA,NA,NA,NA,NA,NA,NA,NA,NA,NA,NA,NA,NA,NA,NA,NA,NA,NA,NA,NA,NA,NA,NA,NA,NA,NA,NA,NA,NA,NA,NA,NA,NA,NA,NA,NA,NA,NA,NA,NA,NA,NA,NA,NA,NA,NA,NA,NA,NA,NA,NA,NA,NA,NA,NA,NA,NA,NA,NA,NA,NA,NA,NA,NA,NA,NA,NA,NA,NA,NA,NA,NA,NA,NA,NA,NA,NA,NA,NA,NA,NA,NA,NA,NA,NA,NA,NA,NA,NA,NA,NA,NA,NA,NA,NA,NA,NA,NA,NA,NA,NA,NA,NA,NA,NA,NA
"64","3. Excludes unrelated sales, secondary sales, and sales to business, to government,",NA,NA,NA,NA,NA,NA,NA,NA,NA,NA,NA,NA,NA,NA,NA,NA,NA,NA,NA,NA,NA,NA,NA,NA,NA,NA,NA,NA,NA,NA,NA,NA,NA,NA,NA,NA,NA,NA,NA,NA,NA,NA,NA,NA,NA,NA,NA,NA,NA,NA,NA,NA,NA,NA,NA,NA,NA,NA,NA,NA,NA,NA,NA,NA,NA,NA,NA,NA,NA,NA,NA,NA,NA,NA,NA,NA,NA,NA,NA,NA,NA,NA,NA,NA,NA,NA,NA,NA,NA,NA,NA,NA,NA,NA,NA,NA,NA,NA,NA,NA,NA,NA,NA,NA,NA,NA,NA,NA,NA,NA,NA,NA,NA,NA,NA,NA,NA,NA,NA,NA,NA,NA,NA,NA,NA,NA,NA,NA,NA,NA,NA,NA,NA,NA,NA,NA,NA,NA,NA,NA,NA,NA,NA,NA,NA,NA,NA,NA,NA,NA,NA,NA,NA,NA,NA,NA,NA,NA,NA,NA,NA,NA,NA,NA,NA,NA,NA,NA,NA,NA,NA,NA,NA,NA,NA,NA,NA,NA,NA,NA,NA,NA,NA,NA,NA,NA,NA,NA,NA,NA,NA,NA,NA,NA,NA,NA,NA,NA,NA,NA,NA,NA,NA,NA,NA,NA,NA,NA,NA,NA,NA,NA,NA,NA,NA,NA,NA,NA
"65","and to the rest of the world; includes membership dues and fees.",NA,NA,NA,NA,NA,NA,NA,NA,NA,NA,NA,NA,NA,NA,NA,NA,NA,NA,NA,NA,NA,NA,NA,NA,NA,NA,NA,NA,NA,NA,NA,NA,NA,NA,NA,NA,NA,NA,NA,NA,NA,NA,NA,NA,NA,NA,NA,NA,NA,NA,NA,NA,NA,NA,NA,NA,NA,NA,NA,NA,NA,NA,NA,NA,NA,NA,NA,NA,NA,NA,NA,NA,NA,NA,NA,NA,NA,NA,NA,NA,NA,NA,NA,NA,NA,NA,NA,NA,NA,NA,NA,NA,NA,NA,NA,NA,NA,NA,NA,NA,NA,NA,NA,NA,NA,NA,NA,NA,NA,NA,NA,NA,NA,NA,NA,NA,NA,NA,NA,NA,NA,NA,NA,NA,NA,NA,NA,NA,NA,NA,NA,NA,NA,NA,NA,NA,NA,NA,NA,NA,NA,NA,NA,NA,NA,NA,NA,NA,NA,NA,NA,NA,NA,NA,NA,NA,NA,NA,NA,NA,NA,NA,NA,NA,NA,NA,NA,NA,NA,NA,NA,NA,NA,NA,NA,NA,NA,NA,NA,NA,NA,NA,NA,NA,NA,NA,NA,NA,NA,NA,NA,NA,NA,NA,NA,NA,NA,NA,NA,NA,NA,NA,NA,NA,NA,NA,NA,NA,NA,NA,NA,NA,NA,NA,NA,NA,NA,NA
"66","4. Food consists of food and beverages purchased for off-premises consumption;",NA,NA,NA,NA,NA,NA,NA,NA,NA,NA,NA,NA,NA,NA,NA,NA,NA,NA,NA,NA,NA,NA,NA,NA,NA,NA,NA,NA,NA,NA,NA,NA,NA,NA,NA,NA,NA,NA,NA,NA,NA,NA,NA,NA,NA,NA,NA,NA,NA,NA,NA,NA,NA,NA,NA,NA,NA,NA,NA,NA,NA,NA,NA,NA,NA,NA,NA,NA,NA,NA,NA,NA,NA,NA,NA,NA,NA,NA,NA,NA,NA,NA,NA,NA,NA,NA,NA,NA,NA,NA,NA,NA,NA,NA,NA,NA,NA,NA,NA,NA,NA,NA,NA,NA,NA,NA,NA,NA,NA,NA,NA,NA,NA,NA,NA,NA,NA,NA,NA,NA,NA,NA,NA,NA,NA,NA,NA,NA,NA,NA,NA,NA,NA,NA,NA,NA,NA,NA,NA,NA,NA,NA,NA,NA,NA,NA,NA,NA,NA,NA,NA,NA,NA,NA,NA,NA,NA,NA,NA,NA,NA,NA,NA,NA,NA,NA,NA,NA,NA,NA,NA,NA,NA,NA,NA,NA,NA,NA,NA,NA,NA,NA,NA,NA,NA,NA,NA,NA,NA,NA,NA,NA,NA,NA,NA,NA,NA,NA,NA,NA,NA,NA,NA,NA,NA,NA,NA,NA,NA,NA,NA,NA,NA,NA,NA,NA,NA,NA
"67","food services, which include purchased meals and beverages, are not classified",NA,NA,NA,NA,NA,NA,NA,NA,NA,NA,NA,NA,NA,NA,NA,NA,NA,NA,NA,NA,NA,NA,NA,NA,NA,NA,NA,NA,NA,NA,NA,NA,NA,NA,NA,NA,NA,NA,NA,NA,NA,NA,NA,NA,NA,NA,NA,NA,NA,NA,NA,NA,NA,NA,NA,NA,NA,NA,NA,NA,NA,NA,NA,NA,NA,NA,NA,NA,NA,NA,NA,NA,NA,NA,NA,NA,NA,NA,NA,NA,NA,NA,NA,NA,NA,NA,NA,NA,NA,NA,NA,NA,NA,NA,NA,NA,NA,NA,NA,NA,NA,NA,NA,NA,NA,NA,NA,NA,NA,NA,NA,NA,NA,NA,NA,NA,NA,NA,NA,NA,NA,NA,NA,NA,NA,NA,NA,NA,NA,NA,NA,NA,NA,NA,NA,NA,NA,NA,NA,NA,NA,NA,NA,NA,NA,NA,NA,NA,NA,NA,NA,NA,NA,NA,NA,NA,NA,NA,NA,NA,NA,NA,NA,NA,NA,NA,NA,NA,NA,NA,NA,NA,NA,NA,NA,NA,NA,NA,NA,NA,NA,NA,NA,NA,NA,NA,NA,NA,NA,NA,NA,NA,NA,NA,NA,NA,NA,NA,NA,NA,NA,NA,NA,NA,NA,NA,NA,NA,NA,NA,NA,NA,NA,NA,NA,NA,NA,NA
"68","as food.",NA,NA,NA,NA,NA,NA,NA,NA,NA,NA,NA,NA,NA,NA,NA,NA,NA,NA,NA,NA,NA,NA,NA,NA,NA,NA,NA,NA,NA,NA,NA,NA,NA,NA,NA,NA,NA,NA,NA,NA,NA,NA,NA,NA,NA,NA,NA,NA,NA,NA,NA,NA,NA,NA,NA,NA,NA,NA,NA,NA,NA,NA,NA,NA,NA,NA,NA,NA,NA,NA,NA,NA,NA,NA,NA,NA,NA,NA,NA,NA,NA,NA,NA,NA,NA,NA,NA,NA,NA,NA,NA,NA,NA,NA,NA,NA,NA,NA,NA,NA,NA,NA,NA,NA,NA,NA,NA,NA,NA,NA,NA,NA,NA,NA,NA,NA,NA,NA,NA,NA,NA,NA,NA,NA,NA,NA,NA,NA,NA,NA,NA,NA,NA,NA,NA,NA,NA,NA,NA,NA,NA,NA,NA,NA,NA,NA,NA,NA,NA,NA,NA,NA,NA,NA,NA,NA,NA,NA,NA,NA,NA,NA,NA,NA,NA,NA,NA,NA,NA,NA,NA,NA,NA,NA,NA,NA,NA,NA,NA,NA,NA,NA,NA,NA,NA,NA,NA,NA,NA,NA,NA,NA,NA,NA,NA,NA,NA,NA,NA,NA,NA,NA,NA,NA,NA,NA,NA,NA,NA,NA,NA,NA,NA,NA,NA,NA,NA,NA
"69","5. Consists of gasoline and other energy goods and of electricity and gas services.",NA,NA,NA,NA,NA,NA,NA,NA,NA,NA,NA,NA,NA,NA,NA,NA,NA,NA,NA,NA,NA,NA,NA,NA,NA,NA,NA,NA,NA,NA,NA,NA,NA,NA,NA,NA,NA,NA,NA,NA,NA,NA,NA,NA,NA,NA,NA,NA,NA,NA,NA,NA,NA,NA,NA,NA,NA,NA,NA,NA,NA,NA,NA,NA,NA,NA,NA,NA,NA,NA,NA,NA,NA,NA,NA,NA,NA,NA,NA,NA,NA,NA,NA,NA,NA,NA,NA,NA,NA,NA,NA,NA,NA,NA,NA,NA,NA,NA,NA,NA,NA,NA,NA,NA,NA,NA,NA,NA,NA,NA,NA,NA,NA,NA,NA,NA,NA,NA,NA,NA,NA,NA,NA,NA,NA,NA,NA,NA,NA,NA,NA,NA,NA,NA,NA,NA,NA,NA,NA,NA,NA,NA,NA,NA,NA,NA,NA,NA,NA,NA,NA,NA,NA,NA,NA,NA,NA,NA,NA,NA,NA,NA,NA,NA,NA,NA,NA,NA,NA,NA,NA,NA,NA,NA,NA,NA,NA,NA,NA,NA,NA,NA,NA,NA,NA,NA,NA,NA,NA,NA,NA,NA,NA,NA,NA,NA,NA,NA,NA,NA,NA,NA,NA,NA,NA,NA,NA,NA,NA,NA,NA,NA,NA,NA,NA,NA,NA,NA
"70","6. Market-based PCE is a supplemental measure that is based on household expenditures",NA,NA,NA,NA,NA,NA,NA,NA,NA,NA,NA,NA,NA,NA,NA,NA,NA,NA,NA,NA,NA,NA,NA,NA,NA,NA,NA,NA,NA,NA,NA,NA,NA,NA,NA,NA,NA,NA,NA,NA,NA,NA,NA,NA,NA,NA,NA,NA,NA,NA,NA,NA,NA,NA,NA,NA,NA,NA,NA,NA,NA,NA,NA,NA,NA,NA,NA,NA,NA,NA,NA,NA,NA,NA,NA,NA,NA,NA,NA,NA,NA,NA,NA,NA,NA,NA,NA,NA,NA,NA,NA,NA,NA,NA,NA,NA,NA,NA,NA,NA,NA,NA,NA,NA,NA,NA,NA,NA,NA,NA,NA,NA,NA,NA,NA,NA,NA,NA,NA,NA,NA,NA,NA,NA,NA,NA,NA,NA,NA,NA,NA,NA,NA,NA,NA,NA,NA,NA,NA,NA,NA,NA,NA,NA,NA,NA,NA,NA,NA,NA,NA,NA,NA,NA,NA,NA,NA,NA,NA,NA,NA,NA,NA,NA,NA,NA,NA,NA,NA,NA,NA,NA,NA,NA,NA,NA,NA,NA,NA,NA,NA,NA,NA,NA,NA,NA,NA,NA,NA,NA,NA,NA,NA,NA,NA,NA,NA,NA,NA,NA,NA,NA,NA,NA,NA,NA,NA,NA,NA,NA,NA,NA,NA,NA,NA,NA,NA,NA
"71","for which there are observable price measures.  It excludes most imputed transactions",NA,NA,NA,NA,NA,NA,NA,NA,NA,NA,NA,NA,NA,NA,NA,NA,NA,NA,NA,NA,NA,NA,NA,NA,NA,NA,NA,NA,NA,NA,NA,NA,NA,NA,NA,NA,NA,NA,NA,NA,NA,NA,NA,NA,NA,NA,NA,NA,NA,NA,NA,NA,NA,NA,NA,NA,NA,NA,NA,NA,NA,NA,NA,NA,NA,NA,NA,NA,NA,NA,NA,NA,NA,NA,NA,NA,NA,NA,NA,NA,NA,NA,NA,NA,NA,NA,NA,NA,NA,NA,NA,NA,NA,NA,NA,NA,NA,NA,NA,NA,NA,NA,NA,NA,NA,NA,NA,NA,NA,NA,NA,NA,NA,NA,NA,NA,NA,NA,NA,NA,NA,NA,NA,NA,NA,NA,NA,NA,NA,NA,NA,NA,NA,NA,NA,NA,NA,NA,NA,NA,NA,NA,NA,NA,NA,NA,NA,NA,NA,NA,NA,NA,NA,NA,NA,NA,NA,NA,NA,NA,NA,NA,NA,NA,NA,NA,NA,NA,NA,NA,NA,NA,NA,NA,NA,NA,NA,NA,NA,NA,NA,NA,NA,NA,NA,NA,NA,NA,NA,NA,NA,NA,NA,NA,NA,NA,NA,NA,NA,NA,NA,NA,NA,NA,NA,NA,NA,NA,NA,NA,NA,NA,NA,NA,NA,NA,NA,NA
"72","(for example, financial services furnished without payment) and the final consumption",NA,NA,NA,NA,NA,NA,NA,NA,NA,NA,NA,NA,NA,NA,NA,NA,NA,NA,NA,NA,NA,NA,NA,NA,NA,NA,NA,NA,NA,NA,NA,NA,NA,NA,NA,NA,NA,NA,NA,NA,NA,NA,NA,NA,NA,NA,NA,NA,NA,NA,NA,NA,NA,NA,NA,NA,NA,NA,NA,NA,NA,NA,NA,NA,NA,NA,NA,NA,NA,NA,NA,NA,NA,NA,NA,NA,NA,NA,NA,NA,NA,NA,NA,NA,NA,NA,NA,NA,NA,NA,NA,NA,NA,NA,NA,NA,NA,NA,NA,NA,NA,NA,NA,NA,NA,NA,NA,NA,NA,NA,NA,NA,NA,NA,NA,NA,NA,NA,NA,NA,NA,NA,NA,NA,NA,NA,NA,NA,NA,NA,NA,NA,NA,NA,NA,NA,NA,NA,NA,NA,NA,NA,NA,NA,NA,NA,NA,NA,NA,NA,NA,NA,NA,NA,NA,NA,NA,NA,NA,NA,NA,NA,NA,NA,NA,NA,NA,NA,NA,NA,NA,NA,NA,NA,NA,NA,NA,NA,NA,NA,NA,NA,NA,NA,NA,NA,NA,NA,NA,NA,NA,NA,NA,NA,NA,NA,NA,NA,NA,NA,NA,NA,NA,NA,NA,NA,NA,NA,NA,NA,NA,NA,NA,NA,NA,NA,NA,NA
"73","expenditures of nonprofit institutions serving households.",NA,NA,NA,NA,NA,NA,NA,NA,NA,NA,NA,NA,NA,NA,NA,NA,NA,NA,NA,NA,NA,NA,NA,NA,NA,NA,NA,NA,NA,NA,NA,NA,NA,NA,NA,NA,NA,NA,NA,NA,NA,NA,NA,NA,NA,NA,NA,NA,NA,NA,NA,NA,NA,NA,NA,NA,NA,NA,NA,NA,NA,NA,NA,NA,NA,NA,NA,NA,NA,NA,NA,NA,NA,NA,NA,NA,NA,NA,NA,NA,NA,NA,NA,NA,NA,NA,NA,NA,NA,NA,NA,NA,NA,NA,NA,NA,NA,NA,NA,NA,NA,NA,NA,NA,NA,NA,NA,NA,NA,NA,NA,NA,NA,NA,NA,NA,NA,NA,NA,NA,NA,NA,NA,NA,NA,NA,NA,NA,NA,NA,NA,NA,NA,NA,NA,NA,NA,NA,NA,NA,NA,NA,NA,NA,NA,NA,NA,NA,NA,NA,NA,NA,NA,NA,NA,NA,NA,NA,NA,NA,NA,NA,NA,NA,NA,NA,NA,NA,NA,NA,NA,NA,NA,NA,NA,NA,NA,NA,NA,NA,NA,NA,NA,NA,NA,NA,NA,NA,NA,NA,NA,NA,NA,NA,NA,NA,NA,NA,NA,NA,NA,NA,NA,NA,NA,NA,NA,NA,NA,NA,NA,NA,NA,NA,NA,NA,NA,NA
"74","7. Consists of household purchases of goods and services from business, government,",NA,NA,NA,NA,NA,NA,NA,NA,NA,NA,NA,NA,NA,NA,NA,NA,NA,NA,NA,NA,NA,NA,NA,NA,NA,NA,NA,NA,NA,NA,NA,NA,NA,NA,NA,NA,NA,NA,NA,NA,NA,NA,NA,NA,NA,NA,NA,NA,NA,NA,NA,NA,NA,NA,NA,NA,NA,NA,NA,NA,NA,NA,NA,NA,NA,NA,NA,NA,NA,NA,NA,NA,NA,NA,NA,NA,NA,NA,NA,NA,NA,NA,NA,NA,NA,NA,NA,NA,NA,NA,NA,NA,NA,NA,NA,NA,NA,NA,NA,NA,NA,NA,NA,NA,NA,NA,NA,NA,NA,NA,NA,NA,NA,NA,NA,NA,NA,NA,NA,NA,NA,NA,NA,NA,NA,NA,NA,NA,NA,NA,NA,NA,NA,NA,NA,NA,NA,NA,NA,NA,NA,NA,NA,NA,NA,NA,NA,NA,NA,NA,NA,NA,NA,NA,NA,NA,NA,NA,NA,NA,NA,NA,NA,NA,NA,NA,NA,NA,NA,NA,NA,NA,NA,NA,NA,NA,NA,NA,NA,NA,NA,NA,NA,NA,NA,NA,NA,NA,NA,NA,NA,NA,NA,NA,NA,NA,NA,NA,NA,NA,NA,NA,NA,NA,NA,NA,NA,NA,NA,NA,NA,NA,NA,NA,NA,NA,NA,NA
"75","nonprofit institutions, and the rest of the world.",NA,NA,NA,NA,NA,NA,NA,NA,NA,NA,NA,NA,NA,NA,NA,NA,NA,NA,NA,NA,NA,NA,NA,NA,NA,NA,NA,NA,NA,NA,NA,NA,NA,NA,NA,NA,NA,NA,NA,NA,NA,NA,NA,NA,NA,NA,NA,NA,NA,NA,NA,NA,NA,NA,NA,NA,NA,NA,NA,NA,NA,NA,NA,NA,NA,NA,NA,NA,NA,NA,NA,NA,NA,NA,NA,NA,NA,NA,NA,NA,NA,NA,NA,NA,NA,NA,NA,NA,NA,NA,NA,NA,NA,NA,NA,NA,NA,NA,NA,NA,NA,NA,NA,NA,NA,NA,NA,NA,NA,NA,NA,NA,NA,NA,NA,NA,NA,NA,NA,NA,NA,NA,NA,NA,NA,NA,NA,NA,NA,NA,NA,NA,NA,NA,NA,NA,NA,NA,NA,NA,NA,NA,NA,NA,NA,NA,NA,NA,NA,NA,NA,NA,NA,NA,NA,NA,NA,NA,NA,NA,NA,NA,NA,NA,NA,NA,NA,NA,NA,NA,NA,NA,NA,NA,NA,NA,NA,NA,NA,NA,NA,NA,NA,NA,NA,NA,NA,NA,NA,NA,NA,NA,NA,NA,NA,NA,NA,NA,NA,NA,NA,NA,NA,NA,NA,NA,NA,NA,NA,NA,NA,NA,NA,NA,NA,NA,NA,NA
"76",NA,NA,NA,NA,NA,NA,NA,NA,NA,NA,NA,NA,NA,NA,NA,NA,NA,NA,NA,NA,NA,NA,NA,NA,NA,NA,NA,NA,NA,NA,NA,NA,NA,NA,NA,NA,NA,NA,NA,NA,NA,NA,NA,NA,NA,NA,NA,NA,NA,NA,NA,NA,NA,NA,NA,NA,NA,NA,NA,NA,NA,NA,NA,NA,NA,NA,NA,NA,NA,NA,NA,NA,NA,NA,NA,NA,NA,NA,NA,NA,NA,NA,NA,NA,NA,NA,NA,NA,NA,NA,NA,NA,NA,NA,NA,NA,NA,NA,NA,NA,NA,NA,NA,NA,NA,NA,NA,NA,NA,NA,NA,NA,NA,NA,NA,NA,NA,NA,NA,NA,NA,NA,NA,NA,NA,NA,NA,NA,NA,NA,NA,NA,NA,NA,NA,NA,NA,NA,NA,NA,NA,NA,NA,NA,NA,NA,NA,NA,NA,NA,NA,NA,NA,NA,NA,NA,NA,NA,NA,NA,NA,NA,NA,NA,NA,NA,NA,NA,NA,NA,NA,NA,NA,NA,NA,NA,NA,NA,NA,NA,NA,NA,NA,NA,NA,NA,NA,NA,NA,NA,NA,NA,NA,NA,NA,NA,NA,NA,NA,NA,NA,NA,NA,NA,NA,NA,NA,NA,NA,NA,NA,NA,NA,NA,NA,NA,NA,NA,NA
"77",NA,NA,NA,NA,NA,NA,NA,NA,NA,NA,NA,NA,NA,NA,NA,NA,NA,NA,NA,NA,NA,NA,NA,NA,NA,NA,NA,NA,NA,NA,NA,NA,NA,NA,NA,NA,NA,NA,NA,NA,NA,NA,NA,NA,NA,NA,NA,NA,NA,NA,NA,NA,NA,NA,NA,NA,NA,NA,NA,NA,NA,NA,NA,NA,NA,NA,NA,NA,NA,NA,NA,NA,NA,NA,NA,NA,NA,NA,NA,NA,NA,NA,NA,NA,NA,NA,NA,NA,NA,NA,NA,NA,NA,NA,NA,NA,NA,NA,NA,NA,NA,NA,NA,NA,NA,NA,NA,NA,NA,NA,NA,NA,NA,NA,NA,NA,NA,NA,NA,NA,NA,NA,NA,NA,NA,NA,NA,NA,NA,NA,NA,NA,NA,NA,NA,NA,NA,NA,NA,NA,NA,NA,NA,NA,NA,NA,NA,NA,NA,NA,NA,NA,NA,NA,NA,NA,NA,NA,NA,NA,NA,NA,NA,NA,NA,NA,NA,NA,NA,NA,NA,NA,NA,NA,NA,NA,NA,NA,NA,NA,NA,NA,NA,NA,NA,NA,NA,NA,NA,NA,NA,NA,NA,NA,NA,NA,NA,NA,NA,NA,NA,NA,NA,NA,NA,NA,NA,NA,NA,NA,NA,NA,NA,NA,NA,NA,NA,NA,NA
"78",NA,NA,NA,NA,NA,NA,NA,NA,NA,NA,NA,NA,NA,NA,NA,NA,NA,NA,NA,NA,NA,NA,NA,NA,NA,NA,NA,NA,NA,NA,NA,NA,NA,NA,NA,NA,NA,NA,NA,NA,NA,NA,NA,NA,NA,NA,NA,NA,NA,NA,NA,NA,NA,NA,NA,NA,NA,NA,NA,NA,NA,NA,NA,NA,NA,NA,NA,NA,NA,NA,NA,NA,NA,NA,NA,NA,NA,NA,NA,NA,NA,NA,NA,NA,NA,NA,NA,NA,NA,NA,NA,NA,NA,NA,NA,NA,NA,NA,NA,NA,NA,NA,NA,NA,NA,NA,NA,NA,NA,NA,NA,NA,NA,NA,NA,NA,NA,NA,NA,NA,NA,NA,NA,NA,NA,NA,NA,NA,NA,NA,NA,NA,NA,NA,NA,NA,NA,NA,NA,NA,NA,NA,NA,NA,NA,NA,NA,NA,NA,NA,NA,NA,NA,NA,NA,NA,NA,NA,NA,NA,NA,NA,NA,NA,NA,NA,NA,NA,NA,NA,NA,NA,NA,NA,NA,NA,NA,NA,NA,NA,NA,NA,NA,NA,NA,NA,NA,NA,NA,NA,NA,NA,NA,NA,NA,NA,NA,NA,NA,NA,NA,NA,NA,NA,NA,NA,NA,NA,NA,NA,NA,NA,NA,NA,NA,NA,NA,NA,NA
"79","Line",NA,NA,1977,1977,1977,1977,1977,1977,1977,1977,1977,1977,1977,1977,1978,1978,1978,1978,1978,1978,1978,1978,1978,1978,1978,1978,1979,1979,1979,1979,1979,1979,1979,1979,1979,1979,1979,1979,1980,1980,1980,1980,1980,1980,1980,1980,1980,1980,1980,1980,1981,1981,1981,1981,1981,1981,1981,1981,1981,1981,1981,1981,1982,1982,1982,1982,1982,1982,1982,1982,1982,1982,1982,1982,1983,1983,1983,1983,1983,1983,1983,1983,1983,1983,1983,1983,1984,1984,1984,1984,1984,1984,1984,1984,1984,1984,1984,1984,1985,1985,1985,1985,1985,1985,1985,1985,1985,1985,1985,1985,1986,1986,1986,1986,1986,1986,1986,1986,1986,1986,1986,1986,1987,1987,1987,1987,1987,1987,1987,1987,1987,1987,1987,1987,1988,1988,1988,1988,1988,1988,1988,1988,1988,1988,1988,1988,1989,1989,1989,1989,1989,1989,1989,1989,1989,1989,1989,1989,1990,1990,1990,1990,1990,1990,1990,1990,1990,1990,1990,1990,1991,1991,1991,1991,1991,1991,1991,1991,1991,1991,1991,1991,1992,1992,1992,1992,1992,1992,1992,1992,1992,1992,1992,1992,1993,1993,1993,1993,1993,1993,1993,1993,1993,1993,1993,1993,1994,1994,1994,1994,1994,1994,1994,1994,1994,1994,1994,1994
"80",NA,NA,NA,1,2,3,4,5,6,7,8,9,10,11,12,1,2,3,4,5,6,7,8,9,10,11,12,1,2,3,4,5,6,7,8,9,10,11,12,1,2,3,4,5,6,7,8,9,10,11,12,1,2,3,4,5,6,7,8,9,10,11,12,1,2,3,4,5,6,7,8,9,10,11,12,1,2,3,4,5,6,7,8,9,10,11,12,1,2,3,4,5,6,7,8,9,10,11,12,1,2,3,4,5,6,7,8,9,10,11,12,1,2,3,4,5,6,7,8,9,10,11,12,1,2,3,4,5,6,7,8,9,10,11,12,1,2,3,4,5,6,7,8,9,10,11,12,1,2,3,4,5,6,7,8,9,10,11,12,1,2,3,4,5,6,7,8,9,10,11,12,1,2,3,4,5,6,7,8,9,10,11,12,1,2,3,4,5,6,7,8,9,10,11,12,1,2,3,4,5,6,7,8,9,10,11,12,1,2,3,4,5,6,7,8,9,10,11,12
"81",NA,"Personal consumption expenditures by major type of product (From NIPA table 2.3.4):"," ",NA,NA,NA,NA,NA,NA,NA,NA,NA,NA,NA,NA,NA,NA,NA,NA,NA,NA,NA,NA,NA,NA,NA,NA,NA,NA,NA,NA,NA,NA,NA,NA,NA,NA,NA,NA,NA,NA,NA,NA,NA,NA,NA,NA,NA,NA,NA,NA,NA,NA,NA,NA,NA,NA,NA,NA,NA,NA,NA,NA,NA,NA,NA,NA,NA,NA,NA,NA,NA,NA,NA,NA,NA,NA,NA,NA,NA,NA,NA,NA,NA,NA,NA,NA,NA,NA,NA,NA,NA,NA,NA,NA,NA,NA,NA,NA,NA,NA,NA,NA,NA,NA,NA,NA,NA,NA,NA,NA,NA,NA,NA,NA,NA,NA,NA,NA,NA,NA,NA,NA,NA,NA,NA,NA,NA,NA,NA,NA,NA,NA,NA,NA,NA,NA,NA,NA,NA,NA,NA,NA,NA,NA,NA,NA,NA,NA,NA,NA,NA,NA,NA,NA,NA,NA,NA,NA,NA,NA,NA,NA,NA,NA,NA,NA,NA,NA,NA,NA,NA,NA,NA,NA,NA,NA,NA,NA,NA,NA,NA,NA,NA,NA,NA,NA,NA,NA,NA,NA,NA,NA,NA,NA,NA,NA,NA,NA,NA,NA,NA,NA,NA,NA,NA,NA,NA,NA,NA,NA,NA,NA,NA,NA,NA,NA,NA,NA
"82","1","      Personal consumption expenditures (PCE)","DPCERG3",35.058,35.332,35.508,35.716,35.897,36.098,36.287,36.456,36.595,36.766,36.979,37.161,37.384,37.561,37.806,38.093,38.366,38.616,38.829,39.025,39.248,39.56,39.784,39.97,40.27,40.484,40.799,41.224,41.649,41.991,42.31,42.634,43.009,43.36,43.659,44.025,44.483,44.965,45.514,45.754,46.11,46.4,46.757,47.148,47.583,47.963,48.353,48.666,49.135,49.631,49.977,50.193,50.417,50.616,50.922,51.238,51.547,51.779,52.054,52.213,52.521,52.677,52.81,52.836,53.148,53.532,53.848,54.015,54.166,54.47,54.636,54.724,54.992,55.089,55.164,55.415,55.574,55.781,56.096,56.337,56.534,56.632,56.713,56.744,56.989,57.371,57.559,57.778,57.852,57.956,58.164,58.343,58.424,58.562,58.647,58.814,59.067,59.305,59.521,59.616,59.74,59.864,59.962,60.141,60.255,60.39,60.593,60.802,61.067,61.072,60.96,60.876,61.032,61.305,61.369,61.484,61.71,61.83,61.972,62.108,62.504,62.739,62.889,63.082,63.227,63.479,63.66,63.934,64.153,64.342,64.465,64.597,64.873,64.981,65.206,65.513,65.7,65.983,66.31,66.506,66.816,67.015,67.163,67.384,67.751,67.992,68.245,68.69,68.926,69.064,69.217,69.218,69.37,69.643,69.801,70.01,70.55,70.885,71.192,71.395,71.597,71.928,72.097,72.565,73.003,73.417,73.521,73.613,73.93,73.999,74.034,74.174,74.492,74.638,74.782,74.975,75.247,75.395,75.583,75.811,75.971,76.197,76.398,76.599,76.703,76.848,77.114,77.216,77.328,77.574,77.699,77.806,77.963,78.053,78.185,78.365,78.58,78.582,78.686,78.801,78.869,79.103,79.25,79.28,79.33,79.518,79.725,79.799,79.915,80.131,80.427,80.64,80.736,80.86,81.014,81.083
"83","2","Goods","DGDSRG3",51.043,51.485,51.627,51.867,52.118,52.351,52.526,52.681,52.754,52.993,53.311,53.593,53.821,53.939,54.317,54.745,55.184,55.581,55.833,56.059,56.324,56.721,57.052,57.336,57.886,58.4,58.957,59.546,60.108,60.636,61.196,61.601,62.173,62.641,63.142,63.696,64.617,65.325,66.324,66.66,67.016,67.35,67.778,68.403,68.945,69.315,69.799,70.192,70.76,71.612,72.108,72.257,72.373,72.518,72.804,73.083,73.395,73.563,73.709,73.849,74.058,74.211,74.109,73.794,74.192,74.866,75.148,74.999,74.998,75.187,75.173,75.063,75.179,75.075,75.181,75.623,75.953,76.096,76.337,76.437,76.472,76.513,76.535,76.565,76.952,77.223,77.281,77.406,77.289,77.318,77.365,77.528,77.625,77.747,77.741,77.741,77.906,78.278,78.533,78.655,78.537,78.672,78.672,78.666,78.709,78.911,79.177,79.402,79.547,79.035,78.13,77.546,77.754,78.039,78.02,78.105,78.297,78.242,78.361,78.629,79.353,79.873,80.096,80.346,80.508,80.837,80.992,81.307,81.49,81.655,81.751,81.721,81.86,81.715,81.915,82.35,82.484,82.727,83.221,83.323,83.754,83.921,84.007,84.217,84.688,84.945,85.196,86.165,86.524,86.569,86.651,86.304,86.36,86.731,86.803,86.86,88.011,88.543,88.622,88.613,88.639,88.93,89.188,89.925,90.829,91.607,91.589,91.638,91.78,91.569,91.317,91.574,91.828,91.805,91.755,91.894,92.063,92.066,92.394,92.391,92.254,92.389,92.53,92.613,92.757,92.977,93.159,93.301,93.309,93.416,93.501,93.535,93.581,93.731,93.646,93.808,93.782,93.612,93.623,93.721,93.54,94.072,94.221,94.095,93.966,94.014,94.11,94.205,94.289,94.578,95.024,95.315,95.34,95.272,95.391,95.377
"84","3","  Durable goods","DDURRG3",75.046,75.019,75.135,75.214,75.463,75.67,76.028,76.278,76.393,76.831,77.154,77.775,78.09,78.289,78.702,79.093,79.551,80.022,80.396,80.862,81.274,81.809,82.284,82.683,82.963,83.677,84.143,84.802,85.074,85.321,85.676,86.017,86.433,86.979,87.608,88.189,89.114,90.211,91.156,91.759,92.244,92.863,93.096,93.983,94.833,95.058,95.714,95.972,96.421,96.899,97.069,97.916,98.733,99.212,99.659,100.062,100.515,101.018,101.426,101.699,102.082,102.27,102.344,102.603,103.106,103.375,103.57,103.274,103.347,103.784,103.609,103.707,104.172,104.46,104.664,104.785,104.741,104.944,105.224,105.352,105.618,105.774,106.16,106.229,106.081,106.036,106.135,106.69,106.72,106.816,106.775,106.929,107.156,107.053,107.258,107.137,107.238,107.844,108.004,108.174,107.857,107.808,107.7,107.817,107.771,108.002,108.092,108.032,108.143,107.995,108.061,108.164,108.549,108.979,109.247,109.503,109.661,109.784,110.097,110.39,110.838,110.966,111.251,111.636,111.855,112.173,112.422,112.659,112.983,113.183,113.233,113.025,112.846,112.807,113.196,113.375,113.528,113.824,114.033,114.268,114.851,115.116,115.237,115.349,115.876,115.991,115.588,115.85,115.885,116.001,116.172,116.128,116.219,116.449,116.732,116.48,116.84,117.394,117.288,117.248,117.304,117.006,117.181,117.197,117.333,117.676,117.562,117.183,118.09,118.697,118.65,118.879,118.931,118.521,119.261,119.046,119.343,119.558,119.713,119.149,119.346,119.567,119.491,119.727,119.957,119.696,119.868,119.957,119.852,120.085,120.296,119.859,120.115,119.988,119.953,120.585,120.579,120.791,121,121.157,121.56,122,122.213,121.906,122.05,122.269,122.645,122.683,123.092,123.379,123.857,123.928,123.972,124.017,124.261,124.112
"85","4","    Motor vehicles and parts","DMOTRG3",48.728,48.848,49.051,48.995,49.049,49.148,49.448,49.533,49.664,50.291,50.596,51.059,51.422,51.617,51.864,51.956,52.298,52.738,53.112,53.476,53.732,54.081,54.451,54.865,55.027,55.613,55.984,56.581,56.804,56.997,57.202,57.342,57.493,57.839,58.132,58.522,59.11,59.834,59.995,60.436,60.696,60.593,60.926,61.601,62.308,62.471,63.018,63.205,63.479,63.741,63.561,64.473,65.598,66.14,66.502,66.84,67.126,67.5,67.822,68.21,68.469,68.184,68.187,68.571,69.029,69.336,69.463,69.39,69.406,69.358,69.422,69.674,70.215,70.359,70.492,70.606,70.698,70.905,71.087,71.375,71.738,72.067,72.336,72.371,72.234,72.318,72.476,72.844,73.115,73.334,73.491,73.712,73.753,73.696,73.834,73.856,74.158,74.59,74.717,74.757,74.681,74.867,74.809,75.041,75.242,75.301,75.331,75.516,75.725,75.674,75.763,75.905,76.435,76.9,77.291,77.534,77.706,77.899,78.399,78.575,78.808,78.625,78.999,79.555,80.243,80.739,81.061,81.286,81.541,81.763,81.874,81.58,80.958,80.848,80.747,80.891,81.14,81.528,81.757,82.232,82.677,82.709,82.703,83.058,83.614,83.944,83.927,84.184,84.276,84.282,84.18,84.16,84.069,84.223,84.617,84.768,84.79,84.725,84.41,84.239,84.235,84.095,84.102,84.232,84.288,84.45,84.675,85.256,85.881,86.149,86.204,86.302,86.514,86.713,87.218,87.188,87.128,87.316,87.598,87.801,87.697,87.379,87.428,87.861,88.236,88.453,88.42,88.913,89.142,89.22,89.382,89.541,89.911,90.038,90.374,90.934,91.351,91.709,92.234,92.573,92.972,93.424,93.931,94.033,94.173,94.218,94.646,94.899,95.335,95.943,96.35,96.832,97.345,97.889,98.392,98.691
"86","5","    Furnishings and durable household equipment","DFDHRG3",69.676,69.681,69.754,70.029,70.175,70.441,70.675,71.168,71.226,71.381,71.604,72.088,72.025,72.193,72.668,73.296,73.662,74.068,74.263,74.753,75.258,75.875,76.214,76.523,76.829,77.487,77.869,78.204,78.341,78.556,78.871,79.163,79.422,79.863,80.697,81.061,81.891,82.643,83.531,84.019,84.514,85.273,85.701,86.106,86.905,87.282,87.579,87.808,88.261,89.481,90.081,90.456,90.854,91.373,91.893,92.394,93.059,93.34,93.873,93.809,94.425,95.174,95.512,95.94,96.444,96.69,96.966,96.316,96.343,97.295,97.034,97.371,97.545,97.823,98.063,98.337,98.054,98.631,99.178,98.587,98.651,98.846,99.224,99.495,99.343,99.135,99.131,99.804,99.731,99.611,99.319,99.581,100.256,100.083,100.424,100.346,100.077,100.775,100.645,101.365,101.246,100.839,100.415,100.513,100.219,100.89,101.603,101.302,101.229,100.815,101.509,101.444,101.499,102.045,102.241,101.873,102.412,102.539,102.177,102.851,102.741,103.268,103.194,103.718,103.271,103.29,103.722,103.747,104.038,103.802,103.603,103.557,103.793,103.539,104.854,104.962,104.892,105.074,105.133,105.142,105.275,105.576,105.833,105.585,105.856,105.328,104.409,104.496,104.617,104.817,105.26,105.509,105.862,106.198,105.946,105.117,105.931,106.36,106.331,106.516,106.467,105.965,106.756,106.45,106.461,107.061,106.047,105.854,106.339,106.8,106.461,106.5,107.244,106.674,107.591,107.216,107.506,107.392,107.124,106.626,107.585,108.26,108.444,108.719,108.203,108.031,108.529,108.062,107.775,108.24,108.811,108.02,107.655,107.774,108.335,108.774,108.581,108.761,108.658,108.882,109.043,109.586,109.856,109.661,110.235,109.995,109.714,109.975,110.856,111.29,111.641,111.102,110.487,110.241,110.388,109.802
"87","6","    Recreational goods and vehicles","DREQRG3",212.774,211.929,211.486,211.718,213.487,214.122,214.778,215.019,215.081,215.061,215.572,216.995,217.88,217.994,219.09,221.111,221.662,221.508,221.863,222.384,222.931,223.771,224.404,225.563,226.405,227.152,228.431,230.37,230.778,231.06,231.692,232.683,233.882,234.856,235.273,235.992,237.486,239.339,241.049,242.26,242.974,243.123,244.292,246.168,247.978,248.461,249.734,250.113,251.042,251.871,253.154,254.597,255.044,254.969,255.494,255.565,256.693,257.936,259.248,258.884,259.553,260.857,261.467,261.318,262.105,261.786,262.338,261.386,260.879,262.794,261.02,259.745,259.62,260.115,260.53,259.56,258.362,257.854,256.805,257.309,257.156,257.135,256.855,256.426,256.137,256.39,254.915,256.522,254.982,254.1,253.467,253.936,253.746,253.298,253.51,252.875,253.017,253.374,253.91,252.881,250.522,249.582,249.887,248.253,248.336,248.389,246.854,245.203,245.465,244.758,243.722,243.119,242.579,242.107,241.159,241.435,240.539,240.189,240.109,239.815,241.874,241.392,241.453,240.55,239.835,238.375,237.146,236.939,237.184,237.806,238.37,237.359,237.214,237.966,237.985,237.957,237.614,237.578,236.786,236.392,237.159,237.3,237.895,238.053,238.873,238.309,237.127,236.743,236.031,237.234,237.055,234.941,235.553,236.312,237.138,237.002,236.393,236.201,235.738,235.574,235.513,234.828,234.778,234.504,234.643,234.658,234.409,232.019,232.15,234.895,235.674,234.875,232.852,232.346,230.686,229.469,230.799,230.523,230.548,228.654,227.917,227.971,227.274,227.094,227.481,224.909,224.029,223.513,222.478,223.131,222.132,220.03,219.881,219.773,218.136,218.155,217.102,216.267,216.256,215.81,215.571,215.696,214.765,213.754,213.401,213.666,213.588,213.443,213.274,212.809,212.688,212.067,211.84,210.697,209.982,209.519
"88","7","    Other durable goods","DODGRG3",50.204,49.877,49.83,49.946,50.231,50.348,50.653,50.83,50.885,50.878,51.036,51.524,51.789,51.897,52.119,52.136,52.692,53.166,53.477,53.791,54.15,54.577,55.159,54.943,55.1,55.697,55.865,56.176,56.591,56.87,57.393,57.957,58.904,59.692,60.66,61.778,63.015,64.79,67.473,68.071,68.797,71.267,70.166,71.594,71.898,71.717,72.639,72.932,73.375,72.559,72.508,72.97,73.052,73.106,73.296,73.566,73.499,74.109,73.803,74.425,74.301,74.407,73.904,73.411,73.51,73.75,73.699,73.844,74.427,74.586,74.627,74.29,74.926,75.427,75.556,75.874,76.374,76.058,76.681,77.167,77.397,76.734,77.589,77.637,77.686,77.278,78.099,78.118,78.164,78.588,78.561,77.942,78.125,78.251,78.295,77.906,77.702,78.453,78.908,79.164,78.923,79.032,79.146,79.638,78.857,78.967,79.049,79.39,79.236,79.63,79.087,79.671,80.197,80.4,80.756,81.904,81.776,81.742,82.479,82.729,83.63,84.459,85.009,85.07,85.125,86.153,86.518,87.246,87.695,88.157,88.035,88.522,89.503,89.614,90.302,90.734,91.101,91.224,92.137,92.103,93.479,94.473,94.443,94.134,94.426,95.238,95.087,95.945,96.097,95.649,96.527,97.334,97.259,97.046,97.289,96.643,97.868,101.198,102.046,102.238,102.775,102.71,102.474,102.798,103.328,103.858,104.24,101.78,104.501,104.645,104.189,105.815,105.575,103.656,106.316,106.608,107.234,108.438,108.958,106.804,107.323,108.727,108.237,107.886,108.715,108.429,109.512,109.575,109.358,109.278,109.853,109.453,110.649,109.174,108.064,109.529,109.186,109.72,109.416,109.246,110.494,110.791,110.703,109.43,109.196,110.775,112.422,111.367,111.17,110.598,111.944,112.244,112.015,111.905,112.219,111.571
"89","8","  Nondurable goods","DNDGRG3",41.261,41.788,41.927,42.193,42.426,42.65,42.765,42.884,42.941,43.11,43.406,43.578,43.769,43.858,44.2,44.61,45.015,45.368,45.57,45.717,45.925,46.26,46.531,46.766,47.352,47.779,48.322,48.853,49.452,50.014,50.588,50.982,51.555,51.969,52.4,52.906,53.759,54.316,55.251,55.495,55.791,56.031,56.47,56.982,57.408,57.784,58.188,58.584,59.138,60.018,60.558,60.522,60.459,60.514,60.739,60.966,61.219,61.295,61.369,61.467,61.619,61.751,61.616,61.192,61.533,62.25,62.529,62.425,62.407,62.523,62.548,62.395,62.418,62.226,62.301,62.788,63.191,63.308,63.524,63.61,63.581,63.589,63.51,63.527,64.039,64.382,64.425,64.42,64.269,64.277,64.346,64.502,64.556,64.734,64.668,64.703,64.877,65.157,65.427,65.527,65.476,65.659,65.692,65.648,65.718,65.901,66.206,66.507,66.656,66.055,64.903,64.134,64.272,64.494,64.384,64.409,64.605,64.49,64.541,64.791,65.573,66.188,66.382,66.577,66.714,67.03,67.147,67.476,67.604,67.75,67.856,67.886,68.125,67.95,68.078,68.582,68.705,68.919,69.488,69.54,69.902,70.03,70.1,70.335,70.768,71.062,71.517,72.682,73.135,73.156,73.205,72.77,72.813,73.217,73.217,73.371,74.739,75.243,75.38,75.383,75.399,75.869,76.144,77.08,78.19,79.072,79.081,79.257,79.149,78.696,78.387,78.64,78.942,79.04,78.744,78.987,79.107,79.043,79.408,79.581,79.346,79.448,79.651,79.683,79.792,80.158,80.336,80.489,80.533,80.595,80.638,80.825,80.801,81.038,80.941,80.94,80.91,80.618,80.562,80.636,80.265,80.806,80.926,80.866,80.648,80.634,80.628,80.739,80.706,80.986,81.403,81.759,81.778,81.672,81.743,81.778
"90","9","    Food and beverages purchased for off-premises consumption","DFXARG3",39.09,39.738,39.989,40.49,40.717,40.994,41.048,41.172,41.205,41.27,41.57,41.729,42.118,42.562,43.108,43.818,44.501,45.135,45.31,45.39,45.553,45.872,46.104,46.33,47.248,47.964,48.315,48.564,48.902,49.043,49.281,49.124,49.461,49.821,50.15,50.554,50.811,50.761,51.286,51.641,52.032,52.372,53.085,54.028,54.73,55.17,55.81,56.172,56.252,56.404,56.684,56.628,56.497,56.634,57.096,57.359,57.541,57.415,57.387,57.451,57.818,58.169,58.009,58.079,58.561,58.943,58.975,58.682,58.627,58.554,58.501,58.406,58.301,58.366,58.841,59.032,59.26,59.206,59.209,59.236,59.407,59.512,59.427,59.584,60.371,60.827,60.897,60.781,60.507,60.761,60.9,61.221,61.063,61.144,61.068,61.155,61.325,61.53,61.672,61.504,61.343,61.364,61.4,61.388,61.388,61.563,61.876,62.294,62.368,62.232,62.258,62.359,62.518,62.522,63.064,63.618,63.587,63.691,63.892,63.922,64.321,64.498,64.52,64.601,64.978,65.295,65.068,65.203,65.296,65.335,65.245,65.525,65.787,65.709,65.754,66.064,66.259,66.553,67.26,67.538,67.916,67.998,68.017,68.288,68.6,69.152,69.488,69.953,70.39,70.613,70.899,70.976,70.977,71.262,71.47,71.718,72.69,73.314,73.345,73.041,73.147,73.756,74.114,74.377,74.557,74.811,74.894,74.754,75.597,75.993,76.011,76.381,76.577,76.909,76.399,76.188,76.101,76.07,76.201,76.217,76.153,76.461,76.685,76.57,76.427,76.763,76.654,77.187,77.353,77.261,77.06,77.09,77.146,77.354,77.322,77.464,78.028,77.876,77.839,77.991,77.951,78.354,78.533,78.701,78.724,78.569,78.458,78.605,78.757,79.105,79.5,79.662,79.709,79.53,79.609,79.975
"91","10","    Clothing and footwear","DCLORG3",88.704,89.733,88.859,88.774,89.387,89.933,90.823,91.032,90.403,90.736,91.411,91.633,91.39,90.196,90.686,91.592,92.103,92.321,92.01,92.081,92.149,92.459,92.514,92.366,92.675,92.513,92.726,93.177,93.675,93.756,93.74,93.598,93.881,94.145,94.527,95.01,95.438,95.695,96.269,96.461,96.566,96.826,97.15,97.225,97.585,98.239,98.49,98.684,98.719,99.293,99.527,99.971,99.977,100.17,100.494,100.901,101.104,101.057,100.88,100.989,100.891,101.106,101.564,101.786,101.886,102.006,102.272,102.098,101.941,101.84,101.685,101.631,102.178,102.467,102.284,102.47,102.978,103.473,104.096,103.901,103.527,103.255,103.396,103.389,103.811,103.523,103.226,103.207,103.058,102.544,103.203,104.027,104.158,104.343,104.18,104.55,104.565,105.529,105.762,105.388,105.439,106.285,105.967,105.904,106.144,106.139,106.693,106.715,106.792,105.54,104.908,104.872,104.719,104.641,104.901,105.633,105.896,105.583,105.581,106.224,106.589,107.056,107.739,108.192,108.518,108.21,107.993,108.489,108.866,109.723,110.412,109.959,110.474,109.03,110.273,111.88,111.944,112.293,112.68,111.192,112.774,113.522,113.559,114.002,114.257,113.029,113.448,114.016,114.371,113.991,113.352,111.844,113.06,114.049,114.196,113.678,113.663,116.102,117.414,117.637,117.324,117.625,117.821,117.778,118.222,117.941,117.699,118.504,118.324,118.291,118.278,118.591,119.176,119.31,119.281,120.068,120.656,120.341,121.114,121.085,120.729,120.011,120.179,119.867,120.4,120.367,120.461,120.3,120.438,120.588,120.869,120.986,120.091,120.873,120.403,120.114,119.479,119.145,119.237,120.193,119.398,119.052,119.936,119.555,118.461,117.483,117.834,118.258,118.36,118.774,118.44,117.513,117.627,117.063,117.032,116.444
"92","11","    Gasoline and other energy goods","DGOERG3",24.358,24.665,24.877,24.922,25.08,24.984,24.899,24.922,25.067,25.319,25.55,25.716,25.701,25.572,25.625,25.543,25.589,25.654,25.815,26.105,26.44,26.929,27.379,27.834,28.083,28.349,29.625,31.107,32.646,34.669,36.501,38.255,39.842,40.632,41.274,42.223,45.011,47.06,49.661,49.568,49.598,49.4,49.398,49.423,49.416,49.696,49.871,50.377,52.451,55.684,57.332,56.474,55.679,55.146,54.894,54.893,55.118,55.272,55.48,55.337,55.058,54.137,53.065,50.246,50.437,52.752,53.481,53.407,52.964,52.975,52.803,51.603,50.928,49.311,48.354,49.969,51.217,51.431,51.578,51.945,51.584,51.291,50.666,50.195,50.498,51.163,51.236,51.18,51.009,50.476,49.626,49.108,49.338,49.864,49.611,49.06,49.184,49.223,49.994,50.841,50.656,50.768,50.805,50.223,50.046,50.149,50.59,50.983,50.96,48.433,42.646,38.331,38.66,39.636,37.185,35.391,36.248,35.513,35.235,35.536,37.936,40,40.115,40.433,39.787,40.555,41.404,42.408,42.21,42.194,42.308,41.932,41.444,41.244,40.931,41.209,41.071,41.057,41.425,42.029,41.484,41.092,41.041,40.918,41.411,42.126,43.014,47.309,48.07,47.5,46.98,45.131,44.185,44.754,44.12,44.215,48.709,47.515,47.058,47.179,46.651,46.887,46.943,51.144,55.647,59.801,59.744,59.745,56.38,52.429,49.921,49.624,50.251,49.722,48.907,49.529,49.661,49.508,50.178,50.578,49.284,49.059,49.153,49.055,49.477,50.522,50.865,50.61,50.464,51.034,51.201,51.349,51.265,51.29,50.937,50.68,49.585,48.961,48.633,48.438,47.973,50.168,49.452,48.775,48.314,49.235,48.944,48.739,47.692,47.996,49.554,51.588,51.338,51.192,51.532,51.508
"93","12","    Other nondurable goods","DONGRG3",34.658,34.879,35.065,35.184,35.31,35.567,35.677,35.818,36.059,36.238,36.386,36.534,36.684,36.798,36.931,37.017,37.171,37.3,37.72,37.84,38.019,38.194,38.394,38.553,38.884,39.118,39.345,39.458,39.626,39.759,39.983,40.294,40.473,40.69,41.086,41.364,41.739,42.191,42.557,42.884,43.269,43.634,43.948,44.235,44.514,44.708,44.928,45.326,45.647,45.99,46.219,46.589,47.104,47.375,47.506,47.734,48.095,48.452,48.671,48.964,49.161,49.635,49.962,50.262,50.537,50.793,51.114,51.318,51.698,52.239,52.584,53.03,53.519,53.739,54.001,54.227,54.24,54.387,54.784,54.87,54.907,55.087,55.304,55.443,55.666,55.852,55.968,56.168,56.223,56.442,56.765,56.835,57.048,57.118,57.234,57.443,57.7,57.942,58.056,58.242,58.401,58.579,58.746,59.022,59.28,59.586,59.657,59.812,60.199,60.499,60.57,60.672,60.762,60.905,61.274,61.463,61.5,61.585,61.666,62.005,62.358,62.656,62.915,63.059,63.292,63.545,63.795,63.861,64.131,64.211,64.324,64.479,65.025,65.299,65.338,65.747,65.956,66.133,66.67,66.707,67.084,67.342,67.573,67.885,68.495,68.801,69.113,69.371,69.658,69.962,70.357,70.643,70.853,71.021,71.079,71.427,71.834,72.355,72.494,72.743,73.122,73.597,73.933,74.052,74.514,74.696,74.765,75.215,75.849,76.249,76.748,77.15,77.267,77.418,77.658,78.035,78.227,78.291,78.587,78.9,79.162,79.535,79.781,80.248,80.302,80.424,80.909,80.941,80.9,80.801,80.979,81.422,81.726,81.871,82.022,82.123,82.26,82.029,82.058,81.795,81.263,81.311,81.523,81.702,81.734,81.749,81.895,82.009,82.304,82.409,82.47,82.614,82.715,82.942,82.891,82.825
"94","13","Services","DSERRG3",27.563,27.758,27.952,28.146,28.295,28.481,28.678,28.856,29.027,29.166,29.33,29.465,29.688,29.893,30.076,30.296,30.491,30.671,30.866,31.05,31.254,31.526,31.7,31.84,32.021,32.092,32.293,32.641,33.003,33.258,33.463,33.75,34.033,34.329,34.535,34.813,35.054,35.43,35.771,35.966,36.32,36.589,36.912,37.194,37.577,37.959,38.304,38.579,39,39.331,39.606,39.851,40.123,40.346,40.657,40.989,41.295,41.555,41.886,42.051,42.4,42.557,42.795,42.974,43.244,43.495,43.825,44.131,44.348,44.701,44.948,45.124,45.458,45.644,45.704,45.868,45.948,46.184,46.53,46.833,47.103,47.226,47.333,47.364,47.541,47.973,48.22,48.483,48.645,48.784,49.067,49.252,49.325,49.47,49.597,49.841,50.135,50.311,50.508,50.589,50.827,50.945,51.09,51.355,51.503,51.607,51.78,51.982,52.302,52.551,52.812,52.967,53.099,53.368,53.472,53.601,53.843,54.049,54.202,54.273,54.513,54.614,54.729,54.895,55.031,55.247,55.44,55.694,55.929,56.129,56.264,56.471,56.811,57.038,57.273,57.52,57.732,58.034,58.282,58.52,58.774,58.986,59.164,59.389,59.707,59.94,60.193,60.393,60.572,60.752,60.938,61.101,61.297,61.523,61.719,61.998,62.253,62.495,62.905,63.205,63.486,63.834,63.96,64.304,64.531,64.781,64.939,65.051,65.443,65.634,65.798,65.884,66.228,66.447,66.676,66.891,67.206,67.415,67.541,67.866,68.154,68.418,68.642,68.892,68.979,69.089,69.389,69.473,69.63,69.934,70.074,70.212,70.416,70.479,70.704,70.892,71.21,71.288,71.432,71.554,71.73,71.831,71.977,72.076,72.204,72.455,72.71,72.774,72.903,73.085,73.312,73.487,73.615,73.825,73.994,74.099
"95","14","  Household consumption expenditures (for services)","DHCERG3",26.362,26.555,26.75,26.942,27.091,27.266,27.444,27.612,27.779,27.91,28.073,28.204,28.408,28.619,28.799,29.012,29.197,29.361,29.536,29.731,29.911,30.18,30.364,30.487,30.649,30.721,30.915,31.244,31.603,31.828,32.017,32.293,32.548,32.843,33.035,33.301,33.533,33.905,34.222,34.406,34.734,34.987,35.335,35.621,35.991,36.364,36.692,36.959,37.378,37.689,37.952,38.188,38.422,38.633,38.968,39.307,39.603,39.865,40.212,40.37,40.724,40.899,41.164,41.354,41.62,41.847,42.187,42.511,42.735,43.103,43.36,43.525,43.884,44.102,44.178,44.336,44.424,44.599,45.006,45.327,45.58,45.73,45.841,45.894,46.057,46.495,46.747,47.001,47.171,47.312,47.609,47.808,47.872,48.03,48.17,48.43,48.717,48.886,49.093,49.187,49.422,49.535,49.688,49.946,50.083,50.182,50.342,50.545,50.886,51.146,51.431,51.614,51.743,52.015,52.133,52.267,52.511,52.717,52.876,52.966,53.201,53.286,53.418,53.578,53.735,53.95,54.14,54.38,54.621,54.817,54.961,55.179,55.504,55.75,55.985,56.232,56.456,56.764,57.019,57.269,57.521,57.744,57.923,58.174,58.49,58.756,59.006,59.228,59.429,59.635,59.826,60.016,60.255,60.495,60.72,61.004,61.246,61.509,61.95,62.273,62.577,62.942,63.101,63.471,63.706,63.96,64.147,64.282,64.702,64.908,65.102,65.193,65.509,65.759,66.021,66.251,66.602,66.824,66.974,67.317,67.638,67.94,68.22,68.462,68.585,68.717,69.02,69.113,69.314,69.632,69.812,69.972,70.211,70.252,70.482,70.677,71.01,71.096,71.259,71.404,71.572,71.679,71.826,71.925,72.076,72.331,72.581,72.656,72.791,72.969,73.218,73.371,73.489,73.711,73.872,73.975
"96","15","    Housing and utilities","DHUTRG3",27.673,27.921,28.134,28.317,28.451,28.629,28.814,29.039,29.274,29.388,29.59,29.717,29.826,30.008,30.176,30.346,30.565,30.685,30.809,30.937,31.176,31.413,31.597,31.762,31.969,32.13,32.277,32.418,32.744,33.007,33.252,33.612,33.959,34.427,34.57,34.791,35.013,35.324,35.617,35.777,36.167,36.676,36.905,37.18,37.554,37.935,38.228,38.573,38.889,39.229,39.511,39.837,40.251,40.534,40.881,41.432,41.792,42.077,42.451,42.723,43.11,43.282,43.63,43.774,44.119,44.289,44.659,44.915,45.154,45.676,45.963,46.182,46.465,46.65,46.746,47.131,47.234,47.349,47.549,47.61,47.844,48.042,48.28,48.454,48.559,48.77,48.991,49.378,49.505,49.643,50.082,50.299,50.551,50.677,50.832,51.032,51.192,51.496,51.681,51.829,52.279,52.446,52.625,52.866,53.016,53.172,53.51,53.719,53.97,54.117,54.46,54.704,54.757,55.046,55.127,55.274,55.471,55.515,55.628,55.729,55.916,56.103,56.335,56.535,56.707,56.907,56.919,57.263,57.432,57.603,57.764,58.032,58.216,58.405,58.551,58.696,58.787,59.084,59.261,59.479,59.738,59.91,60.146,60.306,60.497,60.611,60.807,61.028,61.243,61.428,61.678,61.941,62.09,62.392,62.618,62.878,62.998,63.116,63.54,63.706,63.81,64.29,64.48,64.838,64.981,65.082,65.165,65.32,65.693,65.866,65.953,66.016,66.237,66.237,66.395,66.479,66.647,66.901,67.091,67.4,67.485,67.626,67.765,67.929,68.072,68.168,68.295,68.44,68.486,68.71,69,69.18,69.344,69.357,69.678,69.896,70.123,70.256,70.375,70.493,70.621,70.766,70.863,71.057,71.189,71.438,71.678,71.739,71.904,71.99,72.115,72.273,72.319,72.463,72.66,72.825
"97","16","    Health care","DHLCRG3",18.774,18.899,19.084,19.242,19.361,19.484,19.586,19.679,19.812,19.894,20.013,20.128,20.313,20.491,20.622,20.742,20.864,20.935,21.145,21.368,21.485,21.714,21.978,22.042,22.34,22.496,22.628,22.737,22.866,22.998,23.2,23.412,23.588,23.821,24.05,24.293,24.581,24.972,25.185,25.425,25.583,25.801,26.073,26.355,26.638,26.957,27.207,27.362,27.782,28.006,28.253,28.434,28.589,28.822,29.209,29.604,29.889,30.229,30.631,30.81,31.158,31.387,31.599,31.831,31.986,32.184,32.584,32.934,33.119,33.372,33.7,33.829,34.123,34.559,34.724,34.869,34.996,35.174,35.472,35.838,36.024,36.281,36.541,36.732,36.984,37.23,37.433,37.623,37.824,38.041,38.227,38.363,38.521,38.756,38.99,39.176,39.369,39.541,39.787,39.968,40.175,40.376,40.528,40.676,40.862,41.018,41.207,41.387,41.612,41.836,42.118,42.324,42.478,42.687,42.871,43.078,43.305,43.583,43.801,44.029,44.276,44.358,44.688,44.954,45.209,45.471,45.718,45.934,46.203,46.407,46.673,46.881,47.233,47.607,47.91,48.265,48.664,48.96,49.319,49.621,49.945,50.307,50.581,50.983,51.319,51.828,52.16,52.493,52.838,53.237,53.631,53.96,54.389,54.697,55.093,55.57,55.766,56.123,56.556,56.955,57.39,57.708,58.198,58.695,59.013,59.437,59.885,60.217,60.599,60.939,61.287,61.586,61.914,62.241,62.57,62.997,63.328,63.673,64.082,64.495,64.883,65.28,65.697,66.022,66.372,66.692,67.035,67.352,67.728,68.12,68.443,68.788,69.123,69.337,69.497,69.738,70.176,70.383,70.677,70.86,71.087,71.288,71.462,71.674,72.028,72.276,72.482,72.68,72.915,73.199,73.527,73.673,73.831,74.181,74.349,74.513
"98","17","    Transportation services","DTRSRG3",33.916,34.153,34.515,34.645,34.835,35.048,35.216,35.39,35.603,35.753,35.807,36.217,36.388,36.77,36.673,36.85,37.072,37.189,37.451,37.622,37.997,38.547,38.145,38.266,38.548,38.925,39.16,39.593,39.924,40.141,40.615,41.107,41.693,42.246,43.105,43.835,44.333,44.923,45.286,45.885,46.469,46.831,47.502,48.039,48.863,49.321,49.724,50.296,50.909,51.539,52.314,52.402,52.189,52.704,53.412,53.641,54.089,54.354,54.491,54.45,54.66,54.763,55.057,55.491,55.646,56.159,56.409,56.718,56.907,56.757,56.564,56.619,56.608,56.231,56.496,57.321,58.016,57.849,58.485,58.913,59.069,59.059,59.549,59.646,60.112,60.451,60.479,60.379,60.738,60.404,60.3,60.403,59.333,60.477,60.738,60.952,61.307,61.368,61.388,61.053,61.316,61.781,61.22,61.728,62.064,62.389,61.899,61.551,61.664,61.534,62.006,61.989,61.951,62.217,62.057,62.011,62.076,62.597,63.121,63.244,64.033,63.679,63.645,63.903,64.04,64.667,64.71,65.103,65.774,66.132,66.257,66.163,66.473,66.558,67.063,67.251,67.481,67.836,68.132,68.434,68.497,68.656,68.898,69.197,69.842,70.522,71.088,71.045,70.95,70.577,70.468,70.851,71.139,71.431,71.386,70.985,71.942,72.022,73.146,73.35,73.448,73.361,73.295,73.9,74.075,75.096,75.057,74.089,74.272,74.507,75.151,74.508,75.012,75.468,75.744,76.006,76.731,76.963,76.405,76.245,77.567,77.661,77.654,78.181,77.405,76.211,78.139,75.989,76.906,78.921,79.185,78.971,79.884,80.109,80.52,80.117,79.991,80.501,80.644,80.658,80.356,80.871,81.088,80.497,80.637,80.814,81.758,81.563,81.425,81.476,81.373,81.812,81.698,81.807,81.552,81.087
"99","18","    Recreation services","DRCARG3",32.203,32.402,32.499,32.626,32.716,32.841,32.928,33.078,33.233,33.365,33.516,33.618,33.857,34.019,34.186,34.474,34.592,34.733,34.907,35.127,35.412,35.59,35.714,36.039,36.263,36.16,36.469,36.759,37.031,37.24,37.346,37.569,37.681,37.861,38.01,37.907,38.146,38.658,39.116,39.46,39.815,40.022,40.322,40.504,40.802,40.997,40.998,41.201,41.617,42.086,42.033,42.078,42.24,42.379,42.435,42.661,42.936,43.235,43.407,43.531,43.83,44.054,44.125,44.221,44.393,44.867,44.991,45.273,45.42,45.687,45.8,45.817,46.055,46.236,46.335,46.607,46.71,46.884,46.824,46.697,46.988,47.358,47.555,47.606,47.758,48.015,48.2,48.391,48.555,48.813,48.985,49.194,49.28,49.495,49.59,49.865,50.096,50.19,50.464,50.682,50.712,50.932,51.086,51.198,51.201,51.393,51.636,51.846,52.209,52.491,52.405,52.555,52.684,52.872,52.97,53.056,53.243,53.41,53.571,53.602,53.851,54.173,54.309,54.563,54.722,54.872,55.063,55.257,55.49,55.763,55.709,55.91,56.197,56.129,56.343,56.66,56.715,56.864,56.876,57.253,57.455,58.043,58.104,58.351,58.853,58.976,59.246,59.343,59.464,59.832,60.156,60.269,60.497,60.582,60.743,61.087,61.506,61.831,62.125,62.253,62.68,63.102,63.493,63.707,64.15,64.254,64.466,64.738,65.046,65.328,65.642,65.873,66.357,66.54,66.697,66.888,67.221,67.311,67.516,67.313,67.16,67.532,67.945,68.263,68.473,68.543,68.774,68.977,69.024,69.209,69.257,69.33,69.502,69.773,70.088,70.499,70.307,70.61,70.718,71.068,71.276,71.486,71.663,71.843,71.99,72.149,72.242,71.971,72.09,72.146,72.274,72.197,72.116,72.398,72.641,72.742
"100","19","    Food services and accommodations","DFSARG3",30.422,30.585,30.805,31.125,31.381,31.594,31.739,31.945,32.09,32.277,32.416,32.564,32.73,33.019,33.27,33.544,33.873,34.219,34.527,34.877,35.081,35.356,35.656,35.925,36.212,36.604,36.957,37.274,37.699,37.96,38.263,38.518,38.731,39.137,39.432,39.773,40.125,40.408,40.755,40.992,41.304,41.637,41.813,42.1,42.444,42.729,43.069,43.413,43.797,44.358,44.594,44.867,45.133,45.385,45.666,45.936,46.152,46.384,46.543,46.7,46.942,47.113,47.33,47.491,47.7,47.992,48.225,48.415,48.663,48.79,48.944,49.104,49.295,49.402,49.555,49.79,49.936,50.015,50.039,50.254,50.527,50.769,50.953,51.08,51.377,51.593,51.796,52.002,52.232,52.326,52.523,52.742,52.79,52.939,53.086,53.342,53.413,53.705,53.919,54.118,54.43,54.675,54.745,54.947,55.185,55.403,55.588,55.655,55.807,55.983,56.157,56.362,56.592,56.898,57.002,57.15,57.39,57.54,57.804,57.974,58.265,58.384,58.579,58.711,58.851,59.137,59.383,59.469,59.686,59.792,60.024,60.149,60.471,60.698,61.033,61.274,61.453,61.663,61.901,62.09,62.309,62.568,62.631,62.885,63.102,63.387,63.785,63.944,64.194,64.41,64.831,64.887,65.094,65.421,65.63,65.846,66.095,66.382,66.823,66.95,67.206,67.415,67.725,67.908,68.062,68.294,68.428,68.696,69.203,69.376,69.478,69.768,69.987,70.218,70.342,70.502,70.806,70.926,70.759,70.958,70.974,71.095,71.181,71.419,71.5,71.557,71.759,71.89,72.181,72.18,72.214,72.259,72.327,72.408,72.557,72.853,73.035,73.145,73.244,73.276,73.419,73.514,73.606,73.699,73.752,73.745,73.902,74.118,74.274,74.427,74.377,74.482,74.635,74.77,74.981,75.016
"101","20","    Financial services and insurance","DIFSRG3",26.437,26.63,26.772,27.156,27.436,27.744,28.177,28.519,28.765,29.065,29.327,29.359,30.115,30.458,30.919,31.417,31.539,31.684,31.711,31.919,32.012,32.52,32.781,32.577,31.988,30.99,31.258,32.842,33.997,34.275,34.045,34.137,34.279,34.329,33.986,34.206,33.978,34.469,35.03,34.781,35.291,35.56,35.779,36.085,36.574,37.372,38.122,38.26,39.04,38.961,38.988,38.95,38.985,38.668,38.769,38.425,38.203,38.088,38.481,38.344,38.949,38.965,39.434,39.473,39.993,40.283,40.832,41.712,42.024,42.743,43.084,43.181,44.233,44.437,44.002,43.193,42.705,43.267,45.137,46.474,47.117,46.665,45.753,44.995,44.239,46.109,46.901,47.266,47.435,47.74,48.465,48.986,48.719,48.458,48.376,49.299,50.502,50.261,50.269,49.958,49.791,48.974,49.332,49.902,49.683,49.244,48.977,49.509,50.665,51.549,51.964,51.921,52.048,52.388,52.639,52.626,53.234,53.6,53.686,53.435,53.904,53.808,53.383,53.109,53.09,53.23,53.838,53.997,54.361,54.538,54.378,54.838,55.638,55.859,56.146,56.117,56.498,57.274,57.719,58.088,58.195,58.051,57.978,58.197,58.763,59.049,59.282,59.388,59.349,59.366,59.078,58.838,58.863,59.014,59.208,59.565,59.765,60.389,60.747,61.729,62.345,62.86,62.441,62.768,62.976,63.008,63.081,63.114,63.838,63.38,63.377,63.11,63.806,64.544,65.166,65.446,66.026,66.149,66.095,67.099,68.108,68.696,69.226,69.581,69.499,69.799,70.018,70.156,70.187,70.51,70.434,70.494,70.578,69.957,70.11,70.268,70.977,70.407,70.517,70.653,71,70.502,70.653,70.413,70.289,70.695,71.02,70.982,70.988,71.302,72.049,72.14,72.298,72.537,72.757,72.91
"102","21","    Other services","DOTSRG3",29.489,29.682,29.839,29.911,29.96,30.09,30.268,30.282,30.294,30.375,30.518,30.653,30.733,30.862,30.999,31.202,31.361,31.687,31.885,32.053,32.155,32.32,32.433,32.63,32.827,32.998,33.188,33.418,33.655,33.896,34.083,34.372,34.598,34.634,34.964,35.291,35.598,35.945,36.25,36.481,36.757,36.336,37.267,37.519,37.834,38.054,38.35,38.592,38.937,39.272,39.653,40.069,40.3,40.571,40.963,41.294,41.87,42.215,42.631,42.765,43.006,43.215,43.311,43.633,43.832,43.97,44.133,44.237,44.439,44.744,44.979,45.225,45.574,45.741,45.911,46.076,46.313,46.468,46.675,46.841,46.914,47.18,47.377,47.495,48.194,48.589,48.682,48.823,48.919,48.94,48.989,48.992,49.111,49.204,49.283,49.261,49.379,49.543,49.935,50.126,50.268,50.65,50.881,51.101,51.335,51.468,51.728,51.964,52.226,52.457,52.643,52.911,53.154,53.453,53.533,53.705,53.851,54.099,54.102,54.155,54.017,54.072,54.121,54.33,54.446,54.489,54.622,54.818,54.925,55.166,55.317,55.423,55.637,55.981,56.08,56.587,56.762,56.838,57.012,57.127,57.462,57.706,57.903,58.099,58.334,58.381,58.377,58.694,58.905,59.109,59.087,59.293,59.586,59.612,59.691,59.898,60.202,60.33,60.705,60.961,61.275,61.599,61.445,61.774,62.098,62.377,62.532,62.561,62.939,63.556,63.761,63.898,64.006,64.219,64.421,64.626,65.155,65.288,65.53,65.715,65.921,66.351,66.673,66.708,66.846,67.106,67.35,67.593,67.709,67.81,67.849,67.979,68.284,68.5,68.688,68.816,69.348,69.473,69.631,69.829,69.973,70.225,70.438,70.666,70.838,71.251,71.403,71.538,71.635,71.83,72.183,72.427,72.749,72.993,73.091,73.171
"103","22","  Final consumption expenditures of nonprofit institutions serving households (NPISHs) \1\","DNPIRG3",99.078,99.101,98.712,98.564,98.425,99.452,101.272,102.091,102.423,103.141,103.008,103.353,105.054,104.27,104.312,104.909,105.687,107.26,109.256,107.747,110.236,110.219,108.883,110.605,112.45,112.29,112.877,114.411,114.436,117.438,118.844,119.695,122.552,122.181,123.455,124.495,125.192,125.208,127.328,128.367,130.747,132.169,129.204,128.391,129.463,130.015,131.464,132.023,131.847,133.658,134.647,135.294,138.964,140.007,137.229,136.263,137.066,136.619,134.84,135.448,134.723,132.97,130.363,129.363,129.578,131.66,130.533,128.978,128.299,126.952,126.044,126.944,124.735,122.089,120.783,121.308,120.655,125.604,120.607,119.158,120.508,118.389,118.087,116.434,117.541,117.133,116.811,117.485,116.966,116.857,115.923,115.023,115.696,114.799,113.881,112.935,113.49,113.983,113.343,112.464,112.69,113.13,112.558,113.121,113.956,114.348,115.254,115.228,113.85,113.175,111.719,110.069,110.29,110.159,109.345,109.122,109.131,109.243,108.91,107.854,108.188,109.336,108.289,108.731,107.523,107.7,107.986,108.967,108.786,109.087,108.595,108.052,109.069,108.129,108.308,108.455,107.828,107.716,107.515,106.979,107.251,106.814,106.868,105.595,105.903,104.285,104.644,103.641,102.64,101.464,101.317,100.1,98.232,97.752,96.569,96.531,97.315,96.549,95.497,94.731,93.972,93.553,92.264,91.532,91.37,91.439,90.431,89.652,88.896,88.479,87.445,87.345,88.743,87.737,86.679,86.359,85.27,85.033,84.244,83.939,83.013,81.944,80.301,80.78,79.685,79.092,79.257,79.052,77.819,77.68,76.583,76.01,75.142,75.9,75.928,75.897,75.775,75.589,75.124,74.53,74.982,74.89,74.989,75.092,74.555,74.656,75.08,74.811,74.763,75.049,74.645,75.454,75.875,75.736,76.113,76.284
"104","23","    Gross output of nonprofit institutions \2\","DNPERG3",25.984,26.136,26.267,26.406,26.474,26.673,26.93,27.038,27.102,27.222,27.333,27.451,27.766,27.905,28.031,28.215,28.41,28.586,28.966,29.079,29.309,29.542,29.7,29.909,30.327,30.516,30.702,30.942,31.062,31.419,31.703,32.005,32.435,32.651,32.999,33.329,33.684,34.087,34.472,34.721,35.035,35.397,35.479,35.76,36.187,36.568,36.979,37.147,37.603,38.015,38.292,38.505,38.866,39.187,39.33,39.733,40.17,40.504,40.808,40.982,41.395,41.511,41.52,41.676,41.844,42.206,42.583,42.83,42.967,43.151,43.429,43.619,43.714,43.951,43.997,44.187,44.259,44.81,44.707,44.961,45.153,45.318,45.522,45.559,45.897,46.062,46.266,46.514,46.657,46.856,46.987,47.005,47.266,47.385,47.53,47.608,47.807,47.982,48.136,48.254,48.457,48.696,48.731,48.885,49.139,49.286,49.512,49.691,49.789,49.937,49.967,49.94,50.094,50.289,50.362,50.525,50.722,51,51.137,51.231,51.452,51.684,51.815,52.1,52.199,52.447,52.699,53.017,53.191,53.436,53.662,53.811,54.229,54.405,54.723,55.053,55.374,55.564,55.878,56.126,56.449,56.742,56.971,57.212,57.562,57.75,58.098,58.3,58.49,58.692,58.998,59.131,59.286,59.524,59.665,59.973,60.301,60.459,60.701,60.918,61.111,61.377,61.567,61.909,62.187,62.57,62.791,62.961,63.205,63.427,63.517,63.799,64.307,64.433,64.548,64.816,64.928,65.165,65.368,65.644,65.81,65.934,65.984,66.354,66.451,66.603,66.91,67.143,67.22,67.523,67.557,67.723,67.809,68.131,68.276,68.445,68.677,68.804,68.959,68.961,69.225,69.367,69.509,69.707,69.751,69.937,70.164,70.219,70.394,70.658,70.867,71.131,71.339,71.495,71.735,71.92
"105","24","    Less: Receipts from sales of goods and services by nonprofit institutions \3\","DNPSRG3",17.091,17.224,17.363,17.494,17.562,17.677,17.796,17.844,17.881,17.943,18.05,18.133,18.311,18.48,18.589,18.716,18.842,18.905,19.123,19.311,19.368,19.574,19.793,19.876,20.135,20.314,20.443,20.563,20.668,20.804,20.972,21.188,21.402,21.612,21.845,22.074,22.345,22.702,22.916,23.074,23.21,23.444,23.697,23.998,24.313,24.619,24.896,25.013,25.433,25.688,25.874,26.024,26.12,26.34,26.64,27.062,27.403,27.734,28.129,28.244,28.669,28.897,29.09,29.305,29.445,29.629,30.059,30.404,30.583,30.858,31.19,31.298,31.559,31.996,32.147,32.285,32.407,32.532,32.843,33.211,33.28,33.625,33.851,34.038,34.269,34.467,34.698,34.879,35.07,35.278,35.499,35.606,35.799,36.008,36.248,36.425,36.568,36.693,36.913,37.121,37.302,37.498,37.592,37.688,37.859,37.966,38.1,38.282,38.523,38.744,38.932,39.089,39.223,39.439,39.608,39.803,40.007,40.282,40.464,40.686,40.877,40.983,41.243,41.488,41.733,41.971,42.2,42.415,42.619,42.839,43.134,43.356,43.67,43.975,44.289,44.619,45.042,45.26,45.622,45.959,46.268,46.643,46.881,47.318,47.653,48.08,48.406,48.769,49.122,49.518,49.877,50.21,50.675,51.018,51.366,51.718,51.96,52.261,52.708,53.083,53.434,53.812,54.261,54.79,55.142,55.572,56.02,56.367,56.798,57.138,57.445,57.794,58.115,58.46,58.807,59.188,59.543,59.873,60.278,60.671,61.066,61.45,61.882,62.222,62.595,62.921,63.257,63.593,63.989,64.398,64.716,65.066,65.392,65.6,65.771,65.99,66.309,66.513,66.824,66.98,67.193,67.395,67.549,67.771,67.969,68.179,68.353,68.494,68.729,68.986,69.365,69.475,69.623,69.861,70.06,70.246
"106",NA,"Addenda:"," ",NA,NA,NA,NA,NA,NA,NA,NA,NA,NA,NA,NA,NA,NA,NA,NA,NA,NA,NA,NA,NA,NA,NA,NA,NA,NA,NA,NA,NA,NA,NA,NA,NA,NA,NA,NA,NA,NA,NA,NA,NA,NA,NA,NA,NA,NA,NA,NA,NA,NA,NA,NA,NA,NA,NA,NA,NA,NA,NA,NA,NA,NA,NA,NA,NA,NA,NA,NA,NA,NA,NA,NA,NA,NA,NA,NA,NA,NA,NA,NA,NA,NA,NA,NA,NA,NA,NA,NA,NA,NA,NA,NA,NA,NA,NA,NA,NA,NA,NA,NA,NA,NA,NA,NA,NA,NA,NA,NA,NA,NA,NA,NA,NA,NA,NA,NA,NA,NA,NA,NA,NA,NA,NA,NA,NA,NA,NA,NA,NA,NA,NA,NA,NA,NA,NA,NA,NA,NA,NA,NA,NA,NA,NA,NA,NA,NA,NA,NA,NA,NA,NA,NA,NA,NA,NA,NA,NA,NA,NA,NA,NA,NA,NA,NA,NA,NA,NA,NA,NA,NA,NA,NA,NA,NA,NA,NA,NA,NA,NA,NA,NA,NA,NA,NA,NA,NA,NA,NA,NA,NA,NA,NA,NA,NA,NA,NA,NA,NA,NA,NA,NA,NA,NA,NA,NA,NA,NA,NA,NA,NA,NA,NA,NA,NA,NA,NA
"107","25","  PCE excluding food and energy \4\","DPCCRG3",35.267,35.483,35.632,35.81,35.993,36.207,36.434,36.613,36.769,36.949,37.141,37.337,37.566,37.714,37.92,38.167,38.392,38.606,38.835,39.045,39.27,39.558,39.769,39.925,40.128,40.257,40.488,40.861,41.215,41.445,41.652,41.928,42.213,42.521,42.792,43.097,43.423,43.854,44.259,44.488,44.846,45.142,45.457,45.786,46.216,46.595,46.962,47.244,47.654,48.003,48.269,48.574,48.906,49.148,49.444,49.774,50.098,50.395,50.685,50.87,51.178,51.374,51.595,51.798,52.079,52.339,52.676,52.919,53.116,53.452,53.654,53.831,54.213,54.419,54.492,54.657,54.739,54.995,55.366,55.652,55.877,55.977,56.108,56.15,56.334,56.688,56.903,57.172,57.304,57.44,57.688,57.879,57.969,58.1,58.226,58.458,58.736,58.996,59.184,59.264,59.447,59.596,59.712,59.98,60.119,60.259,60.439,60.611,60.919,61.082,61.294,61.455,61.613,61.855,62.027,62.2,62.434,62.655,62.828,62.972,63.25,63.397,63.565,63.784,63.945,64.136,64.344,64.588,64.848,65.107,65.243,65.397,65.735,65.885,66.167,66.477,66.7,66.985,67.267,67.433,67.777,68.012,68.19,68.429,68.801,68.995,69.202,69.422,69.614,69.782,69.948,70.036,70.277,70.533,70.728,70.938,71.224,71.598,71.989,72.268,72.538,72.839,73.011,73.303,73.552,73.799,73.9,74.032,74.445,74.685,74.864,75.019,75.333,75.519,75.779,76.011,76.33,76.506,76.677,76.912,77.189,77.439,77.651,77.899,78.012,78.083,78.392,78.464,78.574,78.844,78.982,79.094,79.285,79.404,79.542,79.742,79.979,80.025,80.164,80.292,80.394,80.51,80.716,80.765,80.856,81.037,81.299,81.396,81.578,81.783,82.008,82.133,82.266,82.444,82.595,82.642
"108","26","  Energy goods and services \5\","DNRGRG3",26.331,26.562,26.843,26.904,27.004,26.986,27.045,27.186,27.307,27.529,27.782,27.869,27.83,27.891,28.053,28.126,28.269,28.328,28.442,28.657,28.921,29.393,29.692,30.071,30.385,30.657,31.575,32.601,33.691,35.192,36.542,37.862,39.045,39.736,40.228,41.038,42.898,44.498,46.298,46.475,46.756,46.914,47.149,47.322,47.425,47.712,47.967,48.478,49.942,52.229,53.391,53.116,52.808,52.696,52.858,53.097,53.408,53.52,54.042,54.079,54.274,53.805,53.508,51.889,52.217,53.716,54.206,54.288,54.282,54.781,54.914,54.402,54.071,53.159,52.704,53.836,54.637,54.726,54.9,54.986,54.938,54.998,54.804,54.56,54.647,55.176,55.249,55.418,55.372,54.955,54.842,54.693,55.001,55.278,55.158,54.758,54.857,54.901,55.489,56.084,55.977,55.974,55.968,55.463,55.463,55.495,55.768,56.079,56.149,54.673,50.987,48.086,48.189,49.124,47.417,46.317,46.781,45.837,45.579,45.75,47.361,48.593,48.708,48.753,48.416,49.206,49.626,50.392,50.313,49.93,50.182,49.88,49.488,49.388,49.211,49.465,49.244,49.474,49.766,50.155,49.981,49.933,49.925,49.858,50.216,50.547,51.167,53.989,54.446,54.127,53.953,52.881,52.251,52.666,52.354,52.498,55.239,54.706,54.418,54.422,53.978,54.264,54.134,56.81,59.673,62.173,62.34,62.297,60.795,58.46,56.887,56.552,57.084,56.538,56.25,56.532,56.73,56.781,57.225,57.641,56.754,56.57,56.59,56.664,56.981,57.708,57.951,57.83,57.884,58.28,58.666,58.804,58.691,58.302,58.557,58.565,58.054,57.745,57.611,57.534,57.345,58.691,58.12,57.752,57.349,58.038,58.01,57.711,57.014,57.18,58.152,59.441,59.17,59.041,59.325,59.254
"109","27","  Market-based PCE \6\","DPCMRG3",NA,NA,NA,NA,NA,NA,NA,NA,NA,NA,NA,NA,NA,NA,NA,NA,NA,NA,NA,NA,NA,NA,NA,NA,NA,NA,NA,NA,NA,NA,NA,NA,NA,NA,NA,NA,NA,NA,NA,NA,NA,NA,NA,NA,NA,NA,NA,NA,NA,NA,NA,NA,NA,NA,NA,NA,NA,NA,NA,NA,NA,NA,NA,NA,NA,NA,NA,NA,NA,NA,NA,NA,NA,NA,NA,NA,NA,NA,NA,NA,NA,NA,NA,NA,NA,NA,NA,NA,NA,NA,NA,NA,NA,NA,NA,NA,NA,NA,NA,NA,NA,NA,NA,NA,NA,NA,NA,NA,NA,NA,NA,NA,NA,NA,NA,NA,NA,NA,NA,NA,63.302,63.57,63.79,63.998,64.164,64.417,64.564,64.822,65.049,65.24,65.385,65.497,65.759,65.869,66.105,66.416,66.595,66.864,67.168,67.342,67.66,67.902,68.062,68.307,68.659,68.933,69.207,69.695,69.984,70.157,70.365,70.399,70.594,70.899,71.079,71.29,71.863,72.199,72.532,72.684,72.878,73.198,73.461,73.98,74.435,74.899,75.028,75.134,75.498,75.56,75.625,75.803,76.116,76.241,76.378,76.549,76.854,77.024,77.202,77.395,77.525,77.735,77.943,78.139,78.255,78.402,78.662,78.745,78.903,79.195,79.366,79.486,79.686,79.763,79.912,80.1,80.327,80.328,80.459,80.591,80.653,80.913,81.048,81.055,81.076,81.267,81.47,81.578,81.698,81.892,82.146,82.32,82.371,82.489,82.613,82.659
"110","28","  Market-based PCE excluding food and energy \6\","DPCXRG3",NA,NA,NA,NA,NA,NA,NA,NA,NA,NA,NA,NA,NA,NA,NA,NA,NA,NA,NA,NA,NA,NA,NA,NA,NA,NA,NA,NA,NA,NA,NA,NA,NA,NA,NA,NA,NA,NA,NA,NA,NA,NA,NA,NA,NA,NA,NA,NA,NA,NA,NA,NA,NA,NA,NA,NA,NA,NA,NA,NA,NA,NA,NA,NA,NA,NA,NA,NA,NA,NA,NA,NA,NA,NA,NA,NA,NA,NA,NA,NA,NA,NA,NA,NA,NA,NA,NA,NA,NA,NA,NA,NA,NA,NA,NA,NA,NA,NA,NA,NA,NA,NA,NA,NA,NA,NA,NA,NA,NA,NA,NA,NA,NA,NA,NA,NA,NA,NA,NA,NA,64.307,64.483,64.742,64.985,65.175,65.358,65.528,65.746,66.024,66.296,66.461,66.592,66.923,67.082,67.387,67.701,67.92,68.186,68.431,68.566,68.926,69.219,69.416,69.689,70.043,70.27,70.495,70.734,70.983,71.2,71.435,71.577,71.885,72.179,72.407,72.621,72.905,73.288,73.724,73.953,74.223,74.505,74.794,75.12,75.358,75.639,75.771,75.925,76.411,76.672,76.911,77.116,77.421,77.589,77.859,78.07,78.437,78.646,78.801,78.994,79.253,79.487,79.71,79.959,80.089,80.149,80.458,80.502,80.668,80.997,81.195,81.325,81.575,81.682,81.843,82.054,82.31,82.363,82.541,82.692,82.793,82.919,83.12,83.144,83.207,83.389,83.656,83.8,83.997,84.172,84.333,84.396,84.479,84.659,84.773,84.79
"111",NA,"Personal consumption expenditures by major function (From NIPA table 2.5.4):"," ",NA,NA,NA,NA,NA,NA,NA,NA,NA,NA,NA,NA,NA,NA,NA,NA,NA,NA,NA,NA,NA,NA,NA,NA,NA,NA,NA,NA,NA,NA,NA,NA,NA,NA,NA,NA,NA,NA,NA,NA,NA,NA,NA,NA,NA,NA,NA,NA,NA,NA,NA,NA,NA,NA,NA,NA,NA,NA,NA,NA,NA,NA,NA,NA,NA,NA,NA,NA,NA,NA,NA,NA,NA,NA,NA,NA,NA,NA,NA,NA,NA,NA,NA,NA,NA,NA,NA,NA,NA,NA,NA,NA,NA,NA,NA,NA,NA,NA,NA,NA,NA,NA,NA,NA,NA,NA,NA,NA,NA,NA,NA,NA,NA,NA,NA,NA,NA,NA,NA,NA,NA,NA,NA,NA,NA,NA,NA,NA,NA,NA,NA,NA,NA,NA,NA,NA,NA,NA,NA,NA,NA,NA,NA,NA,NA,NA,NA,NA,NA,NA,NA,NA,NA,NA,NA,NA,NA,NA,NA,NA,NA,NA,NA,NA,NA,NA,NA,NA,NA,NA,NA,NA,NA,NA,NA,NA,NA,NA,NA,NA,NA,NA,NA,NA,NA,NA,NA,NA,NA,NA,NA,NA,NA,NA,NA,NA,NA,NA,NA,NA,NA,NA,NA,NA,NA,NA,NA,NA,NA,NA,NA,NA,NA,NA,NA,NA
"112","29","      Personal consumption expenditures","DPCERG3",35.058,35.332,35.508,35.716,35.897,36.098,36.287,36.456,36.595,36.766,36.979,37.161,37.384,37.561,37.806,38.093,38.366,38.616,38.829,39.025,39.248,39.56,39.784,39.97,40.27,40.484,40.799,41.224,41.649,41.991,42.31,42.634,43.009,43.36,43.659,44.025,44.483,44.965,45.514,45.754,46.11,46.4,46.757,47.148,47.583,47.963,48.353,48.666,49.135,49.631,49.977,50.193,50.417,50.616,50.922,51.238,51.547,51.779,52.054,52.213,52.521,52.677,52.81,52.836,53.148,53.532,53.848,54.015,54.166,54.47,54.636,54.724,54.992,55.089,55.164,55.415,55.574,55.781,56.096,56.337,56.534,56.632,56.713,56.744,56.989,57.371,57.559,57.778,57.852,57.956,58.164,58.343,58.424,58.562,58.647,58.814,59.067,59.305,59.521,59.616,59.74,59.864,59.962,60.141,60.255,60.39,60.593,60.802,61.067,61.072,60.96,60.876,61.032,61.305,61.369,61.484,61.71,61.83,61.972,62.108,62.504,62.739,62.889,63.082,63.227,63.479,63.66,63.934,64.153,64.342,64.465,64.597,64.873,64.981,65.206,65.513,65.7,65.983,66.31,66.506,66.816,67.015,67.163,67.384,67.751,67.992,68.245,68.69,68.926,69.064,69.217,69.218,69.37,69.643,69.801,70.01,70.55,70.885,71.192,71.395,71.597,71.928,72.097,72.565,73.003,73.417,73.521,73.613,73.93,73.999,74.034,74.174,74.492,74.638,74.782,74.975,75.247,75.395,75.583,75.811,75.971,76.197,76.398,76.599,76.703,76.848,77.114,77.216,77.328,77.574,77.699,77.806,77.963,78.053,78.185,78.365,78.58,78.582,78.686,78.801,78.869,79.103,79.25,79.28,79.33,79.518,79.725,79.799,79.915,80.131,80.427,80.64,80.736,80.86,81.014,81.083
"113","30","Household consumption expenditures \7\","DPHCRG3",34.329,34.602,34.78,34.988,35.169,35.363,35.541,35.704,35.841,36.006,36.219,36.399,36.611,36.792,37.036,37.318,37.585,37.825,38.024,38.23,38.437,38.747,38.979,39.154,39.441,39.655,39.966,40.38,40.804,41.126,41.435,41.752,42.109,42.46,42.751,43.109,43.561,44.041,44.576,44.808,45.147,45.427,45.804,46.199,46.626,47.001,47.381,47.69,48.159,48.643,48.981,49.192,49.391,49.583,49.906,50.229,50.532,50.767,51.055,51.209,51.521,51.69,51.843,51.878,52.188,52.556,52.881,53.061,53.217,53.533,53.707,53.787,54.074,54.194,54.28,54.527,54.692,54.858,55.216,55.471,55.657,55.774,55.857,55.904,56.14,56.527,56.719,56.933,57.011,57.117,57.335,57.524,57.599,57.746,57.84,58.018,58.267,58.501,58.725,58.829,58.951,59.071,59.176,59.349,59.456,59.588,59.782,59.993,60.273,60.285,60.187,60.12,60.274,60.551,60.625,60.743,60.97,61.089,61.236,61.385,61.78,62.004,62.167,62.357,62.516,62.768,62.948,63.213,63.435,63.622,63.752,63.891,64.157,64.278,64.502,64.81,65.006,65.294,65.626,65.83,66.14,66.346,66.495,66.735,67.101,67.366,67.617,68.079,68.332,68.487,68.644,68.662,68.842,69.126,69.303,69.515,70.051,70.401,70.728,70.945,71.163,71.506,71.698,72.186,72.634,73.053,73.177,73.284,73.62,73.697,73.752,73.895,74.194,74.361,74.527,74.729,75.026,75.181,75.388,75.626,75.807,76.059,76.298,76.493,76.623,76.783,77.051,77.16,77.302,77.556,77.708,77.83,78.01,78.085,78.219,78.405,78.627,78.633,78.749,78.881,78.939,79.181,79.329,79.358,79.421,79.612,79.814,79.895,80.015,80.23,80.542,80.74,80.829,80.959,81.108,81.174
"114","31","  Food and beverages purchased for off-premises consumption","DFXARG3",39.09,39.738,39.989,40.49,40.717,40.994,41.048,41.172,41.205,41.27,41.57,41.729,42.118,42.562,43.108,43.818,44.501,45.135,45.31,45.39,45.553,45.872,46.104,46.33,47.248,47.964,48.315,48.564,48.902,49.043,49.281,49.124,49.461,49.821,50.15,50.554,50.811,50.761,51.286,51.641,52.032,52.372,53.085,54.028,54.73,55.17,55.81,56.172,56.252,56.404,56.684,56.628,56.497,56.634,57.096,57.359,57.541,57.415,57.387,57.451,57.818,58.169,58.009,58.079,58.561,58.943,58.975,58.682,58.627,58.554,58.501,58.406,58.301,58.366,58.841,59.032,59.26,59.206,59.209,59.236,59.407,59.512,59.427,59.584,60.371,60.827,60.897,60.781,60.507,60.761,60.9,61.221,61.063,61.144,61.068,61.155,61.325,61.53,61.672,61.504,61.343,61.364,61.4,61.388,61.388,61.563,61.876,62.294,62.368,62.232,62.258,62.359,62.518,62.522,63.064,63.618,63.587,63.691,63.892,63.922,64.321,64.498,64.52,64.601,64.978,65.295,65.068,65.203,65.296,65.335,65.245,65.525,65.787,65.709,65.754,66.064,66.259,66.553,67.26,67.538,67.916,67.998,68.017,68.288,68.6,69.152,69.488,69.953,70.39,70.613,70.899,70.976,70.977,71.262,71.47,71.718,72.69,73.314,73.345,73.041,73.147,73.756,74.114,74.377,74.557,74.811,74.894,74.754,75.597,75.993,76.011,76.381,76.577,76.909,76.399,76.188,76.101,76.07,76.201,76.217,76.153,76.461,76.685,76.57,76.427,76.763,76.654,77.187,77.353,77.261,77.06,77.09,77.146,77.354,77.322,77.464,78.028,77.876,77.839,77.991,77.951,78.354,78.533,78.701,78.724,78.569,78.458,78.605,78.757,79.105,79.5,79.662,79.709,79.53,79.609,79.975
"115","32","  Clothing, footwear, and related services","DCAFRG3",83.257,84.174,83.442,83.391,83.956,84.481,85.299,85.512,84.981,85.298,85.963,86.203,86.08,85.062,85.521,86.368,86.862,87.088,86.859,86.953,87.053,87.382,87.462,87.395,87.73,87.637,87.893,88.339,88.82,88.949,88.99,88.937,89.245,89.535,89.932,90.405,90.856,91.119,91.7,91.964,92.124,92.382,92.706,92.804,93.191,93.819,94.087,94.31,94.394,94.965,95.233,95.675,95.725,95.938,96.265,96.678,96.895,96.882,96.758,96.888,96.818,97.039,97.476,97.709,97.824,97.954,98.226,98.087,97.967,97.888,97.765,97.74,98.254,98.529,98.375,98.565,99.058,99.534,100.133,99.978,99.649,99.423,99.57,99.587,99.996,99.759,99.499,99.486,99.385,98.93,99.557,100.34,100.469,100.656,100.529,100.881,100.894,101.829,102.064,101.738,101.793,102.583,102.312,102.271,102.518,102.525,103.048,103.08,103.181,102.037,101.468,101.446,101.309,101.256,101.504,102.195,102.474,102.194,102.196,102.796,103.168,103.603,104.265,104.698,105.043,104.768,104.587,105.044,105.396,106.227,106.882,106.48,106.959,105.656,106.811,108.303,108.378,108.711,109.089,107.752,109.218,109.97,110.041,110.477,110.743,109.642,110.049,110.593,110.969,110.623,110.007,108.632,109.768,110.685,110.851,110.397,110.415,112.677,113.901,114.134,113.909,114.197,114.414,114.401,114.822,114.594,114.398,115.138,114.999,114.994,114.992,115.294,115.853,116.022,116.018,116.745,117.295,117.019,117.739,117.696,117.358,116.746,116.906,116.603,117.084,117.155,117.241,117.1,117.232,117.387,117.654,117.766,116.947,117.688,117.266,117.008,116.435,116.158,116.255,117.158,116.44,116.14,116.97,116.626,115.618,114.715,115.047,115.486,115.59,115.985,115.681,114.826,114.943,114.425,114.395,113.852
"116","33","  Housing, utilities, and fuels","DHUFRG3",27.309,27.551,27.755,27.939,28.075,28.249,28.432,28.649,28.889,29.009,29.217,29.337,29.433,29.601,29.761,29.931,30.14,30.25,30.369,30.493,30.735,30.983,31.182,31.354,31.557,31.741,31.947,32.147,32.537,32.905,33.233,33.688,34.118,34.595,34.754,34.98,35.258,35.608,35.956,36.163,36.535,37.029,37.264,37.543,37.907,38.261,38.562,38.946,39.338,39.783,40.13,40.479,40.856,41.124,41.462,41.995,42.346,42.6,42.952,43.213,43.576,43.738,44.07,44.195,44.526,44.719,45.093,45.341,45.563,46.075,46.353,46.533,46.796,46.918,46.96,47.318,47.455,47.564,47.765,47.833,48.067,48.246,48.454,48.605,48.749,49.056,49.221,49.607,49.731,49.861,50.286,50.479,50.705,50.821,50.951,51.117,51.263,51.557,51.753,51.92,52.358,52.506,52.673,52.902,53.061,53.233,53.596,53.818,54.036,54.03,54.282,54.449,54.45,54.713,54.732,54.855,55.063,55.097,55.201,55.316,55.545,55.765,56,56.204,56.369,56.576,56.609,56.973,57.131,57.309,57.483,57.721,57.879,58.062,58.213,58.355,58.448,58.734,58.889,59.102,59.341,59.479,59.704,59.873,60.099,60.221,60.433,60.671,60.87,61.048,61.3,61.553,61.699,62.038,62.28,62.558,62.952,62.826,63.208,63.364,63.459,63.895,64.05,64.548,64.861,65.1,65.141,65.247,65.558,65.665,65.686,65.688,65.864,65.857,66.004,66.098,66.274,66.533,66.767,67.047,67.083,67.21,67.34,67.502,67.652,67.77,67.906,68.052,68.094,68.315,68.593,68.757,68.907,68.915,69.247,69.468,69.682,69.813,69.927,70.028,70.15,70.292,70.38,70.547,70.668,70.968,71.198,71.236,71.388,71.474,71.607,71.762,71.803,71.928,72.116,72.277
"117","34","  Furnishings, household equipment, and routine household maintenance","DFHHRG3",57.925,58.201,58.416,58.607,58.783,59.06,59.18,59.56,59.668,59.787,59.951,60.312,60.391,60.598,60.992,61.455,61.809,62.258,62.539,62.902,63.259,63.773,64.168,64.509,64.844,65.327,65.663,65.973,66.146,66.401,66.689,66.99,67.2,67.638,68.339,68.653,69.25,69.969,70.672,71.175,71.683,72.219,72.586,73.086,73.755,74.147,74.427,74.709,75.164,75.965,76.398,76.91,77.266,77.72,78.249,78.56,79.14,79.492,80.011,80.186,80.621,81.315,81.502,81.814,82.262,82.513,82.806,82.558,82.655,83.266,83.243,83.506,83.804,83.96,84.277,84.579,84.34,84.627,85.002,84.674,84.846,84.965,85.29,85.496,85.486,85.467,85.553,85.981,85.973,86.046,85.933,86.107,86.737,86.599,86.804,86.932,86.888,87.463,87.534,87.93,87.91,87.744,87.503,87.664,87.624,88.136,88.451,88.523,88.503,88.395,88.711,88.614,88.616,88.954,89.24,89.143,89.462,89.529,89.33,89.883,89.856,90.418,90.457,90.798,90.625,90.677,90.841,90.939,91.341,91.217,90.947,90.871,91.161,91.175,91.908,92.347,92.393,92.536,92.671,92.598,92.999,93.182,93.389,93.36,93.579,93.472,93.136,93.342,93.453,93.601,93.953,94.135,94.423,94.592,94.441,94.036,94.478,95.112,95.132,95.148,95.345,95.197,95.624,95.425,95.683,96.099,95.582,95.549,95.842,96.697,96.535,96.692,97.138,96.632,97.114,97.085,97.344,97.241,97.197,96.965,97.534,97.928,97.995,98.131,98.061,97.983,98.389,98.237,97.975,98.15,98.498,97.855,97.747,98.052,98.237,98.64,98.681,98.657,98.459,98.743,98.996,99.248,99.622,99.482,99.72,99.496,99.508,99.539,100.011,100.295,100.483,100.28,100.021,100.025,99.864,99.421
"118","35","  Health","DHLTRG3",19.415,19.54,19.721,19.878,20.002,20.128,20.233,20.331,20.468,20.557,20.678,20.795,20.978,21.156,21.289,21.413,21.537,21.615,21.819,22.03,22.146,22.37,22.626,22.704,22.984,23.14,23.268,23.384,23.514,23.65,23.849,24.058,24.23,24.457,24.686,24.931,25.211,25.587,25.804,26.043,26.217,26.44,26.708,26.984,27.26,27.568,27.817,27.98,28.388,28.626,28.877,29.067,29.249,29.489,29.867,30.252,30.54,30.869,31.251,31.443,31.776,32.008,32.238,32.484,32.654,32.863,33.243,33.589,33.788,34.046,34.367,34.497,34.794,35.204,35.383,35.553,35.691,35.865,36.153,36.505,36.693,36.941,37.202,37.39,37.642,37.887,38.103,38.299,38.512,38.722,38.914,39.055,39.214,39.456,39.69,39.887,40.078,40.262,40.512,40.697,40.907,41.127,41.272,41.437,41.623,41.781,41.974,42.137,42.365,42.616,42.899,43.111,43.262,43.471,43.67,43.87,44.085,44.348,44.553,44.803,45.049,45.144,45.474,45.729,45.985,46.259,46.507,46.723,46.982,47.19,47.451,47.662,47.993,48.34,48.645,49.001,49.381,49.657,50.014,50.308,50.63,50.993,51.241,51.625,51.954,52.422,52.761,53.098,53.453,53.85,54.213,54.534,54.964,55.271,55.667,56.106,56.308,56.679,57.095,57.51,57.922,58.257,58.71,59.189,59.529,59.936,60.367,60.705,61.084,61.411,61.78,62.093,62.414,62.761,63.088,63.512,63.853,64.167,64.556,64.946,65.323,65.748,66.173,66.517,66.8,67.103,67.432,67.719,68.081,68.431,68.748,69.08,69.398,69.613,69.769,69.975,70.384,70.589,70.888,71.066,71.281,71.461,71.608,71.813,72.14,72.376,72.567,72.779,72.993,73.251,73.568,73.73,73.87,74.194,74.366,74.518
"119","36","  Transportation","DTRNRG3",37.038,37.292,37.566,37.582,37.717,37.749,37.843,37.922,38.07,38.445,38.658,39.024,39.205,39.317,39.402,39.422,39.625,39.858,40.142,40.461,40.793,41.267,41.474,41.856,42.1,42.486,43.22,44.19,45.001,45.946,46.905,47.757,48.575,49.188,49.818,50.616,52.217,53.551,54.899,55.066,55.35,55.309,55.579,55.945,56.409,56.772,57.121,57.488,58.614,60.225,61.006,60.883,60.874,60.951,61.141,61.333,61.666,62,62.28,62.329,62.36,61.839,61.404,60.26,60.572,61.915,62.367,62.39,62.253,62.196,62.088,61.696,61.589,60.883,60.646,61.721,62.444,62.584,62.867,63.237,63.236,63.254,63.252,63.117,63.233,63.446,63.639,63.717,63.843,63.624,63.302,63.226,63.089,63.608,63.662,63.55,63.839,64.053,64.397,64.625,64.595,64.868,64.728,64.743,64.834,64.955,64.957,65.07,65.23,64.456,62.406,60.834,61.29,62,61.241,60.66,61.045,60.996,61.229,61.419,62.606,63.227,63.388,63.786,63.827,64.488,64.932,65.468,65.688,65.849,65.945,65.695,65.373,65.278,65.238,65.456,65.56,65.816,66.168,66.682,66.681,66.636,66.691,66.847,67.371,67.954,68.431,70.174,70.504,70.178,69.886,69.274,68.941,69.222,69.065,69.006,70.563,70.521,70.587,70.633,70.459,70.527,70.576,72.233,73.795,75.53,75.685,75.757,74.806,73.448,72.76,72.604,73.176,73.175,73.121,73.431,73.651,73.704,73.836,74.08,73.965,73.795,73.861,74.13,74.209,74.341,74.994,74.448,74.745,75.578,75.797,75.879,76.266,76.398,76.462,76.443,76.145,76.174,76.292,76.375,76.256,77.459,77.452,77.099,77.029,77.359,77.699,77.701,77.441,77.801,78.515,79.619,79.689,79.901,80.152,80.116
"120","37","  Communication","DCMCRG3",68.67,68.667,68.745,68.898,68.895,68.981,68.967,69.114,69.196,69.285,69.403,69.49,69.409,69.558,69.571,69.752,69.698,70.703,70.797,70.954,71.016,70.814,70.886,71.024,70.587,70.487,70.426,70.432,70.531,70.436,70.461,70.645,70.573,70.096,71.03,71.492,71.13,70.811,71.002,71.131,71.424,66.294,72.546,72.662,72.937,73.123,73.646,74.369,74.769,75.374,75.954,77.343,77.604,77.42,79.213,80.157,81.766,82.631,84.082,84.627,84.901,85.272,85.561,86.611,87.008,87.681,87.974,88.16,88.765,89.08,89.251,90.059,91.477,91.782,91.967,91.939,92.338,92.642,92.786,92.888,93.037,92.915,93.526,92.961,96.35,98.324,97.557,98.03,98.087,98.192,98.482,98.845,99.402,99.625,99.946,99.639,99.79,99.456,101.062,100.967,101.094,102.478,102.954,103.313,103.549,103.672,104.009,103.788,104.227,104.418,104.792,105.547,105.713,106.369,105.884,105.917,105.617,106.033,105.192,105.028,103.854,103.672,103.631,103.864,103.572,103.015,103.188,103.437,103.164,103.41,103.302,102.608,102.382,102.952,102.684,104.312,104.291,103.85,103.679,103.071,103.747,103.795,103.733,104.164,103.85,103.714,103.495,103.876,104.315,104.15,104.16,104.111,104.223,103.732,103.92,103.812,104.005,104.12,104.332,104.449,104.241,104.253,102.55,103.776,103.875,104.182,104.18,103.008,104.445,105.899,106.057,106.051,106.067,106.178,106.23,106.33,106.501,106.564,106.86,106.879,107.024,106.971,107.016,106.92,106.919,106.351,106.358,106.223,106.072,106.085,106.063,106.134,106.58,106.538,106.826,106.516,106.813,106.679,106.89,107.236,107.388,107.598,107.645,108.025,107.821,109.331,109.266,109.073,109.119,109.214,109.2,109.269,109.201,109.112,109.023,109.027
"121","38","  Recreation","DRRLRG3",70.82,70.988,71.062,71.198,71.508,71.917,72.103,72.31,72.515,72.676,72.889,73.207,73.561,73.761,74.08,74.61,74.806,74.902,75.179,75.406,75.806,76.125,76.422,76.94,77.416,77.527,78.015,78.598,78.902,79.184,79.483,79.952,80.259,80.591,81.16,81.332,81.892,82.748,83.605,84.287,84.828,85.238,85.725,86.223,86.847,87.225,87.492,87.853,88.522,89.295,89.6,90.084,90.491,90.666,90.821,91.176,91.635,92.119,92.477,92.628,93.043,93.581,93.908,94.114,94.404,94.846,95.281,95.417,95.62,96.159,96.01,96.113,96.197,96.456,96.731,96.819,96.778,96.849,96.764,96.723,96.849,97.337,97.462,97.521,97.593,97.858,97.891,98.296,98.167,98.275,98.438,98.716,98.769,98.904,99.087,99.287,99.501,99.684,99.926,100.069,99.803,99.864,99.951,99.884,100.031,100.304,100.332,100.113,100.466,100.606,100.359,100.43,100.531,100.691,100.57,100.682,100.635,100.729,100.958,101.129,101.661,101.795,102.067,102.199,102.305,102.305,102.17,102.187,102.424,102.724,102.945,103.066,103.322,103.457,103.478,103.935,104.084,104.294,104.36,104.576,104.838,105.308,105.601,105.95,106.585,106.674,106.734,106.809,106.81,107.301,107.489,107.267,107.642,107.868,108.029,108.41,108.838,109.149,109.226,109.318,109.786,109.929,110.218,110.39,110.908,111.042,111.004,110.93,111.437,112.106,112.886,112.95,112.992,113.083,112.936,113.011,113.461,113.561,113.688,113.409,113.297,113.578,113.898,114.354,114.34,114.176,114.335,114.327,114.016,114.114,114.174,114.192,114.242,114.355,114.317,114.66,114.272,114.179,114.185,114.458,114.613,114.947,114.96,115.024,114.946,115.192,115.314,115.043,115.223,115.225,115.307,115.17,115.237,115.32,115.309,115.248
"122","39","  Education","DEDURG3",13.692,13.799,13.921,13.975,14.057,14.184,14.475,14.395,14.355,14.233,14.313,14.404,14.38,14.488,14.583,14.721,14.837,14.961,15.043,15.162,15.061,15.159,15.262,15.362,15.483,15.605,15.723,15.878,16.017,16.189,16.277,16.427,16.567,16.59,16.746,16.911,17.084,17.221,17.392,17.529,17.673,17.841,17.951,18.136,18.556,18.603,18.775,18.922,19.114,19.273,19.43,19.565,19.721,19.891,20.06,20.241,20.724,20.856,21.011,21.156,21.407,21.578,21.756,21.922,22.099,22.28,22.457,22.608,22.844,23.021,23.192,23.345,23.474,23.626,23.776,23.95,24.125,24.288,24.467,24.583,24.389,24.879,25.024,25.21,25.412,25.567,25.844,26.002,26.152,26.323,26.489,26.601,26.921,27.035,27.181,27.346,27.503,27.686,27.83,28.002,28.162,28.331,28.509,28.586,28.86,28.964,29.201,29.393,29.546,29.689,29.832,29.965,30.141,30.312,30.458,30.575,30.853,31.024,31.173,31.329,31.55,31.727,31.919,32.128,32.317,32.535,32.707,32.864,32.912,33.171,33.366,33.588,33.796,34.05,34.27,34.487,34.693,34.905,35.109,35.361,35.468,35.693,35.868,36.054,36.276,36.507,36.748,36.979,37.177,37.314,37.515,37.719,37.979,38.212,38.396,38.564,38.826,39.02,39.249,39.451,39.648,39.908,40.214,40.597,40.67,40.904,41.113,41.355,41.729,41.958,42.203,42.475,42.737,43.016,43.291,43.524,44.397,44.581,44.811,45.061,45.29,45.523,45.84,46.195,46.451,46.739,46.964,47.271,47.627,47.975,48.231,48.563,49.012,49.194,49.41,49.559,49.87,50.121,50.371,50.554,50.772,51.052,51.321,51.537,51.776,51.965,52.306,52.525,52.799,53.041,53.265,53.466,53.892,54.135,54.358,54.56
"123","40","  Food services and accommodations","DFSARG3",30.422,30.585,30.805,31.125,31.381,31.594,31.739,31.945,32.09,32.277,32.416,32.564,32.73,33.019,33.27,33.544,33.873,34.219,34.527,34.877,35.081,35.356,35.656,35.925,36.212,36.604,36.957,37.274,37.699,37.96,38.263,38.518,38.731,39.137,39.432,39.773,40.125,40.408,40.755,40.992,41.304,41.637,41.813,42.1,42.444,42.729,43.069,43.413,43.797,44.358,44.594,44.867,45.133,45.385,45.666,45.936,46.152,46.384,46.543,46.7,46.942,47.113,47.33,47.491,47.7,47.992,48.225,48.415,48.663,48.79,48.944,49.104,49.295,49.402,49.555,49.79,49.936,50.015,50.039,50.254,50.527,50.769,50.953,51.08,51.377,51.593,51.796,52.002,52.232,52.326,52.523,52.742,52.79,52.939,53.086,53.342,53.413,53.705,53.919,54.118,54.43,54.675,54.745,54.947,55.185,55.403,55.588,55.655,55.807,55.983,56.157,56.362,56.592,56.898,57.002,57.15,57.39,57.54,57.804,57.974,58.265,58.384,58.579,58.711,58.851,59.137,59.383,59.469,59.686,59.792,60.024,60.149,60.471,60.698,61.033,61.274,61.453,61.663,61.901,62.09,62.309,62.568,62.631,62.885,63.102,63.387,63.785,63.944,64.194,64.41,64.831,64.887,65.094,65.421,65.63,65.846,66.095,66.382,66.823,66.95,67.206,67.415,67.725,67.908,68.062,68.294,68.428,68.696,69.203,69.376,69.478,69.768,69.987,70.218,70.342,70.502,70.806,70.926,70.759,70.958,70.974,71.095,71.181,71.419,71.5,71.557,71.759,71.89,72.181,72.18,72.214,72.259,72.327,72.408,72.557,72.853,73.035,73.145,73.244,73.276,73.419,73.514,73.606,73.699,73.752,73.745,73.902,74.118,74.274,74.427,74.377,74.482,74.635,74.77,74.981,75.016
"124","41","  Financial services and insurance","DIFSRG3",26.437,26.63,26.772,27.156,27.436,27.744,28.177,28.519,28.765,29.065,29.327,29.359,30.115,30.458,30.919,31.417,31.539,31.684,31.711,31.919,32.012,32.52,32.781,32.577,31.988,30.99,31.258,32.842,33.997,34.275,34.045,34.137,34.279,34.329,33.986,34.206,33.978,34.469,35.03,34.781,35.291,35.56,35.779,36.085,36.574,37.372,38.122,38.26,39.04,38.961,38.988,38.95,38.985,38.668,38.769,38.425,38.203,38.088,38.481,38.344,38.949,38.965,39.434,39.473,39.993,40.283,40.832,41.712,42.024,42.743,43.084,43.181,44.233,44.437,44.002,43.193,42.705,43.267,45.137,46.474,47.117,46.665,45.753,44.995,44.239,46.109,46.901,47.266,47.435,47.74,48.465,48.986,48.719,48.458,48.376,49.299,50.502,50.261,50.269,49.958,49.791,48.974,49.332,49.902,49.683,49.244,48.977,49.509,50.665,51.549,51.964,51.921,52.048,52.388,52.639,52.626,53.234,53.6,53.686,53.435,53.904,53.808,53.383,53.109,53.09,53.23,53.838,53.997,54.361,54.538,54.378,54.838,55.638,55.859,56.146,56.117,56.498,57.274,57.719,58.088,58.195,58.051,57.978,58.197,58.763,59.049,59.282,59.388,59.349,59.366,59.078,58.838,58.863,59.014,59.208,59.565,59.765,60.389,60.747,61.729,62.345,62.86,62.441,62.768,62.976,63.008,63.081,63.114,63.838,63.38,63.377,63.11,63.806,64.544,65.166,65.446,66.026,66.149,66.095,67.099,68.108,68.696,69.226,69.581,69.499,69.799,70.018,70.156,70.187,70.51,70.434,70.494,70.578,69.957,70.11,70.268,70.977,70.407,70.517,70.653,71,70.502,70.653,70.413,70.289,70.695,71.02,70.982,70.988,71.302,72.049,72.14,72.298,72.537,72.757,72.91
"125","42","  Other goods and services","DOISRG3",28.206,28.24,28.333,28.428,28.509,28.624,28.769,28.832,28.954,29.134,29.283,29.464,29.611,29.678,29.801,29.88,30.068,30.243,30.63,30.823,31.022,31.22,31.349,31.393,31.678,31.957,32.166,32.284,32.518,32.652,32.885,33.234,33.586,33.783,34.043,34.469,35.034,35.691,36.281,36.515,36.878,37.486,37.484,37.848,37.992,38.155,38.516,38.834,39.148,39.28,39.49,39.813,40.248,40.529,40.648,40.914,41.096,41.442,41.562,41.727,41.876,42.167,42.309,42.557,42.822,43.016,43.23,43.453,43.816,44.407,44.786,45.068,45.623,45.916,46.054,46.258,46.474,46.629,47.132,47.419,47.589,47.625,47.902,48.071,48.386,48.448,48.641,48.765,48.845,49.065,49.339,49.314,49.478,49.592,49.666,49.653,49.873,50.176,50.372,50.546,50.603,50.728,50.984,51.218,51.177,51.339,51.398,51.617,51.886,52.12,52.086,52.307,52.518,52.666,52.993,53.389,53.48,53.624,53.841,53.972,54.455,54.825,55.01,55.093,55.221,55.482,55.863,56.098,56.375,56.595,56.703,56.835,57.458,57.666,57.898,58.078,58.254,58.374,58.929,59.017,59.487,59.893,60.07,60.22,60.895,61.196,61.353,61.64,61.878,62.128,62.538,62.879,62.979,63.094,63.14,63.318,63.853,64.56,65.031,65.354,65.732,66.115,66.355,66.447,66.766,67.042,67.252,67.13,68.069,68.317,68.489,69.102,69.148,69.008,69.696,69.893,70.157,70.428,70.743,70.613,70.994,71.562,71.607,71.666,72.019,72.065,72.462,72.543,72.755,72.994,73.097,73.32,73.833,73.72,73.731,74.054,74.484,74.554,74.661,74.266,73.859,73.98,74.123,74.033,74.182,74.45,74.784,74.93,75.14,75.155,75.402,75.519,75.475,75.643,75.813,75.771
"126","43","  Net foreign travel and expenditures abroad by U.S. residents","ZZZZZZ3",NA,NA,NA,NA,NA,NA,NA,NA,NA,NA,NA,NA,NA,NA,NA,NA,NA,NA,NA,NA,NA,NA,NA,NA,NA,NA,NA,NA,NA,NA,NA,NA,NA,NA,NA,NA,NA,NA,NA,NA,NA,NA,NA,NA,NA,NA,NA,NA,NA,NA,NA,NA,NA,NA,NA,NA,NA,NA,NA,NA,NA,NA,NA,NA,NA,NA,NA,NA,NA,NA,NA,NA,NA,NA,NA,NA,NA,NA,NA,NA,NA,NA,NA,NA,NA,NA,NA,NA,NA,NA,NA,NA,NA,NA,NA,NA,NA,NA,NA,NA,NA,NA,NA,NA,NA,NA,NA,NA,NA,NA,NA,NA,NA,NA,NA,NA,NA,NA,NA,NA,NA,NA,NA,NA,NA,NA,NA,NA,NA,NA,NA,NA,NA,NA,NA,NA,NA,NA,NA,NA,NA,NA,NA,NA,NA,NA,NA,NA,NA,NA,NA,NA,NA,NA,NA,NA,NA,NA,NA,NA,NA,NA,NA,NA,NA,NA,NA,NA,NA,NA,NA,NA,NA,NA,NA,NA,NA,NA,NA,NA,NA,NA,NA,NA,NA,NA,NA,NA,NA,NA,NA,NA,NA,NA,NA,NA,NA,NA,NA,NA,NA,NA,NA,NA,NA,NA,NA,NA,NA,NA,NA,NA,NA,NA,NA,NA
"127","44","Final consumption expenditures of nonprofit institutions serving households (NPISHs) \1\","DNPIRG3",99.078,99.101,98.712,98.564,98.425,99.452,101.272,102.091,102.423,103.141,103.008,103.353,105.054,104.27,104.312,104.909,105.687,107.26,109.256,107.747,110.236,110.219,108.883,110.605,112.45,112.29,112.877,114.411,114.436,117.438,118.844,119.695,122.552,122.181,123.455,124.495,125.192,125.208,127.328,128.367,130.747,132.169,129.204,128.391,129.463,130.015,131.464,132.023,131.847,133.658,134.647,135.294,138.964,140.007,137.229,136.263,137.066,136.619,134.84,135.448,134.723,132.97,130.363,129.363,129.578,131.66,130.533,128.978,128.299,126.952,126.044,126.944,124.735,122.089,120.783,121.308,120.655,125.604,120.607,119.158,120.508,118.389,118.087,116.434,117.541,117.133,116.811,117.485,116.966,116.857,115.923,115.023,115.696,114.799,113.881,112.935,113.49,113.983,113.343,112.464,112.69,113.13,112.558,113.121,113.956,114.348,115.254,115.228,113.85,113.175,111.719,110.069,110.29,110.159,109.345,109.122,109.131,109.243,108.91,107.854,108.188,109.336,108.289,108.731,107.523,107.7,107.986,108.967,108.786,109.087,108.595,108.052,109.069,108.129,108.308,108.455,107.828,107.716,107.515,106.979,107.251,106.814,106.868,105.595,105.903,104.285,104.644,103.641,102.64,101.464,101.317,100.1,98.232,97.752,96.569,96.531,97.315,96.549,95.497,94.731,93.972,93.553,92.264,91.532,91.37,91.439,90.431,89.652,88.896,88.479,87.445,87.345,88.743,87.737,86.679,86.359,85.27,85.033,84.244,83.939,83.013,81.944,80.301,80.78,79.685,79.092,79.257,79.052,77.819,77.68,76.583,76.01,75.142,75.9,75.928,75.897,75.775,75.589,75.124,74.53,74.982,74.89,74.989,75.092,74.555,74.656,75.08,74.811,74.763,75.049,74.645,75.454,75.875,75.736,76.113,76.284
"128","45","  Gross output of nonprofit institutions \2\","DNPERG3",25.984,26.136,26.267,26.406,26.474,26.673,26.93,27.038,27.102,27.222,27.333,27.451,27.766,27.905,28.031,28.215,28.41,28.586,28.966,29.079,29.309,29.542,29.7,29.909,30.327,30.516,30.702,30.942,31.062,31.419,31.703,32.005,32.435,32.651,32.999,33.329,33.684,34.087,34.472,34.721,35.035,35.397,35.479,35.76,36.187,36.568,36.979,37.147,37.603,38.015,38.292,38.505,38.866,39.187,39.33,39.733,40.17,40.504,40.808,40.982,41.395,41.511,41.52,41.676,41.844,42.206,42.583,42.83,42.967,43.151,43.429,43.619,43.714,43.951,43.997,44.187,44.259,44.81,44.707,44.961,45.153,45.318,45.522,45.559,45.897,46.062,46.266,46.514,46.657,46.856,46.987,47.005,47.266,47.385,47.53,47.608,47.807,47.982,48.136,48.254,48.457,48.696,48.731,48.885,49.139,49.286,49.512,49.691,49.789,49.937,49.967,49.94,50.094,50.289,50.362,50.525,50.722,51,51.137,51.231,51.452,51.684,51.815,52.1,52.199,52.447,52.699,53.017,53.191,53.436,53.662,53.811,54.229,54.405,54.723,55.053,55.374,55.564,55.878,56.126,56.449,56.742,56.971,57.212,57.562,57.75,58.098,58.3,58.49,58.692,58.998,59.131,59.286,59.524,59.665,59.973,60.301,60.459,60.701,60.918,61.111,61.377,61.567,61.909,62.187,62.57,62.791,62.961,63.205,63.427,63.517,63.799,64.307,64.433,64.548,64.816,64.928,65.165,65.368,65.644,65.81,65.934,65.984,66.354,66.451,66.603,66.91,67.143,67.22,67.523,67.557,67.723,67.809,68.131,68.276,68.445,68.677,68.804,68.959,68.961,69.225,69.367,69.509,69.707,69.751,69.937,70.164,70.219,70.394,70.658,70.867,71.131,71.339,71.495,71.735,71.92
"129","46","  Less: Receipts from sales of goods and services by nonprofit institutions \3\","DNPSRG3",17.091,17.224,17.363,17.494,17.562,17.677,17.796,17.844,17.881,17.943,18.05,18.133,18.311,18.48,18.589,18.716,18.842,18.905,19.123,19.311,19.368,19.574,19.793,19.876,20.135,20.314,20.443,20.563,20.668,20.804,20.972,21.188,21.402,21.612,21.845,22.074,22.345,22.702,22.916,23.074,23.21,23.444,23.697,23.998,24.313,24.619,24.896,25.013,25.433,25.688,25.874,26.024,26.12,26.34,26.64,27.062,27.403,27.734,28.129,28.244,28.669,28.897,29.09,29.305,29.445,29.629,30.059,30.404,30.583,30.858,31.19,31.298,31.559,31.996,32.147,32.285,32.407,32.532,32.843,33.211,33.28,33.625,33.851,34.038,34.269,34.467,34.698,34.879,35.07,35.278,35.499,35.606,35.799,36.008,36.248,36.425,36.568,36.693,36.913,37.121,37.302,37.498,37.592,37.688,37.859,37.966,38.1,38.282,38.523,38.744,38.932,39.089,39.223,39.439,39.608,39.803,40.007,40.282,40.464,40.686,40.877,40.983,41.243,41.488,41.733,41.971,42.2,42.415,42.619,42.839,43.134,43.356,43.67,43.975,44.289,44.619,45.042,45.26,45.622,45.959,46.268,46.643,46.881,47.318,47.653,48.08,48.406,48.769,49.122,49.518,49.877,50.21,50.675,51.018,51.366,51.718,51.96,52.261,52.708,53.083,53.434,53.812,54.261,54.79,55.142,55.572,56.02,56.367,56.798,57.138,57.445,57.794,58.115,58.46,58.807,59.188,59.543,59.873,60.278,60.671,61.066,61.45,61.882,62.222,62.595,62.921,63.257,63.593,63.989,64.398,64.716,65.066,65.392,65.6,65.771,65.99,66.309,66.513,66.824,66.98,67.193,67.395,67.549,67.771,67.969,68.179,68.353,68.494,68.729,68.986,69.365,69.475,69.623,69.861,70.06,70.246
"130",NA,NA,NA,NA,NA,NA,NA,NA,NA,NA,NA,NA,NA,NA,NA,NA,NA,NA,NA,NA,NA,NA,NA,NA,NA,NA,NA,NA,NA,NA,NA,NA,NA,NA,NA,NA,NA,NA,NA,NA,NA,NA,NA,NA,NA,NA,NA,NA,NA,NA,NA,NA,NA,NA,NA,NA,NA,NA,NA,NA,NA,NA,NA,NA,NA,NA,NA,NA,NA,NA,NA,NA,NA,NA,NA,NA,NA,NA,NA,NA,NA,NA,NA,NA,NA,NA,NA,NA,NA,NA,NA,NA,NA,NA,NA,NA,NA,NA,NA,NA,NA,NA,NA,NA,NA,NA,NA,NA,NA,NA,NA,NA,NA,NA,NA,NA,NA,NA,NA,NA,NA,NA,NA,NA,NA,NA,NA,NA,NA,NA,NA,NA,NA,NA,NA,NA,NA,NA,NA,NA,NA,NA,NA,NA,NA,NA,NA,NA,NA,NA,NA,NA,NA,NA,NA,NA,NA,NA,NA,NA,NA,NA,NA,NA,NA,NA,NA,NA,NA,NA,NA,NA,NA,NA,NA,NA,NA,NA,NA,NA,NA,NA,NA,NA,NA,NA,NA,NA,NA,NA,NA,NA,NA,NA,NA,NA,NA,NA,NA,NA,NA,NA,NA,NA,NA,NA,NA,NA,NA,NA,NA,NA,NA,NA,NA,NA,NA,NA,NA
"131","1. Net expenses of NPISHs, defined as their gross operating expenses less primary",NA,NA,NA,NA,NA,NA,NA,NA,NA,NA,NA,NA,NA,NA,NA,NA,NA,NA,NA,NA,NA,NA,NA,NA,NA,NA,NA,NA,NA,NA,NA,NA,NA,NA,NA,NA,NA,NA,NA,NA,NA,NA,NA,NA,NA,NA,NA,NA,NA,NA,NA,NA,NA,NA,NA,NA,NA,NA,NA,NA,NA,NA,NA,NA,NA,NA,NA,NA,NA,NA,NA,NA,NA,NA,NA,NA,NA,NA,NA,NA,NA,NA,NA,NA,NA,NA,NA,NA,NA,NA,NA,NA,NA,NA,NA,NA,NA,NA,NA,NA,NA,NA,NA,NA,NA,NA,NA,NA,NA,NA,NA,NA,NA,NA,NA,NA,NA,NA,NA,NA,NA,NA,NA,NA,NA,NA,NA,NA,NA,NA,NA,NA,NA,NA,NA,NA,NA,NA,NA,NA,NA,NA,NA,NA,NA,NA,NA,NA,NA,NA,NA,NA,NA,NA,NA,NA,NA,NA,NA,NA,NA,NA,NA,NA,NA,NA,NA,NA,NA,NA,NA,NA,NA,NA,NA,NA,NA,NA,NA,NA,NA,NA,NA,NA,NA,NA,NA,NA,NA,NA,NA,NA,NA,NA,NA,NA,NA,NA,NA,NA,NA,NA,NA,NA,NA,NA,NA,NA,NA,NA,NA,NA,NA,NA,NA,NA,NA,NA
"132","sales to households.",NA,NA,NA,NA,NA,NA,NA,NA,NA,NA,NA,NA,NA,NA,NA,NA,NA,NA,NA,NA,NA,NA,NA,NA,NA,NA,NA,NA,NA,NA,NA,NA,NA,NA,NA,NA,NA,NA,NA,NA,NA,NA,NA,NA,NA,NA,NA,NA,NA,NA,NA,NA,NA,NA,NA,NA,NA,NA,NA,NA,NA,NA,NA,NA,NA,NA,NA,NA,NA,NA,NA,NA,NA,NA,NA,NA,NA,NA,NA,NA,NA,NA,NA,NA,NA,NA,NA,NA,NA,NA,NA,NA,NA,NA,NA,NA,NA,NA,NA,NA,NA,NA,NA,NA,NA,NA,NA,NA,NA,NA,NA,NA,NA,NA,NA,NA,NA,NA,NA,NA,NA,NA,NA,NA,NA,NA,NA,NA,NA,NA,NA,NA,NA,NA,NA,NA,NA,NA,NA,NA,NA,NA,NA,NA,NA,NA,NA,NA,NA,NA,NA,NA,NA,NA,NA,NA,NA,NA,NA,NA,NA,NA,NA,NA,NA,NA,NA,NA,NA,NA,NA,NA,NA,NA,NA,NA,NA,NA,NA,NA,NA,NA,NA,NA,NA,NA,NA,NA,NA,NA,NA,NA,NA,NA,NA,NA,NA,NA,NA,NA,NA,NA,NA,NA,NA,NA,NA,NA,NA,NA,NA,NA,NA,NA,NA,NA,NA,NA
"133","2. Gross output is net of unrelated sales, secondary sales, and sales to business,",NA,NA,NA,NA,NA,NA,NA,NA,NA,NA,NA,NA,NA,NA,NA,NA,NA,NA,NA,NA,NA,NA,NA,NA,NA,NA,NA,NA,NA,NA,NA,NA,NA,NA,NA,NA,NA,NA,NA,NA,NA,NA,NA,NA,NA,NA,NA,NA,NA,NA,NA,NA,NA,NA,NA,NA,NA,NA,NA,NA,NA,NA,NA,NA,NA,NA,NA,NA,NA,NA,NA,NA,NA,NA,NA,NA,NA,NA,NA,NA,NA,NA,NA,NA,NA,NA,NA,NA,NA,NA,NA,NA,NA,NA,NA,NA,NA,NA,NA,NA,NA,NA,NA,NA,NA,NA,NA,NA,NA,NA,NA,NA,NA,NA,NA,NA,NA,NA,NA,NA,NA,NA,NA,NA,NA,NA,NA,NA,NA,NA,NA,NA,NA,NA,NA,NA,NA,NA,NA,NA,NA,NA,NA,NA,NA,NA,NA,NA,NA,NA,NA,NA,NA,NA,NA,NA,NA,NA,NA,NA,NA,NA,NA,NA,NA,NA,NA,NA,NA,NA,NA,NA,NA,NA,NA,NA,NA,NA,NA,NA,NA,NA,NA,NA,NA,NA,NA,NA,NA,NA,NA,NA,NA,NA,NA,NA,NA,NA,NA,NA,NA,NA,NA,NA,NA,NA,NA,NA,NA,NA,NA,NA,NA,NA,NA,NA,NA,NA
"134","to government, and to the rest of the world; excludes own-account investment",NA,NA,NA,NA,NA,NA,NA,NA,NA,NA,NA,NA,NA,NA,NA,NA,NA,NA,NA,NA,NA,NA,NA,NA,NA,NA,NA,NA,NA,NA,NA,NA,NA,NA,NA,NA,NA,NA,NA,NA,NA,NA,NA,NA,NA,NA,NA,NA,NA,NA,NA,NA,NA,NA,NA,NA,NA,NA,NA,NA,NA,NA,NA,NA,NA,NA,NA,NA,NA,NA,NA,NA,NA,NA,NA,NA,NA,NA,NA,NA,NA,NA,NA,NA,NA,NA,NA,NA,NA,NA,NA,NA,NA,NA,NA,NA,NA,NA,NA,NA,NA,NA,NA,NA,NA,NA,NA,NA,NA,NA,NA,NA,NA,NA,NA,NA,NA,NA,NA,NA,NA,NA,NA,NA,NA,NA,NA,NA,NA,NA,NA,NA,NA,NA,NA,NA,NA,NA,NA,NA,NA,NA,NA,NA,NA,NA,NA,NA,NA,NA,NA,NA,NA,NA,NA,NA,NA,NA,NA,NA,NA,NA,NA,NA,NA,NA,NA,NA,NA,NA,NA,NA,NA,NA,NA,NA,NA,NA,NA,NA,NA,NA,NA,NA,NA,NA,NA,NA,NA,NA,NA,NA,NA,NA,NA,NA,NA,NA,NA,NA,NA,NA,NA,NA,NA,NA,NA,NA,NA,NA,NA,NA,NA,NA,NA,NA,NA,NA
"135","(construction and software).",NA,NA,NA,NA,NA,NA,NA,NA,NA,NA,NA,NA,NA,NA,NA,NA,NA,NA,NA,NA,NA,NA,NA,NA,NA,NA,NA,NA,NA,NA,NA,NA,NA,NA,NA,NA,NA,NA,NA,NA,NA,NA,NA,NA,NA,NA,NA,NA,NA,NA,NA,NA,NA,NA,NA,NA,NA,NA,NA,NA,NA,NA,NA,NA,NA,NA,NA,NA,NA,NA,NA,NA,NA,NA,NA,NA,NA,NA,NA,NA,NA,NA,NA,NA,NA,NA,NA,NA,NA,NA,NA,NA,NA,NA,NA,NA,NA,NA,NA,NA,NA,NA,NA,NA,NA,NA,NA,NA,NA,NA,NA,NA,NA,NA,NA,NA,NA,NA,NA,NA,NA,NA,NA,NA,NA,NA,NA,NA,NA,NA,NA,NA,NA,NA,NA,NA,NA,NA,NA,NA,NA,NA,NA,NA,NA,NA,NA,NA,NA,NA,NA,NA,NA,NA,NA,NA,NA,NA,NA,NA,NA,NA,NA,NA,NA,NA,NA,NA,NA,NA,NA,NA,NA,NA,NA,NA,NA,NA,NA,NA,NA,NA,NA,NA,NA,NA,NA,NA,NA,NA,NA,NA,NA,NA,NA,NA,NA,NA,NA,NA,NA,NA,NA,NA,NA,NA,NA,NA,NA,NA,NA,NA,NA,NA,NA,NA,NA,NA
"136","3. Excludes unrelated sales, secondary sales, and sales to business, to government,",NA,NA,NA,NA,NA,NA,NA,NA,NA,NA,NA,NA,NA,NA,NA,NA,NA,NA,NA,NA,NA,NA,NA,NA,NA,NA,NA,NA,NA,NA,NA,NA,NA,NA,NA,NA,NA,NA,NA,NA,NA,NA,NA,NA,NA,NA,NA,NA,NA,NA,NA,NA,NA,NA,NA,NA,NA,NA,NA,NA,NA,NA,NA,NA,NA,NA,NA,NA,NA,NA,NA,NA,NA,NA,NA,NA,NA,NA,NA,NA,NA,NA,NA,NA,NA,NA,NA,NA,NA,NA,NA,NA,NA,NA,NA,NA,NA,NA,NA,NA,NA,NA,NA,NA,NA,NA,NA,NA,NA,NA,NA,NA,NA,NA,NA,NA,NA,NA,NA,NA,NA,NA,NA,NA,NA,NA,NA,NA,NA,NA,NA,NA,NA,NA,NA,NA,NA,NA,NA,NA,NA,NA,NA,NA,NA,NA,NA,NA,NA,NA,NA,NA,NA,NA,NA,NA,NA,NA,NA,NA,NA,NA,NA,NA,NA,NA,NA,NA,NA,NA,NA,NA,NA,NA,NA,NA,NA,NA,NA,NA,NA,NA,NA,NA,NA,NA,NA,NA,NA,NA,NA,NA,NA,NA,NA,NA,NA,NA,NA,NA,NA,NA,NA,NA,NA,NA,NA,NA,NA,NA,NA,NA,NA,NA,NA,NA,NA,NA
"137","and to the rest of the world; includes membership dues and fees.",NA,NA,NA,NA,NA,NA,NA,NA,NA,NA,NA,NA,NA,NA,NA,NA,NA,NA,NA,NA,NA,NA,NA,NA,NA,NA,NA,NA,NA,NA,NA,NA,NA,NA,NA,NA,NA,NA,NA,NA,NA,NA,NA,NA,NA,NA,NA,NA,NA,NA,NA,NA,NA,NA,NA,NA,NA,NA,NA,NA,NA,NA,NA,NA,NA,NA,NA,NA,NA,NA,NA,NA,NA,NA,NA,NA,NA,NA,NA,NA,NA,NA,NA,NA,NA,NA,NA,NA,NA,NA,NA,NA,NA,NA,NA,NA,NA,NA,NA,NA,NA,NA,NA,NA,NA,NA,NA,NA,NA,NA,NA,NA,NA,NA,NA,NA,NA,NA,NA,NA,NA,NA,NA,NA,NA,NA,NA,NA,NA,NA,NA,NA,NA,NA,NA,NA,NA,NA,NA,NA,NA,NA,NA,NA,NA,NA,NA,NA,NA,NA,NA,NA,NA,NA,NA,NA,NA,NA,NA,NA,NA,NA,NA,NA,NA,NA,NA,NA,NA,NA,NA,NA,NA,NA,NA,NA,NA,NA,NA,NA,NA,NA,NA,NA,NA,NA,NA,NA,NA,NA,NA,NA,NA,NA,NA,NA,NA,NA,NA,NA,NA,NA,NA,NA,NA,NA,NA,NA,NA,NA,NA,NA,NA,NA,NA,NA,NA,NA
"138","4. Food consists of food and beverages purchased for off-premises consumption;",NA,NA,NA,NA,NA,NA,NA,NA,NA,NA,NA,NA,NA,NA,NA,NA,NA,NA,NA,NA,NA,NA,NA,NA,NA,NA,NA,NA,NA,NA,NA,NA,NA,NA,NA,NA,NA,NA,NA,NA,NA,NA,NA,NA,NA,NA,NA,NA,NA,NA,NA,NA,NA,NA,NA,NA,NA,NA,NA,NA,NA,NA,NA,NA,NA,NA,NA,NA,NA,NA,NA,NA,NA,NA,NA,NA,NA,NA,NA,NA,NA,NA,NA,NA,NA,NA,NA,NA,NA,NA,NA,NA,NA,NA,NA,NA,NA,NA,NA,NA,NA,NA,NA,NA,NA,NA,NA,NA,NA,NA,NA,NA,NA,NA,NA,NA,NA,NA,NA,NA,NA,NA,NA,NA,NA,NA,NA,NA,NA,NA,NA,NA,NA,NA,NA,NA,NA,NA,NA,NA,NA,NA,NA,NA,NA,NA,NA,NA,NA,NA,NA,NA,NA,NA,NA,NA,NA,NA,NA,NA,NA,NA,NA,NA,NA,NA,NA,NA,NA,NA,NA,NA,NA,NA,NA,NA,NA,NA,NA,NA,NA,NA,NA,NA,NA,NA,NA,NA,NA,NA,NA,NA,NA,NA,NA,NA,NA,NA,NA,NA,NA,NA,NA,NA,NA,NA,NA,NA,NA,NA,NA,NA,NA,NA,NA,NA,NA,NA
"139","food services, which include purchased meals and beverages, are not classified",NA,NA,NA,NA,NA,NA,NA,NA,NA,NA,NA,NA,NA,NA,NA,NA,NA,NA,NA,NA,NA,NA,NA,NA,NA,NA,NA,NA,NA,NA,NA,NA,NA,NA,NA,NA,NA,NA,NA,NA,NA,NA,NA,NA,NA,NA,NA,NA,NA,NA,NA,NA,NA,NA,NA,NA,NA,NA,NA,NA,NA,NA,NA,NA,NA,NA,NA,NA,NA,NA,NA,NA,NA,NA,NA,NA,NA,NA,NA,NA,NA,NA,NA,NA,NA,NA,NA,NA,NA,NA,NA,NA,NA,NA,NA,NA,NA,NA,NA,NA,NA,NA,NA,NA,NA,NA,NA,NA,NA,NA,NA,NA,NA,NA,NA,NA,NA,NA,NA,NA,NA,NA,NA,NA,NA,NA,NA,NA,NA,NA,NA,NA,NA,NA,NA,NA,NA,NA,NA,NA,NA,NA,NA,NA,NA,NA,NA,NA,NA,NA,NA,NA,NA,NA,NA,NA,NA,NA,NA,NA,NA,NA,NA,NA,NA,NA,NA,NA,NA,NA,NA,NA,NA,NA,NA,NA,NA,NA,NA,NA,NA,NA,NA,NA,NA,NA,NA,NA,NA,NA,NA,NA,NA,NA,NA,NA,NA,NA,NA,NA,NA,NA,NA,NA,NA,NA,NA,NA,NA,NA,NA,NA,NA,NA,NA,NA,NA,NA
"140","as food.",NA,NA,NA,NA,NA,NA,NA,NA,NA,NA,NA,NA,NA,NA,NA,NA,NA,NA,NA,NA,NA,NA,NA,NA,NA,NA,NA,NA,NA,NA,NA,NA,NA,NA,NA,NA,NA,NA,NA,NA,NA,NA,NA,NA,NA,NA,NA,NA,NA,NA,NA,NA,NA,NA,NA,NA,NA,NA,NA,NA,NA,NA,NA,NA,NA,NA,NA,NA,NA,NA,NA,NA,NA,NA,NA,NA,NA,NA,NA,NA,NA,NA,NA,NA,NA,NA,NA,NA,NA,NA,NA,NA,NA,NA,NA,NA,NA,NA,NA,NA,NA,NA,NA,NA,NA,NA,NA,NA,NA,NA,NA,NA,NA,NA,NA,NA,NA,NA,NA,NA,NA,NA,NA,NA,NA,NA,NA,NA,NA,NA,NA,NA,NA,NA,NA,NA,NA,NA,NA,NA,NA,NA,NA,NA,NA,NA,NA,NA,NA,NA,NA,NA,NA,NA,NA,NA,NA,NA,NA,NA,NA,NA,NA,NA,NA,NA,NA,NA,NA,NA,NA,NA,NA,NA,NA,NA,NA,NA,NA,NA,NA,NA,NA,NA,NA,NA,NA,NA,NA,NA,NA,NA,NA,NA,NA,NA,NA,NA,NA,NA,NA,NA,NA,NA,NA,NA,NA,NA,NA,NA,NA,NA,NA,NA,NA,NA,NA,NA
"141","5. Consists of gasoline and other energy goods and of electricity and gas services.",NA,NA,NA,NA,NA,NA,NA,NA,NA,NA,NA,NA,NA,NA,NA,NA,NA,NA,NA,NA,NA,NA,NA,NA,NA,NA,NA,NA,NA,NA,NA,NA,NA,NA,NA,NA,NA,NA,NA,NA,NA,NA,NA,NA,NA,NA,NA,NA,NA,NA,NA,NA,NA,NA,NA,NA,NA,NA,NA,NA,NA,NA,NA,NA,NA,NA,NA,NA,NA,NA,NA,NA,NA,NA,NA,NA,NA,NA,NA,NA,NA,NA,NA,NA,NA,NA,NA,NA,NA,NA,NA,NA,NA,NA,NA,NA,NA,NA,NA,NA,NA,NA,NA,NA,NA,NA,NA,NA,NA,NA,NA,NA,NA,NA,NA,NA,NA,NA,NA,NA,NA,NA,NA,NA,NA,NA,NA,NA,NA,NA,NA,NA,NA,NA,NA,NA,NA,NA,NA,NA,NA,NA,NA,NA,NA,NA,NA,NA,NA,NA,NA,NA,NA,NA,NA,NA,NA,NA,NA,NA,NA,NA,NA,NA,NA,NA,NA,NA,NA,NA,NA,NA,NA,NA,NA,NA,NA,NA,NA,NA,NA,NA,NA,NA,NA,NA,NA,NA,NA,NA,NA,NA,NA,NA,NA,NA,NA,NA,NA,NA,NA,NA,NA,NA,NA,NA,NA,NA,NA,NA,NA,NA,NA,NA,NA,NA,NA,NA
"142","6. Market-based PCE is a supplemental measure that is based on household expenditures",NA,NA,NA,NA,NA,NA,NA,NA,NA,NA,NA,NA,NA,NA,NA,NA,NA,NA,NA,NA,NA,NA,NA,NA,NA,NA,NA,NA,NA,NA,NA,NA,NA,NA,NA,NA,NA,NA,NA,NA,NA,NA,NA,NA,NA,NA,NA,NA,NA,NA,NA,NA,NA,NA,NA,NA,NA,NA,NA,NA,NA,NA,NA,NA,NA,NA,NA,NA,NA,NA,NA,NA,NA,NA,NA,NA,NA,NA,NA,NA,NA,NA,NA,NA,NA,NA,NA,NA,NA,NA,NA,NA,NA,NA,NA,NA,NA,NA,NA,NA,NA,NA,NA,NA,NA,NA,NA,NA,NA,NA,NA,NA,NA,NA,NA,NA,NA,NA,NA,NA,NA,NA,NA,NA,NA,NA,NA,NA,NA,NA,NA,NA,NA,NA,NA,NA,NA,NA,NA,NA,NA,NA,NA,NA,NA,NA,NA,NA,NA,NA,NA,NA,NA,NA,NA,NA,NA,NA,NA,NA,NA,NA,NA,NA,NA,NA,NA,NA,NA,NA,NA,NA,NA,NA,NA,NA,NA,NA,NA,NA,NA,NA,NA,NA,NA,NA,NA,NA,NA,NA,NA,NA,NA,NA,NA,NA,NA,NA,NA,NA,NA,NA,NA,NA,NA,NA,NA,NA,NA,NA,NA,NA,NA,NA,NA,NA,NA,NA
"143","for which there are observable price measures.  It excludes most imputed transactions",NA,NA,NA,NA,NA,NA,NA,NA,NA,NA,NA,NA,NA,NA,NA,NA,NA,NA,NA,NA,NA,NA,NA,NA,NA,NA,NA,NA,NA,NA,NA,NA,NA,NA,NA,NA,NA,NA,NA,NA,NA,NA,NA,NA,NA,NA,NA,NA,NA,NA,NA,NA,NA,NA,NA,NA,NA,NA,NA,NA,NA,NA,NA,NA,NA,NA,NA,NA,NA,NA,NA,NA,NA,NA,NA,NA,NA,NA,NA,NA,NA,NA,NA,NA,NA,NA,NA,NA,NA,NA,NA,NA,NA,NA,NA,NA,NA,NA,NA,NA,NA,NA,NA,NA,NA,NA,NA,NA,NA,NA,NA,NA,NA,NA,NA,NA,NA,NA,NA,NA,NA,NA,NA,NA,NA,NA,NA,NA,NA,NA,NA,NA,NA,NA,NA,NA,NA,NA,NA,NA,NA,NA,NA,NA,NA,NA,NA,NA,NA,NA,NA,NA,NA,NA,NA,NA,NA,NA,NA,NA,NA,NA,NA,NA,NA,NA,NA,NA,NA,NA,NA,NA,NA,NA,NA,NA,NA,NA,NA,NA,NA,NA,NA,NA,NA,NA,NA,NA,NA,NA,NA,NA,NA,NA,NA,NA,NA,NA,NA,NA,NA,NA,NA,NA,NA,NA,NA,NA,NA,NA,NA,NA,NA,NA,NA,NA,NA,NA
"144","(for example, financial services furnished without payment) and the final consumption",NA,NA,NA,NA,NA,NA,NA,NA,NA,NA,NA,NA,NA,NA,NA,NA,NA,NA,NA,NA,NA,NA,NA,NA,NA,NA,NA,NA,NA,NA,NA,NA,NA,NA,NA,NA,NA,NA,NA,NA,NA,NA,NA,NA,NA,NA,NA,NA,NA,NA,NA,NA,NA,NA,NA,NA,NA,NA,NA,NA,NA,NA,NA,NA,NA,NA,NA,NA,NA,NA,NA,NA,NA,NA,NA,NA,NA,NA,NA,NA,NA,NA,NA,NA,NA,NA,NA,NA,NA,NA,NA,NA,NA,NA,NA,NA,NA,NA,NA,NA,NA,NA,NA,NA,NA,NA,NA,NA,NA,NA,NA,NA,NA,NA,NA,NA,NA,NA,NA,NA,NA,NA,NA,NA,NA,NA,NA,NA,NA,NA,NA,NA,NA,NA,NA,NA,NA,NA,NA,NA,NA,NA,NA,NA,NA,NA,NA,NA,NA,NA,NA,NA,NA,NA,NA,NA,NA,NA,NA,NA,NA,NA,NA,NA,NA,NA,NA,NA,NA,NA,NA,NA,NA,NA,NA,NA,NA,NA,NA,NA,NA,NA,NA,NA,NA,NA,NA,NA,NA,NA,NA,NA,NA,NA,NA,NA,NA,NA,NA,NA,NA,NA,NA,NA,NA,NA,NA,NA,NA,NA,NA,NA,NA,NA,NA,NA,NA,NA
"145","expenditures of nonprofit institutions serving households.",NA,NA,NA,NA,NA,NA,NA,NA,NA,NA,NA,NA,NA,NA,NA,NA,NA,NA,NA,NA,NA,NA,NA,NA,NA,NA,NA,NA,NA,NA,NA,NA,NA,NA,NA,NA,NA,NA,NA,NA,NA,NA,NA,NA,NA,NA,NA,NA,NA,NA,NA,NA,NA,NA,NA,NA,NA,NA,NA,NA,NA,NA,NA,NA,NA,NA,NA,NA,NA,NA,NA,NA,NA,NA,NA,NA,NA,NA,NA,NA,NA,NA,NA,NA,NA,NA,NA,NA,NA,NA,NA,NA,NA,NA,NA,NA,NA,NA,NA,NA,NA,NA,NA,NA,NA,NA,NA,NA,NA,NA,NA,NA,NA,NA,NA,NA,NA,NA,NA,NA,NA,NA,NA,NA,NA,NA,NA,NA,NA,NA,NA,NA,NA,NA,NA,NA,NA,NA,NA,NA,NA,NA,NA,NA,NA,NA,NA,NA,NA,NA,NA,NA,NA,NA,NA,NA,NA,NA,NA,NA,NA,NA,NA,NA,NA,NA,NA,NA,NA,NA,NA,NA,NA,NA,NA,NA,NA,NA,NA,NA,NA,NA,NA,NA,NA,NA,NA,NA,NA,NA,NA,NA,NA,NA,NA,NA,NA,NA,NA,NA,NA,NA,NA,NA,NA,NA,NA,NA,NA,NA,NA,NA,NA,NA,NA,NA,NA,NA
"146","7. Consists of household purchases of goods and services from business, government,",NA,NA,NA,NA,NA,NA,NA,NA,NA,NA,NA,NA,NA,NA,NA,NA,NA,NA,NA,NA,NA,NA,NA,NA,NA,NA,NA,NA,NA,NA,NA,NA,NA,NA,NA,NA,NA,NA,NA,NA,NA,NA,NA,NA,NA,NA,NA,NA,NA,NA,NA,NA,NA,NA,NA,NA,NA,NA,NA,NA,NA,NA,NA,NA,NA,NA,NA,NA,NA,NA,NA,NA,NA,NA,NA,NA,NA,NA,NA,NA,NA,NA,NA,NA,NA,NA,NA,NA,NA,NA,NA,NA,NA,NA,NA,NA,NA,NA,NA,NA,NA,NA,NA,NA,NA,NA,NA,NA,NA,NA,NA,NA,NA,NA,NA,NA,NA,NA,NA,NA,NA,NA,NA,NA,NA,NA,NA,NA,NA,NA,NA,NA,NA,NA,NA,NA,NA,NA,NA,NA,NA,NA,NA,NA,NA,NA,NA,NA,NA,NA,NA,NA,NA,NA,NA,NA,NA,NA,NA,NA,NA,NA,NA,NA,NA,NA,NA,NA,NA,NA,NA,NA,NA,NA,NA,NA,NA,NA,NA,NA,NA,NA,NA,NA,NA,NA,NA,NA,NA,NA,NA,NA,NA,NA,NA,NA,NA,NA,NA,NA,NA,NA,NA,NA,NA,NA,NA,NA,NA,NA,NA,NA,NA,NA,NA,NA,NA,NA
"147","nonprofit institutions, and the rest of the world.",NA,NA,NA,NA,NA,NA,NA,NA,NA,NA,NA,NA,NA,NA,NA,NA,NA,NA,NA,NA,NA,NA,NA,NA,NA,NA,NA,NA,NA,NA,NA,NA,NA,NA,NA,NA,NA,NA,NA,NA,NA,NA,NA,NA,NA,NA,NA,NA,NA,NA,NA,NA,NA,NA,NA,NA,NA,NA,NA,NA,NA,NA,NA,NA,NA,NA,NA,NA,NA,NA,NA,NA,NA,NA,NA,NA,NA,NA,NA,NA,NA,NA,NA,NA,NA,NA,NA,NA,NA,NA,NA,NA,NA,NA,NA,NA,NA,NA,NA,NA,NA,NA,NA,NA,NA,NA,NA,NA,NA,NA,NA,NA,NA,NA,NA,NA,NA,NA,NA,NA,NA,NA,NA,NA,NA,NA,NA,NA,NA,NA,NA,NA,NA,NA,NA,NA,NA,NA,NA,NA,NA,NA,NA,NA,NA,NA,NA,NA,NA,NA,NA,NA,NA,NA,NA,NA,NA,NA,NA,NA,NA,NA,NA,NA,NA,NA,NA,NA,NA,NA,NA,NA,NA,NA,NA,NA,NA,NA,NA,NA,NA,NA,NA,NA,NA,NA,NA,NA,NA,NA,NA,NA,NA,NA,NA,NA,NA,NA,NA,NA,NA,NA,NA,NA,NA,NA,NA,NA,NA,NA,NA,NA,NA,NA,NA,NA,NA,NA
"148",NA,NA,NA,NA,NA,NA,NA,NA,NA,NA,NA,NA,NA,NA,NA,NA,NA,NA,NA,NA,NA,NA,NA,NA,NA,NA,NA,NA,NA,NA,NA,NA,NA,NA,NA,NA,NA,NA,NA,NA,NA,NA,NA,NA,NA,NA,NA,NA,NA,NA,NA,NA,NA,NA,NA,NA,NA,NA,NA,NA,NA,NA,NA,NA,NA,NA,NA,NA,NA,NA,NA,NA,NA,NA,NA,NA,NA,NA,NA,NA,NA,NA,NA,NA,NA,NA,NA,NA,NA,NA,NA,NA,NA,NA,NA,NA,NA,NA,NA,NA,NA,NA,NA,NA,NA,NA,NA,NA,NA,NA,NA,NA,NA,NA,NA,NA,NA,NA,NA,NA,NA,NA,NA,NA,NA,NA,NA,NA,NA,NA,NA,NA,NA,NA,NA,NA,NA,NA,NA,NA,NA,NA,NA,NA,NA,NA,NA,NA,NA,NA,NA,NA,NA,NA,NA,NA,NA,NA,NA,NA,NA,NA,NA,NA,NA,NA,NA,NA,NA,NA,NA,NA,NA,NA,NA,NA,NA,NA,NA,NA,NA,NA,NA,NA,NA,NA,NA,NA,NA,NA,NA,NA,NA,NA,NA,NA,NA,NA,NA,NA,NA,NA,NA,NA,NA,NA,NA,NA,NA,NA,NA,NA,NA,NA,NA,NA,NA,NA,NA
"149",NA,NA,NA,NA,NA,NA,NA,NA,NA,NA,NA,NA,NA,NA,NA,NA,NA,NA,NA,NA,NA,NA,NA,NA,NA,NA,NA,NA,NA,NA,NA,NA,NA,NA,NA,NA,NA,NA,NA,NA,NA,NA,NA,NA,NA,NA,NA,NA,NA,NA,NA,NA,NA,NA,NA,NA,NA,NA,NA,NA,NA,NA,NA,NA,NA,NA,NA,NA,NA,NA,NA,NA,NA,NA,NA,NA,NA,NA,NA,NA,NA,NA,NA,NA,NA,NA,NA,NA,NA,NA,NA,NA,NA,NA,NA,NA,NA,NA,NA,NA,NA,NA,NA,NA,NA,NA,NA,NA,NA,NA,NA,NA,NA,NA,NA,NA,NA,NA,NA,NA,NA,NA,NA,NA,NA,NA,NA,NA,NA,NA,NA,NA,NA,NA,NA,NA,NA,NA,NA,NA,NA,NA,NA,NA,NA,NA,NA,NA,NA,NA,NA,NA,NA,NA,NA,NA,NA,NA,NA,NA,NA,NA,NA,NA,NA,NA,NA,NA,NA,NA,NA,NA,NA,NA,NA,NA,NA,NA,NA,NA,NA,NA,NA,NA,NA,NA,NA,NA,NA,NA,NA,NA,NA,NA,NA,NA,NA,NA,NA,NA,NA,NA,NA,NA,NA,NA,NA,NA,NA,NA,NA,NA,NA,NA,NA,NA,NA,NA,NA
"150",NA,NA,NA,NA,NA,NA,NA,NA,NA,NA,NA,NA,NA,NA,NA,NA,NA,NA,NA,NA,NA,NA,NA,NA,NA,NA,NA,NA,NA,NA,NA,NA,NA,NA,NA,NA,NA,NA,NA,NA,NA,NA,NA,NA,NA,NA,NA,NA,NA,NA,NA,NA,NA,NA,NA,NA,NA,NA,NA,NA,NA,NA,NA,NA,NA,NA,NA,NA,NA,NA,NA,NA,NA,NA,NA,NA,NA,NA,NA,NA,NA,NA,NA,NA,NA,NA,NA,NA,NA,NA,NA,NA,NA,NA,NA,NA,NA,NA,NA,NA,NA,NA,NA,NA,NA,NA,NA,NA,NA,NA,NA,NA,NA,NA,NA,NA,NA,NA,NA,NA,NA,NA,NA,NA,NA,NA,NA,NA,NA,NA,NA,NA,NA,NA,NA,NA,NA,NA,NA,NA,NA,NA,NA,NA,NA,NA,NA,NA,NA,NA,NA,NA,NA,NA,NA,NA,NA,NA,NA,NA,NA,NA,NA,NA,NA,NA,NA,NA,NA,NA,NA,NA,NA,NA,NA,NA,NA,NA,NA,NA,NA,NA,NA,NA,NA,NA,NA,NA,NA,NA,NA,NA,NA,NA,NA,NA,NA,NA,NA,NA,NA,NA,NA,NA,NA,NA,NA,NA,NA,NA,NA,NA,NA,NA,NA,NA,NA,NA,NA
"151","Line",NA,NA,1995,1995,1995,1995,1995,1995,1995,1995,1995,1995,1995,1995,1996,1996,1996,1996,1996,1996,1996,1996,1996,1996,1996,1996,1997,1997,1997,1997,1997,1997,1997,1997,1997,1997,1997,1997,1998,1998,1998,1998,1998,1998,1998,1998,1998,1998,1998,1998,1999,1999,1999,1999,1999,1999,1999,1999,1999,1999,1999,1999,2000,2000,2000,2000,2000,2000,2000,2000,2000,2000,2000,2000,2001,2001,2001,2001,2001,2001,2001,2001,2001,2001,2001,2001,2002,2002,2002,2002,2002,2002,2002,2002,2002,2002,2002,2002,2003,2003,2003,2003,2003,2003,2003,2003,2003,2003,2003,2003,2004,2004,2004,2004,2004,2004,2004,2004,2004,2004,2004,2004,2005,2005,2005,2005,2005,2005,2005,2005,2005,2005,2005,2005,2006,2006,2006,2006,2006,2006,2006,2006,2006,2006,2006,2006,2007,2007,2007,2007,2007,2007,2007,2007,2007,2007,2007,2007,2008,2008,2008,2008,2008,2008,2008,2008,2008,2008,2008,2008,2009,2009,2009,2009,2009,2009,2009,2009,2009,2009,2009,2009,2010,2010,2010,2010,2010,2010,2010,2010,2010,2010,2010,NA,NA,NA,NA,NA,NA,NA,NA,NA,NA,NA,NA,NA,NA,NA,NA,NA,NA,NA,NA,NA,NA,NA,NA,NA
"152",NA,NA,NA,1,2,3,4,5,6,7,8,9,10,11,12,1,2,3,4,5,6,7,8,9,10,11,12,1,2,3,4,5,6,7,8,9,10,11,12,1,2,3,4,5,6,7,8,9,10,11,12,1,2,3,4,5,6,7,8,9,10,11,12,1,2,3,4,5,6,7,8,9,10,11,12,1,2,3,4,5,6,7,8,9,10,11,12,1,2,3,4,5,6,7,8,9,10,11,12,1,2,3,4,5,6,7,8,9,10,11,12,1,2,3,4,5,6,7,8,9,10,11,12,1,2,3,4,5,6,7,8,9,10,11,12,1,2,3,4,5,6,7,8,9,10,11,12,1,2,3,4,5,6,7,8,9,10,11,12,1,2,3,4,5,6,7,8,9,10,11,12,1,2,3,4,5,6,7,8,9,10,11,12,1,2,3,4,5,6,7,8,9,10,11,NA,NA,NA,NA,NA,NA,NA,NA,NA,NA,NA,NA,NA,NA,NA,NA,NA,NA,NA,NA,NA,NA,NA,NA,NA
"153",NA,"Personal consumption expenditures by major type of product (From NIPA table 2.3.4):"," ",NA,NA,NA,NA,NA,NA,NA,NA,NA,NA,NA,NA,NA,NA,NA,NA,NA,NA,NA,NA,NA,NA,NA,NA,NA,NA,NA,NA,NA,NA,NA,NA,NA,NA,NA,NA,NA,NA,NA,NA,NA,NA,NA,NA,NA,NA,NA,NA,NA,NA,NA,NA,NA,NA,NA,NA,NA,NA,NA,NA,NA,NA,NA,NA,NA,NA,NA,NA,NA,NA,NA,NA,NA,NA,NA,NA,NA,NA,NA,NA,NA,NA,NA,NA,NA,NA,NA,NA,NA,NA,NA,NA,NA,NA,NA,NA,NA,NA,NA,NA,NA,NA,NA,NA,NA,NA,NA,NA,NA,NA,NA,NA,NA,NA,NA,NA,NA,NA,NA,NA,NA,NA,NA,NA,NA,NA,NA,NA,NA,NA,NA,NA,NA,NA,NA,NA,NA,NA,NA,NA,NA,NA,NA,NA,NA,NA,NA,NA,NA,NA,NA,NA,NA,NA,NA,NA,NA,NA,NA,NA,NA,NA,NA,NA,NA,NA,NA,NA,NA,NA,NA,NA,NA,NA,NA,NA,NA,NA,NA,NA,NA,NA,NA,NA,NA,NA,NA,NA,NA,NA,NA,NA,NA,NA,NA,NA,NA,NA,NA,NA,NA,NA,NA,NA,NA,NA,NA,NA,NA,NA,NA,NA,NA,NA,NA,NA
"154","1","      Personal consumption expenditures (PCE)","DPCERG3",81.268,81.425,81.577,81.789,81.911,81.994,82.104,82.285,82.34,82.544,82.544,82.711,82.911,83.047,83.29,83.529,83.668,83.674,83.868,83.96,84.193,84.441,84.604,84.722,84.862,85.06,85.156,85.238,85.207,85.317,85.372,85.451,85.66,85.784,85.813,85.814,85.862,85.824,85.847,85.976,86.11,86.05,86.263,86.39,86.349,86.55,86.572,86.684,86.855,86.848,86.921,87.334,87.377,87.4,87.633,87.781,88.07,88.187,88.258,88.488,88.769,89.07,89.458,89.362,89.416,89.699,89.9,89.873,90.259,90.383,90.508,90.633,91.051,91.183,91.192,91.359,91.608,91.763,91.707,91.687,91.385,91.711,91.648,91.569,91.659,91.816,92.089,92.492,92.555,92.668,92.869,93.044,93.206,93.385,93.485,93.564,93.811,94.204,94.44,94.275,94.142,94.252,94.517,94.845,95.148,95.131,95.236,95.466,95.843,96.087,96.275,96.433,96.787,97.118,97.268,97.345,97.516,97.909,98.265,98.327,98.454,98.745,99.062,99.377,99.347,99.399,99.83,100.288,101.367,101.561,101.297,101.273,101.725,101.764,101.921,102.328,102.588,102.787,103.119,103.517,103.312,103.079,103.211,103.605,103.919,104.298,104.715,104.955,105.259,105.424,105.615,105.705,106.119,106.421,107.001,107.335,107.655,107.893,108.315,108.646,109.098,109.811,110.394,110.297,110.41,109.773,108.477,107.959,108.118,108.409,108.342,108.516,108.657,109.258,109.331,109.656,109.806,110.11,110.353,110.536,110.815,110.858,111.032,111,110.902,110.762,110.962,111.137,111.207,111.394,111.493,NA,NA,NA,NA,NA,NA,NA,NA,NA,NA,NA,NA,NA,NA,NA,NA,NA,NA,NA,NA,NA,NA,NA,NA,NA
"155","2","Goods","DGDSRG3",95.45,95.457,95.473,95.703,95.668,95.596,95.637,95.723,95.682,95.786,95.562,95.763,96.132,96.239,96.653,96.925,96.832,96.542,96.593,96.473,96.684,96.93,97.036,97.071,97.12,97.213,97.043,96.878,96.589,96.334,96.237,96.312,96.433,96.423,96.166,96.007,95.813,95.468,95.066,95.109,95.11,94.986,95.133,95.106,94.88,94.968,94.806,94.83,95.025,94.702,94.576,95.584,95.421,95.362,95.653,95.857,96.28,96.277,96.113,96.391,96.512,96.846,97.702,97.394,97.291,97.753,97.84,97.362,98.018,97.79,97.892,97.845,97.957,97.932,97.603,97.761,98.104,98.129,97.639,97.224,97.59,97.01,96.361,95.84,95.889,95.823,96.157,96.818,96.537,96.471,96.53,96.611,96.615,96.712,96.593,96.407,96.833,97.426,97.307,96.453,95.419,95.477,95.818,96.318,96.73,96.217,96.168,96.392,96.897,97.136,97.298,97.189,97.715,98.057,97.844,97.614,97.796,98.736,99.209,98.914,98.594,98.846,99.101,99.481,98.984,98.845,99.558,100.41,102.571,102.159,100.853,100.597,101.304,101.017,101.028,101.652,101.809,101.832,102.345,102.92,101.722,100.666,100.603,101.196,101.129,101.515,102.235,102.466,102.978,102.95,103.061,102.741,103.19,103.448,104.656,104.983,105.452,105.584,105.975,106.159,106.629,107.999,109.05,108.595,108.776,106.837,102.917,101.176,101.579,102.345,102.193,102.39,102.523,104.009,103.926,104.519,104.764,104.875,105.149,105.337,105.922,105.716,105.714,105.364,104.755,104.318,104.713,105.155,105.305,105.65,105.715,NA,NA,NA,NA,NA,NA,NA,NA,NA,NA,NA,NA,NA,NA,NA,NA,NA,NA,NA,NA,NA,NA,NA,NA,NA
"156","3","  Durable goods","DDURRG3",124.552,124.539,124.789,124.842,124.435,124.195,124.099,124.2,123.969,123.93,123.635,123.875,123.958,123.823,123.94,123.491,122.955,122.824,122.815,122.774,122.718,122.683,122.318,121.71,121.66,121.811,121.825,120.904,120.561,120.31,120.042,119.72,119.588,119.559,119.023,118.761,118.525,118.151,118.038,118.096,117.215,116.753,116.83,116.435,116.102,115.929,115.646,115.186,115.044,114.609,114.179,114.321,114.036,113.751,113.681,113.493,113.33,113.119,112.859,112.469,112.421,112.106,112.322,112.151,112.169,111.824,111.616,111.153,111.315,111.101,111.122,111.02,110.946,110.566,110.206,110.06,109.628,109.668,109.735,109.208,108.221,108.69,108.487,108.327,108.039,107.345,107.219,107.127,107.064,106.743,106.618,106.411,106.335,106.137,105.72,105.307,104.678,104.421,104.239,103.937,103.292,102.871,102.745,102.309,102.019,101.685,101.461,101.227,101.372,101.445,101.441,101.466,101.305,101.261,100.948,100.415,100.431,100.652,100.661,100.66,100.564,100.559,100.521,100.383,100.521,100.252,99.863,99.419,99.586,99.572,99.42,99.341,99.286,99.164,98.974,98.972,98.814,98.442,98.4,98.479,97.963,98.014,97.801,97.552,97.381,97.396,97.239,97.036,96.969,96.981,96.752,96.397,96.272,96.288,96.168,95.958,96.019,95.932,95.991,95.645,95.428,95.436,95.516,95.331,95.188,95.009,94.508,94.078,93.97,94.07,94.043,94.073,94.005,94.059,93.575,93.25,93.524,93.693,93.655,93.462,93.224,93.013,93.126,93.001,92.775,92.488,92.243,92.273,92.188,91.936,91.708,NA,NA,NA,NA,NA,NA,NA,NA,NA,NA,NA,NA,NA,NA,NA,NA,NA,NA,NA,NA,NA,NA,NA,NA,NA
"157","4","    Motor vehicles and parts","DMOTRG3",99.026,99.303,99.945,99.953,100.122,100.27,100.021,100.078,99.927,100.256,100.518,101.037,101.331,101.689,102.034,101.695,101.745,101.754,101.745,102.063,102.438,102.694,102.635,102.7,102.657,103.083,103.317,102.708,102.496,102.051,102.13,102.05,102.181,102.585,102.124,101.759,101.65,101.559,101.347,101.43,100.792,100.532,101.189,101.346,101.504,101.407,101.601,101.408,101.488,101.188,100.981,101.083,101.161,101.377,101.706,101.981,102.144,102.178,102.195,101.934,101.794,101.523,101.806,101.921,102.224,102.318,101.994,101.706,101.848,101.854,102.231,102.704,102.691,102.569,102.472,102.488,102.418,102.365,102.74,102.56,101.082,102.223,102.49,102.631,102.355,101.741,101.719,101.79,101.744,101.738,102.01,102.043,102.099,101.978,101.663,101.383,100.356,99.972,100.115,99.797,99.59,99.242,99.248,98.753,98.549,97.855,97.717,97.689,97.755,97.946,98.091,98.214,98.395,98.388,98.186,97.784,98.19,98.663,99.423,99.752,99.794,100.016,99.976,100.12,100.481,100.413,99.769,99.226,99.486,100.096,100.239,100.385,100.577,100.572,100.562,100.466,100.333,100.142,100.136,100.027,99.901,99.908,99.519,99.368,99.38,99.274,99.453,99.483,99.483,99.461,99.594,99.743,99.877,99.917,100.145,100.158,99.908,99.613,99.484,99.209,99.098,98.91,98.918,98.688,98.37,97.536,96.9,96.267,96.391,96.609,96.842,97.155,97.754,98.478,98.371,98.866,99.644,100.607,101.439,101.952,102.098,102.434,102.62,102.814,103.034,103.274,103.541,103.72,103.649,103.375,103.342,NA,NA,NA,NA,NA,NA,NA,NA,NA,NA,NA,NA,NA,NA,NA,NA,NA,NA,NA,NA,NA,NA,NA,NA,NA
"158","5","    Furnishings and durable household equipment","DFDHRG3",110.126,110.251,110.318,110.345,109.738,109.566,110.192,110.706,110.943,111.086,110.211,110.174,110.802,110.7,110.654,110.896,110.249,110.424,110.649,110.818,111.056,110.771,110.348,110.043,110.248,110.78,110.579,110.782,110.931,110.789,110.483,110.139,110.41,110.373,109.883,110.053,110.272,110.114,110.549,111.303,110.571,110.668,111.117,110.387,109.817,110.06,109.786,109.695,110.159,109.463,109.387,109.835,108.838,108.885,108.934,108.552,108.786,108.425,108.094,107.763,108.273,108.263,108.946,108.71,108.276,107.904,108.278,107.747,108.342,107.928,107.74,107.255,107.338,107.403,106.785,106.905,106.252,106.317,106.278,105.894,106.086,105.623,105.376,105.169,104.958,104.495,104.461,104.549,104.6,104.489,104.216,103.625,103.931,103.843,103.408,102.647,102.675,102.719,102.51,102.436,101.273,100.872,100.761,100.32,100.305,100.43,100.059,99.757,100.132,100.43,100.283,100.111,99.882,100.17,99.818,99.321,99.318,100.242,99.888,99.657,100.017,100.015,100.428,100.521,100.87,100.271,100.096,99.733,99.372,99.385,99.452,99.841,99.695,99.587,99.409,99.529,99.685,99.483,99.548,99.635,99.147,99.546,99.493,99.034,98.819,99.299,99.331,99.208,99.115,99.283,98.946,98.512,98.009,97.96,97.995,97.436,98.01,98.04,98.411,97.737,97.664,97.747,97.943,98.172,98.525,98.458,98.107,97.674,97.996,98.517,99.033,98.946,98.793,98.771,98.079,96.83,97.163,96.551,96.02,95.809,95.733,95.134,95.045,94.716,94.539,93.676,93.212,92.957,92.86,92.642,91.617,NA,NA,NA,NA,NA,NA,NA,NA,NA,NA,NA,NA,NA,NA,NA,NA,NA,NA,NA,NA,NA,NA,NA,NA,NA
"159","6","    Recreational goods and vehicles","DREQRG3",209.898,209.099,207.193,207.565,206.645,203.193,202.689,201.072,200.01,198.454,197.35,196.76,195.749,194.933,193.833,191.923,190.237,189.18,187.733,187.382,185.665,184.74,183.691,181.918,180.386,179.512,178.398,175.274,173.694,173.297,171.774,170.851,170.127,168.872,167.99,167.067,165.671,163.891,163.639,162.621,160.741,159.524,157.889,156.12,154.82,153.724,152.223,151.052,150.117,149.203,147.889,147.321,146.794,145.189,144.154,143.023,141.725,140.849,140.22,139.409,138.819,137.735,137.237,136.359,137.456,136.648,135.622,134.643,134.226,133.422,132.632,132.004,131.035,129.797,128.534,128.155,127.244,126.651,126.253,125.116,124.032,123.611,123.018,122.368,121.477,120.875,119.812,119.352,119.393,118.252,117.6,117.485,116.526,116.117,115.73,115.176,114.536,113.742,113.035,112.462,111.372,110.539,110.092,109.488,108.9,108.766,108.557,108.174,107.766,107.405,107.276,107.102,106.457,106.102,105.342,104.685,104.459,103.938,103.164,102.556,102.375,101.556,101.25,101.11,100.862,100.458,100.015,99.454,99.315,98.636,97.877,97.092,96.622,96.474,96.179,95.887,95.161,94.261,94.088,93.822,92.63,92.329,91.92,91.388,90.66,90.184,89.876,89.435,89.098,88.533,88.07,87.257,86.917,86.829,86.179,85.887,85.889,85.472,85.253,84.755,84.338,84.433,84.294,83.782,83.496,83.556,83.009,82.522,82.08,81.649,81.012,80.761,80.364,79.969,79.141,78.668,78.15,77.999,77.52,76.845,76.511,76.166,76.17,75.881,75.254,74.847,74.538,74.291,74.002,73.757,73.398,NA,NA,NA,NA,NA,NA,NA,NA,NA,NA,NA,NA,NA,NA,NA,NA,NA,NA,NA,NA,NA,NA,NA,NA,NA
"160","7","    Other durable goods","DODGRG3",112.5,111.982,113.267,113.163,111.774,113.472,113.051,114.389,113.978,113.971,113.768,114.364,113.886,112.734,113.684,113.378,112.416,112.355,113.607,112.286,112.151,112.639,112.21,110.227,111.492,111.155,112.176,111.04,110.996,111.482,111.732,111.411,110.367,110.397,110.055,110.305,110.354,110.549,109.997,110.184,109.674,108.57,108.295,108.544,108.281,108.456,108.174,107.161,106.324,106.676,106.211,107.015,107.103,106.413,106.161,106.142,105.876,106.174,105.717,105.492,105.633,105.881,106.144,106.259,104.411,103.445,103.901,103.863,104.248,104.645,105.212,104.791,105.726,105.098,105.875,105.089,104.721,106.195,106.197,105.343,104.092,105.58,104.352,104.172,104.86,103.271,104.416,104.1,103.566,103.349,103.104,102.574,102.997,102.758,102.002,102.091,101.627,102.299,102.099,101.968,101.719,101.855,101.892,102.037,101.519,101.085,100.826,100.323,101.418,101.549,101.589,102.121,101.97,101.812,102.209,101.44,100.724,100.307,100.345,101.114,99.851,101.004,100.706,99.187,99.078,99.131,99.329,99.291,100.914,100.531,100.498,100.481,100.928,100.517,100.036,100.76,101.29,101.354,101.308,102.826,102.85,103.239,103.741,104.411,105.302,106.047,104.898,104.504,105.042,106.458,106.049,105.695,106.221,106.639,106.751,106.92,107.048,108.337,109.147,109.778,109.611,109.744,110.446,110.528,110.273,110.794,110.481,110.757,110.199,110.778,110.863,111.264,110.733,110.666,110.783,110.449,111.709,112.465,112.637,112.266,111.12,110.863,111.553,111.61,111.53,111.574,110.772,111.951,112.552,112.29,113.653,NA,NA,NA,NA,NA,NA,NA,NA,NA,NA,NA,NA,NA,NA,NA,NA,NA,NA,NA,NA,NA,NA,NA,NA,NA
"161","8","  Nondurable goods","DNDGRG3",81.719,81.733,81.666,81.95,82.046,82.037,82.125,82.203,82.231,82.383,82.192,82.372,82.832,83.022,83.532,84.061,84.136,83.796,83.868,83.724,84.027,84.371,84.653,84.931,85.019,85.089,84.854,84.985,84.725,84.476,84.448,84.678,84.896,84.894,84.755,84.643,84.472,84.146,83.635,83.666,84.031,84.052,84.227,84.355,84.179,84.378,84.27,84.506,84.846,84.575,84.585,85.963,85.856,85.899,86.351,86.732,87.421,87.512,87.392,87.973,88.168,88.816,89.977,89.603,89.442,90.282,90.509,90.03,90.919,90.688,90.829,90.812,91.016,91.168,90.86,91.167,91.881,91.898,91.136,90.782,91.817,90.717,89.839,89.138,89.355,89.607,90.176,91.228,90.831,90.894,91.049,91.286,91.335,91.59,91.626,91.559,92.538,93.568,93.483,92.348,91.11,91.424,92.013,93.022,93.814,93.205,93.25,93.723,94.422,94.749,95.001,94.815,95.718,96.27,96.111,96.048,96.321,97.661,98.39,97.929,97.483,97.878,98.297,98.971,98.113,98.04,99.391,100.986,104.251,103.613,101.669,101.309,102.444,102.06,102.184,103.166,103.502,103.749,104.578,105.434,103.851,102.165,102.189,103.263,103.257,103.856,105.079,105.56,106.407,106.355,106.659,106.356,107.137,107.53,109.51,110.142,110.837,111.088,111.663,112.143,113,115.137,116.727,116.112,116.458,113.541,107.778,105.328,106.002,107.124,106.903,107.188,107.425,109.678,109.809,110.918,111.145,111.222,111.666,112.065,113.105,112.903,112.838,112.36,111.537,111.016,111.771,112.446,112.728,113.42,113.657,NA,NA,NA,NA,NA,NA,NA,NA,NA,NA,NA,NA,NA,NA,NA,NA,NA,NA,NA,NA,NA,NA,NA,NA,NA
"162","9","    Food and beverages purchased for off-premises consumption","DFXARG3",79.923,80.296,80.268,80.876,80.823,80.87,80.952,81.07,81.262,81.482,81.417,81.557,81.778,82.089,82.465,82.787,82.771,83.265,83.59,83.884,84.082,84.482,84.605,84.62,84.504,84.814,84.624,84.698,84.777,84.875,84.963,85.155,85.198,85.25,85.325,85.29,85.64,85.479,85.607,85.7,85.808,85.859,85.981,86.23,86.141,86.54,86.666,86.638,86.976,87.025,86.916,87.099,87.256,87.263,87.359,87.489,87.748,87.816,88.062,88.188,88.267,88.521,88.765,88.815,89.26,89.306,89.774,90.064,90.078,90.112,90.18,90.688,90.761,91.315,91.471,91.552,91.71,92.074,92.363,92.654,92.633,93.039,92.987,92.836,93.24,93.505,93.661,93.953,93.36,93.27,93.403,93.374,93.56,93.507,93.746,93.754,93.833,94.244,94.48,94.49,94.638,95.218,95.115,95.655,95.876,96.232,96.605,97.162,96.919,97.008,97.359,97.546,98.321,98.502,98.586,98.651,98.454,99.039,99.446,99.375,99.039,98.848,99.15,100.17,100.083,99.912,100.107,100.076,100.314,100.459,100.844,100.997,101.306,101.121,101.252,101.026,101.113,101.465,101.616,101.895,102.268,102.554,102.521,102.37,103.033,103.93,104.565,104.842,105.275,105.781,105.963,106.365,106.714,107.086,107.534,107.653,108.475,108.983,109.202,110.621,110.991,111.676,112.908,113.534,114.231,114.653,114.91,114.888,114.884,114.566,114.331,113.888,113.484,113.558,113.057,113.101,112.743,112.815,112.899,113.134,113.262,113.391,113.746,113.989,113.987,113.771,113.836,113.919,114.212,114.292,114.411,NA,NA,NA,NA,NA,NA,NA,NA,NA,NA,NA,NA,NA,NA,NA,NA,NA,NA,NA,NA,NA,NA,NA,NA,NA
"163","10","    Clothing and footwear","DCLORG3",116.268,115.125,115.448,115.478,115.169,114.338,114.596,114.839,115.001,115.084,114.578,114.351,114.661,114.453,114.91,114.501,114.375,113.685,113.19,111.708,112.912,112.787,113.163,113.309,113.688,113.216,113.205,114.636,115.091,114.458,114.127,113.051,113.409,113.002,113.042,113.15,112.711,111.584,111.25,110.895,111.493,111.563,111.569,113.046,111.5,111.364,111.58,110.695,110.315,109.669,109.439,110.434,110.415,110.58,110.229,109.791,110.081,110.324,109.945,110.302,109.723,109.353,109.377,108.811,108.853,108.646,108.338,108.377,108.876,108.599,108.494,108.344,108.503,108.782,108.646,107.613,106.854,106.761,106.58,105.833,105.604,105.308,104.966,104.461,104.072,104.57,104.864,104.733,104.304,103.75,103.506,104.302,103.325,102.977,103.066,102.738,102.303,101.989,101.138,100.767,100.557,100.953,101.412,101.156,101.252,101.491,101.342,100.881,100.755,100.681,100.892,101.005,101.261,101.576,101.419,100.837,100.527,100.829,101.124,100.201,100.713,100.534,100.911,100.493,100.382,100.038,99.595,99.916,99.349,99.343,99.632,99.094,99.236,98.377,99.505,99.956,99.904,100.151,99.14,99.786,100.163,99.737,99.292,99.629,99.683,99.594,99.398,98.95,98.777,97.952,98.162,97.672,97.652,97.89,98.341,98.818,98.985,97.946,97.17,97.29,97.338,97.166,98.027,98.553,98.303,97.533,97.739,96.997,97.363,98.4,98.396,98.056,98.148,98.76,99.116,99.218,99.288,98.884,98.526,98.901,99.095,98.407,97.853,96.977,97.227,98.114,98.784,98.485,97.7,97.412,97.401,NA,NA,NA,NA,NA,NA,NA,NA,NA,NA,NA,NA,NA,NA,NA,NA,NA,NA,NA,NA,NA,NA,NA,NA,NA
"164","11","    Gasoline and other energy goods","DGOERG3",51.182,51.026,50.628,50.615,51.066,51.312,50.926,50.397,49.822,49.863,48.943,49.857,51.581,51.558,52.941,55.335,55.679,53.817,53.566,53.135,53.201,54.35,55.221,56.506,56.785,56.684,55.478,54.161,52.212,51.66,51.517,53.691,54.47,54.277,53.19,52.744,50.706,49.045,47.137,46.053,46.883,47.491,47.427,46.396,46.012,46.34,45.747,44.714,44.393,43.588,44.832,50.052,49.387,49.063,51.07,53.638,55.539,55.754,55.269,58.012,59.148,62.374,67.785,64.132,62.942,68.315,67.78,64.456,68.791,68.207,67.899,67.383,67.322,66.376,64.536,65.595,70.922,69.547,63.01,61.765,66.736,60.248,54.128,51.577,52.07,51.592,55.416,59.239,59.469,59.626,60.465,61.079,61.543,64.239,63.926,63.874,69.968,76.05,75.933,68.729,61.598,61.878,64.279,69.613,74.048,69.686,69.485,71.173,75.738,76.944,77.023,75.11,78.641,81.436,80.562,80.468,82.306,88.353,91.751,90.113,86.891,89.578,91.337,93.889,87.818,88.02,96.019,105.746,126.866,121.854,107.354,104.629,110.914,109.399,107.94,114.303,116.031,116.17,122.67,126.873,113.848,102.257,103.809,110.893,107.747,109.734,116.951,120.059,125.047,124.341,125.257,122.39,126.484,127.297,139.23,142.063,144.024,145.329,148.671,148.164,153.587,167.226,174.788,167.277,167.414,145.393,102.86,85.713,89.379,95.832,91.422,91.401,93.509,108.02,109.134,116.299,117.633,118.359,121.889,123.765,129.702,128.018,126.779,124.382,118.322,113.66,118.037,122.306,124.552,130.192,131.334,NA,NA,NA,NA,NA,NA,NA,NA,NA,NA,NA,NA,NA,NA,NA,NA,NA,NA,NA,NA,NA,NA,NA,NA,NA
"165","12","    Other nondurable goods","DONGRG3",82.974,83.16,83.075,83.236,83.482,83.624,83.926,84.238,84.359,84.519,84.75,84.722,84.778,85.116,85.276,85.363,85.479,85.199,85.411,85.528,85.667,85.687,85.766,85.836,85.923,86.048,86.219,86.655,86.649,86.349,86.385,86.144,86.183,86.408,86.479,86.373,86.782,87.38,86.865,87.627,87.901,87.54,87.976,88.008,88.461,88.513,88.277,89.979,90.989,90.835,90.407,91.136,91.005,91.233,91.573,91.407,92.091,92.07,91.869,91.908,92.074,92.27,92.774,93.691,93.333,93.187,93.781,93.707,93.954,93.651,94.201,93.945,94.434,94.654,94.554,95.314,94.991,95.372,96.091,95.696,96.446,96.087,96.69,96.246,96.401,96.874,96.406,97.403,96.916,97.355,97.376,97.451,97.606,97.264,97.24,97.21,97.267,97.111,97.06,97.327,97.075,97.106,97.572,97.559,97.479,97.343,97.276,97.51,97.667,97.996,98.25,98.377,98.462,98.427,98.365,98.426,98.687,99.064,99.067,98.964,99.24,99.397,99.339,99.335,99.746,99.759,100.06,100.159,100.334,100.619,100.866,101.145,101.332,101.468,101.785,101.927,102.109,102.312,102.266,102.364,102.774,102.743,102.377,102.478,103.075,103.121,103.099,103.128,103.147,103.194,103.412,103.556,103.776,104.074,104.27,104.591,104.923,105.129,105.593,105.724,105.653,105.881,105.952,106.227,106.535,106.703,106.911,107.152,107.522,107.98,109.372,110.735,110.909,111.063,111.334,111.527,111.955,112.006,111.951,111.942,112.334,112.617,112.832,112.597,112.533,112.682,112.723,113.01,113.018,112.867,112.993,NA,NA,NA,NA,NA,NA,NA,NA,NA,NA,NA,NA,NA,NA,NA,NA,NA,NA,NA,NA,NA,NA,NA,NA,NA
"166","13","Services","DSERRG3",74.334,74.557,74.769,74.971,75.164,75.315,75.456,75.678,75.777,76.024,76.125,76.276,76.399,76.548,76.712,76.934,77.178,77.319,77.578,77.766,78.008,78.256,78.445,78.601,78.781,79.026,79.247,79.442,79.53,79.809,79.934,80.015,80.264,80.451,80.615,80.692,80.853,80.959,81.182,81.352,81.549,81.521,81.764,81.964,82.012,82.268,82.379,82.534,82.694,82.842,83.013,83.133,83.278,83.342,83.546,83.665,83.889,84.065,84.252,84.457,84.817,85.101,85.255,85.265,85.396,85.591,85.849,86.045,86.296,86.595,86.732,86.942,87.511,87.72,87.897,88.069,88.271,88.49,88.65,88.825,88.19,88.968,89.204,89.347,89.458,89.729,89.971,90.242,90.479,90.683,90.956,91.179,91.422,91.642,91.855,92.07,92.225,92.516,92.934,93.125,93.457,93.596,93.822,94.06,94.307,94.551,94.739,94.972,95.281,95.528,95.73,96.03,96.293,96.618,96.96,97.2,97.366,97.468,97.762,98.014,98.379,98.692,99.042,99.322,99.541,99.697,99.974,100.22,100.725,101.241,101.534,101.634,101.949,102.164,102.4,102.69,103.005,103.298,103.533,103.836,104.164,104.376,104.613,104.9,105.42,105.794,106.048,106.292,106.485,106.754,106.99,107.303,107.697,108.024,108.265,108.605,108.846,109.143,109.583,109.993,110.438,110.804,111.142,111.237,111.323,111.363,111.409,111.513,111.552,111.603,111.582,111.746,111.894,112.043,112.198,112.384,112.485,112.89,113.118,113.299,113.416,113.589,113.856,113.994,114.169,114.186,114.282,114.316,114.343,114.443,114.561,NA,NA,NA,NA,NA,NA,NA,NA,NA,NA,NA,NA,NA,NA,NA,NA,NA,NA,NA,NA,NA,NA,NA,NA,NA
"167","14","  Household consumption expenditures (for services)","DHCERG3",74.305,74.485,74.682,74.922,75.107,75.267,75.406,75.617,75.74,75.994,76.099,76.257,76.371,76.552,76.687,76.895,77.14,77.309,77.55,77.749,77.991,78.242,78.421,78.574,78.756,78.969,79.216,79.416,79.506,79.793,79.863,79.972,80.221,80.349,80.518,80.599,80.727,80.822,81.046,81.187,81.374,81.343,81.585,81.774,81.824,82.089,82.209,82.37,82.53,82.682,82.851,82.946,83.092,83.148,83.341,83.445,83.644,83.797,84.001,84.197,84.589,84.863,84.985,84.963,85.084,85.246,85.553,85.748,85.977,86.285,86.394,86.59,87.135,87.354,87.535,87.713,87.892,88.098,88.259,88.449,87.804,88.628,88.874,89.027,89.13,89.382,89.62,89.886,90.137,90.328,90.644,90.893,91.156,91.384,91.629,91.875,92.039,92.315,92.723,92.972,93.356,93.493,93.733,93.96,94.194,94.487,94.679,94.911,95.275,95.541,95.759,96.051,96.294,96.611,96.95,97.212,97.391,97.517,97.82,98.063,98.397,98.731,99.051,99.331,99.577,99.755,99.993,100.201,100.653,101.177,101.516,101.62,101.941,102.169,102.422,102.7,103.046,103.337,103.593,103.906,104.25,104.466,104.721,105.005,105.51,105.886,106.145,106.411,106.614,106.886,107.123,107.428,107.829,108.214,108.478,108.816,109.055,109.374,109.803,110.242,110.679,111.049,111.392,111.508,111.592,111.685,111.749,111.859,111.967,112.021,112.05,112.206,112.382,112.549,112.673,112.899,112.979,113.385,113.649,113.858,113.986,114.174,114.455,114.591,114.74,114.777,114.835,114.867,114.917,114.918,115.048,NA,NA,NA,NA,NA,NA,NA,NA,NA,NA,NA,NA,NA,NA,NA,NA,NA,NA,NA,NA,NA,NA,NA,NA,NA
"168","15","    Housing and utilities","DHUTRG3",73.067,73.227,73.38,73.541,73.713,73.895,74.051,74.306,74.326,74.626,74.807,75.037,75.216,75.398,75.598,75.806,76.015,76.053,76.283,76.487,76.603,76.742,76.923,77.123,77.428,77.613,77.67,77.809,77.881,78.119,78.322,78.46,78.705,78.856,79.167,79.127,79.233,79.26,79.486,79.686,79.893,80.061,80.223,80.38,80.496,80.692,80.868,81.014,81.158,81.302,81.449,81.593,81.73,81.85,82.028,82.219,82.466,82.605,82.848,82.917,83.291,83.588,83.774,83.964,84.154,84.593,84.918,85.099,85.507,85.903,86.074,86.529,87.505,87.702,87.899,88.099,88.495,88.814,88.929,89.106,89.207,89.323,89.643,89.896,90.086,90.295,90.585,90.82,90.998,91.151,91.367,91.526,91.802,92.072,92.299,92.564,92.83,93.154,93.831,93.882,94.02,94.06,94.239,94.42,94.703,94.824,94.937,95.071,95.321,95.62,95.703,96.003,96.257,96.637,96.875,97.179,97.273,97.354,97.759,97.942,98.21,98.458,98.668,99.051,99.309,99.475,99.812,100.143,100.859,101.687,102.175,102.153,102.808,102.917,103.101,103.308,103.694,103.988,104.367,104.797,105.254,105.275,105.723,106.158,106.42,106.885,107.283,107.434,107.612,107.845,107.994,108.132,108.446,108.8,109.173,109.472,109.698,110.113,110.583,111.103,111.552,112.054,112.789,112.907,112.724,112.883,112.972,113.077,113.213,113.377,113.429,113.287,113.194,113.115,113.113,113.208,113.111,113.237,113.31,113.284,113.285,113.373,113.509,113.452,113.431,113.306,113.499,113.583,113.544,113.649,113.662,NA,NA,NA,NA,NA,NA,NA,NA,NA,NA,NA,NA,NA,NA,NA,NA,NA,NA,NA,NA,NA,NA,NA,NA,NA
"169","16","    Health care","DHLCRG3",75.148,75.244,75.449,75.619,75.724,75.926,75.925,76.183,76.323,76.565,76.725,76.905,76.957,77.1,77.215,77.364,77.508,77.778,77.805,77.95,78.133,78.287,78.489,78.608,78.605,78.731,78.983,79.128,79.244,79.41,79.438,79.538,79.692,79.548,79.672,79.898,79.984,80.107,80.355,80.496,80.68,80.8,80.883,80.969,81.18,81.284,81.464,81.639,81.796,81.983,82.09,82.167,82.342,82.483,82.658,82.761,82.93,83.103,83.276,83.538,83.847,84.008,84.08,84.235,84.416,84.506,85.142,85.348,85.565,85.782,85.957,86.146,86.547,86.85,87.037,87.346,87.453,87.736,87.822,88.08,88.356,88.476,88.668,88.851,88.774,88.904,89.131,89.372,89.616,89.692,90.175,90.472,90.761,90.922,91.283,91.681,91.773,91.944,92.282,92.667,93.248,93.393,93.735,93.938,94.122,94.657,94.935,95.074,95.585,95.855,96.131,96.456,96.671,96.845,97.072,97.304,97.484,97.682,97.929,98.174,98.507,98.956,99.193,99.365,99.6,99.816,100.008,100.214,100.571,101.008,101.311,101.452,101.472,101.738,102.016,102.319,102.616,102.942,103.286,103.607,103.846,104.021,104.162,104.443,105.449,105.795,105.959,106.151,106.305,106.589,106.784,107.055,107.457,107.988,108.049,108.523,108.494,108.758,108.984,109.164,109.411,109.606,109.942,110.119,110.297,110.44,110.666,110.878,111.269,111.49,111.732,111.95,112.29,112.561,112.712,113.138,113.274,113.708,113.986,114.205,114.344,114.583,114.818,115.125,115.194,115.538,115.615,115.909,116.185,115.882,116.13,NA,NA,NA,NA,NA,NA,NA,NA,NA,NA,NA,NA,NA,NA,NA,NA,NA,NA,NA,NA,NA,NA,NA,NA,NA
"170","17","    Transportation services","DTRSRG3",81.111,81.72,82.496,82.684,83.25,83.617,83.695,84.004,83.987,84.497,84.101,83.411,82.674,83.021,83.673,83.795,83.935,83.927,84.052,84.243,85.393,86.07,85.387,84.99,84.884,85.118,85.832,86.304,85.719,85.968,85.992,85.882,86.828,87.746,86.912,86.381,87.082,87.362,87.598,87.453,87.233,87.241,87.689,87.98,88.066,88.213,88.1,87.759,87.833,87.966,88.801,88.392,89.035,89.101,89.094,89.035,89.206,89.579,89.799,89.633,89.93,90.339,90.732,91.018,91.225,91.382,91.271,92.317,92.482,93.198,92.881,92.723,92.9,92.929,93.003,93.031,92.673,92.602,92.546,92.77,92.097,92.237,92.56,92.372,92.155,92.404,92.593,93.11,93.332,93.316,92.848,93.013,93.496,93.672,93.306,93.616,93.763,93.946,94.409,94.35,94.792,95.047,95.535,95.495,95.519,95.792,95.841,96.346,96.108,96.128,96.03,95.877,95.633,95.878,96.546,96.741,96.524,96.889,97.263,97.888,98.04,98.14,98.761,99.011,99.205,99.404,99.788,100.016,101.198,101.504,102.407,102.526,102.88,103.578,103.473,103.829,104.299,104.426,104.664,104.874,104.466,104.727,104.862,104.502,105.067,105.612,105.709,105.802,105.702,106.234,106.812,107.101,106.933,107.823,108.226,108.549,109.2,109.548,110.461,110.698,112.112,112.858,113.082,113.146,114.179,114.562,114.188,114.834,115.353,115.264,115.052,115.505,114.89,114.362,115.093,115.802,116.082,116.233,116.602,117.355,117.135,117.547,117.823,118.14,118.411,118.255,118.37,117.891,117.492,117.82,118.083,NA,NA,NA,NA,NA,NA,NA,NA,NA,NA,NA,NA,NA,NA,NA,NA,NA,NA,NA,NA,NA,NA,NA,NA,NA
"171","18","    Recreation services","DRCARG3",72.924,73.01,73.233,73.532,73.813,73.524,73.717,73.974,74.357,74.513,74.642,74.826,74.918,75.34,75.516,75.723,76.012,76.158,76.454,76.591,76.881,77.245,77.224,77.521,77.799,77.943,78.102,78.399,78.596,78.813,78.951,79.135,79.29,79.46,79.233,79.467,79.631,79.972,80.295,80.369,80.403,80.565,80.589,80.897,81.25,81.28,81.562,81.776,82.091,82.23,82.32,82.728,82.967,83.234,83.434,83.639,83.791,84.079,84.385,84.835,85.051,85.274,85.719,85.622,85.835,86.391,86.814,87.088,87.49,87.539,87.734,87.874,88.195,88.438,88.534,89.087,89.335,89.244,89.371,89.576,89.958,89.993,90.357,90.376,90.542,90.689,91.07,91.554,91.661,91.855,92.151,92.304,92.415,92.803,92.969,93.305,93.575,94.039,94.201,94.102,94.525,94.661,94.864,95.075,95.357,95.412,95.518,95.804,96.188,96.327,96.506,96.714,96.919,97.24,97.372,97.521,97.778,97.988,98.267,98.423,98.704,98.775,98.987,99.195,99.407,99.434,99.722,100.279,101.03,101.424,101.429,101.613,101.865,102.065,102.461,102.609,103.045,103.512,103.787,104.046,104.015,104.032,104.366,104.641,104.927,105.076,105.311,105.776,106.176,106.179,106.221,106.093,106.626,107.052,107.576,107.835,108.221,108.357,108.712,108.94,109.305,109.562,110.062,110.471,110.663,110.423,109.967,109.817,109.94,110.435,110.488,109.865,110.009,110.826,111.047,111.429,111.477,111.312,111.497,111.45,111.417,111.351,111.205,111.664,111.886,112.163,112.45,112.509,112.2,112.286,112.481,NA,NA,NA,NA,NA,NA,NA,NA,NA,NA,NA,NA,NA,NA,NA,NA,NA,NA,NA,NA,NA,NA,NA,NA,NA
"172","19","    Food services and accommodations","DFSARG3",75.064,75.222,75.521,75.798,76.011,76.139,76.293,76.384,76.631,76.782,76.831,76.855,77.016,77.147,77.38,77.671,77.948,78.045,78.315,78.475,78.635,78.953,79.196,79.369,79.527,79.685,79.898,80.108,80.133,80.387,80.522,80.638,80.883,81.13,81.327,81.724,81.735,81.835,81.936,82.173,82.438,82.462,82.562,82.737,83.202,83.359,83.593,83.815,83.847,83.905,84.117,84.426,84.528,84.576,84.872,85.056,85.342,85.417,85.582,85.808,86.093,86.223,86.524,86.597,86.796,87.047,87.336,87.494,87.708,87.908,88.117,88.073,88.446,88.656,89.005,89.111,89.34,89.706,89.851,90.199,90.076,90.158,90.5,90.683,90.878,91.251,91.216,91.343,91.514,91.683,91.779,92.125,92.262,92.352,92.665,92.75,92.787,92.973,92.971,92.977,93.514,93.652,93.892,94.038,94.147,94.519,94.733,95.078,95.296,95.352,95.853,96.217,96.586,96.731,97.138,97.315,97.757,98.023,98.118,98.279,98.637,98.973,99.565,99.612,99.608,99.879,100.092,100.222,100.069,100.81,101.141,101.391,101.708,102.049,102.417,102.677,103.072,103.315,103.546,103.801,103.941,104.267,104.539,104.865,105.388,105.794,105.788,106.38,106.811,107.301,107.838,108.125,108.499,108.693,108.941,109.164,109.647,109.932,110.303,110.395,110.926,111.423,112.086,112.315,112.776,113.06,113.32,113.544,113.795,113.897,113.846,114.22,114.299,114.326,114.283,114.387,114.64,114.888,114.888,115.029,114.983,114.973,115.047,115.366,115.862,116.155,116.105,116.274,116.602,116.54,116.511,NA,NA,NA,NA,NA,NA,NA,NA,NA,NA,NA,NA,NA,NA,NA,NA,NA,NA,NA,NA,NA,NA,NA,NA,NA
"173","20","    Financial services and insurance","DIFSRG3",73.233,73.618,73.721,74.018,74.062,74.255,74.636,74.821,75.097,75.419,75.487,75.801,76.169,76.333,75.864,76.414,76.749,77.094,77.801,78.094,78.407,78.701,79.207,79.446,79.923,80.606,81.221,81.449,81.63,82.363,82.17,82.47,82.913,83.117,83.72,83.819,83.892,83.962,84.16,84.046,84.222,83.124,84.172,84.572,83.537,84.468,84.209,84.487,84.763,84.921,85.013,84.996,84.89,84.559,84.897,84.747,84.884,84.912,84.97,85.367,86.244,86.98,86.843,85.802,85.454,85.155,85.119,85.032,85.271,85.468,85.355,85.193,85.814,85.998,85.984,85.938,85.877,85.731,85.729,85.569,79.949,85.079,85.215,85.239,85.322,85.88,86.297,86.768,87.249,87.521,87.769,87.912,88.295,88.782,89.193,89.242,89.128,89.429,89.888,90.666,91.331,91.669,91.882,92.152,92.429,92.725,93.025,93.44,94.229,94.676,95.028,95.512,95.94,96.454,97.107,97.424,97.663,97.665,97.936,98.224,98.633,99.133,99.52,99.859,99.975,100.035,100.07,100.133,100.339,100.695,100.814,100.795,100.991,100.913,101.177,101.59,101.916,102.14,101.896,102.218,103.019,103.65,103.9,104.232,105.017,105.293,105.514,105.781,105.943,106.28,106.541,107.256,108.186,108.506,108.847,109.033,109.127,109.385,109.919,110.748,110.897,111.066,110.25,109.927,109.977,109.806,109.587,109.486,108.94,108.228,107.703,108.378,109.006,109.557,109.516,109.464,109.327,110.608,111.396,112.277,112.855,113.325,114.008,113.735,113.974,113.566,113.076,112.611,112.324,112.444,112.61,NA,NA,NA,NA,NA,NA,NA,NA,NA,NA,NA,NA,NA,NA,NA,NA,NA,NA,NA,NA,NA,NA,NA,NA,NA
"174","21","    Other services","DOTSRG3",73.581,73.664,73.707,74.167,74.441,74.595,74.706,74.791,74.817,74.939,75.042,75.297,75.458,75.579,75.854,75.818,76.24,76.509,76.722,76.976,77.199,77.549,77.793,77.971,78.025,78.088,78.28,78.512,78.804,79.083,79.1,79.042,79.028,79.057,79.184,79.233,79.353,79.377,79.617,79.945,80.281,80.398,80.455,80.608,80.802,81.102,81.291,81.504,81.657,81.846,81.956,82.005,82.142,82.191,82.316,82.446,82.619,82.785,83.076,83.251,83.535,83.549,83.498,83.597,83.806,83.729,83.957,84.074,83.925,84.315,84.484,84.83,85.017,85.257,85.55,85.64,85.865,86.171,86.794,87.097,87.275,87.765,87.923,88.113,88.382,88.593,88.723,88.817,89.14,89.611,90.355,90.809,90.957,91.021,91.18,91.357,91.725,92.08,92.372,92.737,92.911,93.004,93.146,93.619,93.94,94.226,94.411,94.631,94.905,95.221,95.438,95.639,95.85,96.243,96.599,96.912,97.139,97.131,97.473,97.747,98.22,98.571,98.945,99.341,99.902,100.145,100.384,100.377,100.696,100.89,101.129,101.402,101.695,102.144,102.475,102.775,103.023,103.33,103.663,103.819,104.249,104.539,104.602,104.753,104.716,105.075,105.49,105.862,106.108,106.254,106.477,106.988,107.222,107.419,107.587,108.031,108.508,108.881,109.382,110.121,110.761,111.197,111.618,111.851,111.725,111.773,112.004,112.005,111.945,112.011,112.252,112.513,112.844,113.004,113.37,113.626,114.004,114.56,114.887,114.937,115.188,115.409,116.024,116.31,116.57,116.582,116.773,116.723,116.962,117.096,117.257,NA,NA,NA,NA,NA,NA,NA,NA,NA,NA,NA,NA,NA,NA,NA,NA,NA,NA,NA,NA,NA,NA,NA,NA,NA
"175","22","  Final consumption expenditures of nonprofit institutions serving households (NPISHs) \1\","DNPIRG3",73.801,75.226,75.886,74.991,75.381,75.292,75.488,75.996,75.409,75.467,75.464,75.39,75.793,75.037,75.983,76.582,76.807,76.193,76.931,76.833,77.063,77.219,77.67,77.908,78.031,79.232,78.629,78.702,78.707,78.714,80.576,79.774,80.005,81.999,81.998,81.938,83.129,83.563,83.728,84.747,85.252,85.273,85.571,86.084,86.049,86.049,85.907,85.89,86.052,86.09,86.314,87.149,87.252,87.54,88.066,88.606,89.532,90.38,90.046,90.52,89.966,90.552,91.579,92.466,92.887,94.02,92.884,93.109,93.968,94.018,94.897,95.476,96.667,96.644,96.667,96.702,97.525,98.059,98.177,97.968,97.585,97.184,97.163,97.042,97.345,98.107,98.441,98.834,98.713,99.219,98.43,98.028,97.802,97.828,97.274,96.766,96.701,97.306,97.954,96.777,95.879,96.061,95.952,96.461,97.009,96.093,96.173,96.439,95.441,95.221,95.014,95.51,96.253,96.781,97.21,96.879,96.73,96.243,96.311,96.783,97.915,97.698,98.807,99.096,98.62,98.183,99.498,100.722,102.588,102.896,102.001,101.978,102.125,102.028,101.816,102.401,101.959,102.29,102.026,102.091,102.055,102.17,101.965,102.322,103.191,103.53,103.67,103.389,103.322,103.537,103.737,104.229,104.472,103.461,103.181,103.55,103.864,103.654,104.319,104.106,104.734,104.984,105.199,104.842,104.972,103.864,103.523,103.516,102.06,102.034,100.867,101.218,100.711,100.434,101.29,100.574,101.145,101.507,100.935,100.491,100.375,100.207,100.18,100.353,101.1,100.685,101.609,101.684,101.212,103.503,103.355,NA,NA,NA,NA,NA,NA,NA,NA,NA,NA,NA,NA,NA,NA,NA,NA,NA,NA,NA,NA,NA,NA,NA,NA,NA
"176","23","    Gross output of nonprofit institutions \2\","DNPERG3",71.732,72.143,72.471,72.436,72.61,72.672,72.79,73.104,73.145,73.399,73.547,73.661,73.932,73.874,74.205,74.483,74.637,74.733,74.928,74.997,75.188,75.352,75.607,75.757,75.795,76.14,76.177,76.309,76.425,76.575,76.893,76.836,77.061,77.366,77.469,77.627,77.936,78.123,78.34,78.675,78.948,79.044,79.202,79.382,79.506,79.574,79.68,79.823,80.019,80.148,80.309,80.619,80.792,80.955,81.219,81.422,81.808,82.131,82.232,82.498,82.647,82.936,83.298,83.658,83.93,84.342,84.631,84.792,85.168,85.36,85.735,86.03,86.38,86.625,86.809,87.077,87.436,87.748,87.901,88.083,88.242,88.192,88.35,88.49,88.702,89.073,89.409,89.691,89.9,90.151,90.427,90.619,90.825,91.017,91.214,91.406,91.688,92.096,92.471,92.437,92.653,92.845,93.082,93.484,93.785,94.043,94.251,94.457,94.674,94.858,95.09,95.517,95.925,96.277,96.634,96.739,96.888,96.907,97.136,97.498,98.071,98.426,98.889,99.103,99.198,99.299,99.852,100.389,101.264,101.759,101.807,101.944,102.204,102.394,102.609,103.08,103.237,103.585,103.803,104.117,104.302,104.503,104.628,104.948,105.491,105.84,106.04,106.19,106.349,106.648,106.886,107.16,107.441,107.682,107.993,108.261,108.395,108.546,108.996,109.116,109.507,109.762,110.074,110.11,110.256,110.008,110.06,110.291,110.142,110.349,110.248,110.491,110.627,110.805,111.179,111.423,111.712,112.171,112.234,112.256,112.378,112.546,112.736,113.073,113.388,113.505,113.838,114.013,114.051,114.335,114.549,NA,NA,NA,NA,NA,NA,NA,NA,NA,NA,NA,NA,NA,NA,NA,NA,NA,NA,NA,NA,NA,NA,NA,NA,NA
"177","24","    Less: Receipts from sales of goods and services by nonprofit institutions \3\","DNPSRG3",70.707,70.825,71.058,71.266,71.377,71.482,71.577,71.834,72.054,72.364,72.556,72.724,72.956,73.109,73.251,73.432,73.564,73.875,73.904,74.024,74.202,74.366,74.561,74.685,74.697,74.806,75.014,75.161,75.305,75.492,75.398,75.535,75.754,75.61,75.737,75.951,76.019,76.135,76.363,76.507,76.713,76.829,76.946,77.029,77.198,77.285,77.462,77.653,77.858,78.015,78.157,78.31,78.504,78.629,78.815,78.917,79.141,79.306,79.535,79.738,80.098,80.294,80.452,80.65,80.875,81.066,81.791,81.932,82.154,82.391,82.605,82.809,82.89,83.22,83.455,83.797,84.006,84.246,84.41,84.716,85.051,85.114,85.33,85.554,85.736,85.979,86.314,86.559,86.875,87.039,87.669,88.06,88.413,88.659,89.116,89.552,89.953,90.291,90.57,90.934,91.542,91.736,92.094,92.457,92.67,93.338,93.591,93.776,94.415,94.739,95.123,95.523,95.815,96.107,96.439,96.692,96.94,97.128,97.41,97.735,98.124,98.665,98.918,99.107,99.386,99.661,99.966,100.28,100.836,101.387,101.741,101.928,102.224,102.508,102.865,103.296,103.659,104.011,104.401,104.806,105.072,105.302,105.548,105.854,106.279,106.632,106.853,107.154,107.393,107.723,107.976,108.171,108.464,109.171,109.705,109.934,110.001,110.291,110.658,110.905,111.204,111.459,111.807,111.996,112.144,112.241,112.449,112.772,113.135,113.429,113.721,113.923,114.286,114.623,114.824,115.415,115.6,116.094,116.393,116.589,116.801,117.095,117.367,117.765,117.917,118.234,118.345,118.557,118.787,118.322,118.67,NA,NA,NA,NA,NA,NA,NA,NA,NA,NA,NA,NA,NA,NA,NA,NA,NA,NA,NA,NA,NA,NA,NA,NA,NA
"178",NA,"Addenda:"," ",NA,NA,NA,NA,NA,NA,NA,NA,NA,NA,NA,NA,NA,NA,NA,NA,NA,NA,NA,NA,NA,NA,NA,NA,NA,NA,NA,NA,NA,NA,NA,NA,NA,NA,NA,NA,NA,NA,NA,NA,NA,NA,NA,NA,NA,NA,NA,NA,NA,NA,NA,NA,NA,NA,NA,NA,NA,NA,NA,NA,NA,NA,NA,NA,NA,NA,NA,NA,NA,NA,NA,NA,NA,NA,NA,NA,NA,NA,NA,NA,NA,NA,NA,NA,NA,NA,NA,NA,NA,NA,NA,NA,NA,NA,NA,NA,NA,NA,NA,NA,NA,NA,NA,NA,NA,NA,NA,NA,NA,NA,NA,NA,NA,NA,NA,NA,NA,NA,NA,NA,NA,NA,NA,NA,NA,NA,NA,NA,NA,NA,NA,NA,NA,NA,NA,NA,NA,NA,NA,NA,NA,NA,NA,NA,NA,NA,NA,NA,NA,NA,NA,NA,NA,NA,NA,NA,NA,NA,NA,NA,NA,NA,NA,NA,NA,NA,NA,NA,NA,NA,NA,NA,NA,NA,NA,NA,NA,NA,NA,NA,NA,NA,NA,NA,NA,NA,NA,NA,NA,NA,NA,NA,NA,NA,NA,NA,NA,NA,NA,NA,NA,NA,NA,NA,NA,NA,NA,NA,NA,NA,NA,NA,NA,NA,NA,NA
"179","25","  PCE excluding food and energy \4\","DPCCRG3",82.873,83.024,83.229,83.419,83.557,83.632,83.774,83.979,84.087,84.28,84.337,84.465,84.582,84.698,84.885,84.989,85.13,85.203,85.384,85.472,85.726,85.921,86.05,86.107,86.234,86.434,86.649,86.815,86.887,87.017,87.081,87.06,87.242,87.39,87.446,87.519,87.659,87.741,87.845,88.033,88.137,88.042,88.29,88.472,88.467,88.654,88.689,88.872,89.057,89.076,89.111,89.33,89.4,89.443,89.603,89.633,89.841,89.955,90.034,90.175,90.437,90.596,90.785,90.821,90.896,90.937,91.121,91.215,91.433,91.564,91.724,91.799,92.117,92.269,92.368,92.523,92.549,92.748,92.964,93.001,92.48,93.142,93.335,93.377,93.438,93.62,93.753,94.033,94.147,94.292,94.478,94.655,94.8,94.882,94.984,95.062,95.077,95.194,95.34,95.459,95.592,95.656,95.873,95.978,96.103,96.255,96.372,96.51,96.755,96.955,97.162,97.399,97.582,97.794,97.982,98.051,98.199,98.362,98.538,98.679,98.983,99.222,99.483,99.612,99.812,99.879,100.007,100.11,100.4,100.675,100.85,100.967,101.134,101.291,101.55,101.827,102.065,102.279,102.397,102.652,102.842,103.056,103.115,103.291,103.702,103.945,104.068,104.209,104.33,104.493,104.679,104.869,105.154,105.418,105.606,105.875,106.109,106.25,106.544,106.76,106.994,107.239,107.444,107.559,107.705,107.708,107.742,107.756,107.84,107.971,108.107,108.405,108.577,108.766,108.86,108.974,109.135,109.43,109.546,109.677,109.774,109.856,110.03,110.071,110.188,110.255,110.299,110.328,110.327,110.333,110.424,NA,NA,NA,NA,NA,NA,NA,NA,NA,NA,NA,NA,NA,NA,NA,NA,NA,NA,NA,NA,NA,NA,NA,NA,NA
"180","26","  Energy goods and services \5\","DNRGRG3",59.198,59.138,58.876,58.83,58.991,59.195,58.965,58.934,58.178,58.479,57.878,58.53,59.698,59.843,60.567,62.304,62.605,61.187,61.368,61.247,61.251,61.951,62.588,63.594,64.226,64.245,63.227,62.257,60.806,60.693,60.571,61.775,62.505,62.411,62.04,61.196,59.691,58.265,57.132,56.535,57.074,57.319,57.19,56.463,56.015,56.156,55.848,55.186,54.961,54.547,55.344,58.586,58.128,57.912,59.248,60.957,62.379,62.578,62.311,63.889,64.648,67,70.467,68.259,67.518,71.474,71.594,69.474,72.683,72.824,72.548,72.918,75.164,74.491,73.073,73.516,77.118,76.343,71.883,70.647,73.21,68.535,64.65,62.855,62.957,62.601,65.116,67.488,67.641,67.546,68.059,68.464,68.865,70.746,70.652,70.853,74.679,79.028,80.572,76.061,71.714,71.882,73.306,76.673,79.718,76.713,76.317,77.49,80.591,81.676,81.383,80.305,82.664,84.951,84.61,84.831,85.825,89.465,92.463,91.49,89.494,91.218,92.396,94.628,91.135,91.253,96.657,103.224,117.811,116.891,108.888,106.406,111.697,110.084,108.641,112.1,113.009,112.796,116.868,119.755,112.242,103.975,105.47,110.317,108.465,110.295,115.277,117.086,120.255,119.949,120.25,118.216,120.827,121.639,129.136,130.899,131.953,133.484,136.385,137.065,141.458,150.47,156.935,151.942,150.496,136.796,110.345,100.061,101.822,105.804,102.557,101.52,101.952,110.363,110.942,115.317,116.015,116.811,119.455,120.446,124.01,123.286,123.189,121.491,117.572,114.081,117.102,119.873,120.838,124.274,124.497,NA,NA,NA,NA,NA,NA,NA,NA,NA,NA,NA,NA,NA,NA,NA,NA,NA,NA,NA,NA,NA,NA,NA,NA,NA
"181","27","  Market-based PCE \6\","DPCMRG3",82.926,83.057,83.19,83.421,83.53,83.59,83.698,83.868,83.939,84.144,84.11,84.25,84.416,84.565,84.805,85.068,85.196,85.177,85.324,85.366,85.576,85.8,85.933,86.017,86.161,86.301,86.39,86.453,86.385,86.497,86.518,86.595,86.791,86.822,86.812,86.815,86.835,86.791,86.793,86.857,86.977,86.896,87.113,87.234,87.174,87.372,87.375,87.466,87.605,87.569,87.646,88.094,88.124,88.135,88.334,88.455,88.748,88.865,88.941,89.157,89.417,89.715,90.106,89.975,90.015,90.29,90.566,90.546,90.927,91.062,91.17,91.264,91.662,91.796,91.806,91.977,92.226,92.378,92.286,92.271,92.517,92.332,92.263,92.157,92.222,92.336,92.567,92.94,92.956,93.026,93.229,93.418,93.589,93.766,93.874,93.963,94.281,94.687,94.88,94.652,94.479,94.576,94.855,95.21,95.481,95.448,95.523,95.723,96.104,96.34,96.52,96.629,96.948,97.247,97.338,97.404,97.575,98.024,98.401,98.43,98.492,98.774,99.052,99.356,99.281,99.351,99.796,100.285,101.433,101.595,101.309,101.276,101.769,101.8,101.966,102.362,102.639,102.836,103.204,103.627,103.329,102.999,103.11,103.497,103.761,104.13,104.565,104.817,105.157,105.305,105.462,105.474,105.878,106.225,106.87,107.211,107.556,107.813,108.192,108.472,108.924,109.711,110.424,110.358,110.532,109.901,108.438,107.87,108.166,108.566,108.561,108.678,108.769,109.405,109.451,109.831,109.974,110.178,110.373,110.517,110.774,110.792,110.906,110.881,110.752,110.655,110.923,111.182,111.276,111.395,111.505,NA,NA,NA,NA,NA,NA,NA,NA,NA,NA,NA,NA,NA,NA,NA,NA,NA,NA,NA,NA,NA,NA,NA,NA,NA
"182","28","  Market-based PCE excluding food and energy \6\","DPCXRG3",85.127,85.246,85.437,85.646,85.77,85.817,85.962,86.158,86.294,86.486,86.511,86.6,86.661,86.789,86.962,87.071,87.201,87.256,87.377,87.403,87.633,87.791,87.877,87.882,88.012,88.144,88.368,88.526,88.571,88.705,88.731,88.69,88.853,88.893,88.906,88.993,89.115,89.209,89.301,89.422,89.505,89.379,89.637,89.821,89.799,89.979,89.995,90.164,90.313,90.3,90.335,90.563,90.622,90.653,90.761,90.74,90.937,91.052,91.137,91.247,91.482,91.612,91.771,91.789,91.85,91.841,92.109,92.232,92.416,92.562,92.707,92.737,93.014,93.173,93.288,93.445,93.433,93.637,93.857,93.91,94,94.113,94.343,94.374,94.401,94.536,94.595,94.818,94.884,94.985,95.171,95.365,95.517,95.58,95.692,95.781,95.843,95.928,96.009,96.099,96.23,96.272,96.498,96.598,96.655,96.817,96.899,96.987,97.214,97.398,97.598,97.791,97.904,98.059,98.184,98.238,98.382,98.572,98.743,98.857,99.116,99.334,99.54,99.626,99.811,99.901,99.996,100.078,100.318,100.571,100.79,100.92,101.087,101.256,101.542,101.783,102.038,102.252,102.376,102.636,102.785,102.959,102.982,103.112,103.48,103.69,103.785,103.924,104.056,104.199,104.344,104.458,104.712,105.022,105.22,105.486,105.735,105.881,106.104,106.239,106.436,106.69,106.982,107.168,107.39,107.508,107.575,107.622,107.852,108.082,108.324,108.576,108.693,108.855,108.92,109.062,109.216,109.393,109.432,109.509,109.552,109.61,109.715,109.776,109.892,110.042,110.141,110.243,110.259,110.157,110.258,NA,NA,NA,NA,NA,NA,NA,NA,NA,NA,NA,NA,NA,NA,NA,NA,NA,NA,NA,NA,NA,NA,NA,NA,NA
"183",NA,"Personal consumption expenditures by major function (From NIPA table 2.5.4):"," ",NA,NA,NA,NA,NA,NA,NA,NA,NA,NA,NA,NA,NA,NA,NA,NA,NA,NA,NA,NA,NA,NA,NA,NA,NA,NA,NA,NA,NA,NA,NA,NA,NA,NA,NA,NA,NA,NA,NA,NA,NA,NA,NA,NA,NA,NA,NA,NA,NA,NA,NA,NA,NA,NA,NA,NA,NA,NA,NA,NA,NA,NA,NA,NA,NA,NA,NA,NA,NA,NA,NA,NA,NA,NA,NA,NA,NA,NA,NA,NA,NA,NA,NA,NA,NA,NA,NA,NA,NA,NA,NA,NA,NA,NA,NA,NA,NA,NA,NA,NA,NA,NA,NA,NA,NA,NA,NA,NA,NA,NA,NA,NA,NA,NA,NA,NA,NA,NA,NA,NA,NA,NA,NA,NA,NA,NA,NA,NA,NA,NA,NA,NA,NA,NA,NA,NA,NA,NA,NA,NA,NA,NA,NA,NA,NA,NA,NA,NA,NA,NA,NA,NA,NA,NA,NA,NA,NA,NA,NA,NA,NA,NA,NA,NA,NA,NA,NA,NA,NA,NA,NA,NA,NA,NA,NA,NA,NA,NA,NA,NA,NA,NA,NA,NA,NA,NA,NA,NA,NA,NA,NA,NA,NA,NA,NA,NA,NA,NA,NA,NA,NA,NA,NA,NA,NA,NA,NA,NA,NA,NA,NA,NA,NA,NA,NA,NA
"184","29","      Personal consumption expenditures","DPCERG3",81.268,81.425,81.577,81.789,81.911,81.994,82.104,82.285,82.34,82.544,82.544,82.711,82.911,83.047,83.29,83.529,83.668,83.674,83.868,83.96,84.193,84.441,84.604,84.722,84.862,85.06,85.156,85.238,85.207,85.317,85.372,85.451,85.66,85.784,85.813,85.814,85.862,85.824,85.847,85.976,86.11,86.05,86.263,86.39,86.349,86.55,86.572,86.684,86.855,86.848,86.921,87.334,87.377,87.4,87.633,87.781,88.07,88.187,88.258,88.488,88.769,89.07,89.458,89.362,89.416,89.699,89.9,89.873,90.259,90.383,90.508,90.633,91.051,91.183,91.192,91.359,91.608,91.763,91.707,91.687,91.385,91.711,91.648,91.569,91.659,91.816,92.089,92.492,92.555,92.668,92.869,93.044,93.206,93.385,93.485,93.564,93.811,94.204,94.44,94.275,94.142,94.252,94.517,94.845,95.148,95.131,95.236,95.466,95.843,96.087,96.275,96.433,96.787,97.118,97.268,97.345,97.516,97.909,98.265,98.327,98.454,98.745,99.062,99.377,99.347,99.399,99.83,100.288,101.367,101.561,101.297,101.273,101.725,101.764,101.921,102.328,102.588,102.787,103.119,103.517,103.312,103.079,103.211,103.605,103.919,104.298,104.715,104.955,105.259,105.424,105.615,105.705,106.119,106.421,107.001,107.335,107.655,107.893,108.315,108.646,109.098,109.811,110.394,110.297,110.41,109.773,108.477,107.959,108.118,108.409,108.342,108.516,108.657,109.258,109.331,109.656,109.806,110.11,110.353,110.536,110.815,110.858,111.032,111,110.902,110.762,110.962,111.137,111.207,111.394,111.493,NA,NA,NA,NA,NA,NA,NA,NA,NA,NA,NA,NA,NA,NA,NA,NA,NA,NA,NA,NA,NA,NA,NA,NA,NA
"185","30","Household consumption expenditures \7\","DPHCRG3",81.423,81.549,81.689,81.927,82.043,82.13,82.238,82.411,82.482,82.689,82.689,82.862,83.057,83.215,83.441,83.671,83.807,83.829,84.009,84.106,84.339,84.589,84.745,84.86,85,85.175,85.287,85.369,85.337,85.45,85.465,85.563,85.77,85.854,85.883,85.886,85.909,85.86,85.88,85.988,86.113,86.052,86.263,86.38,86.339,86.545,86.571,86.685,86.857,86.849,86.919,87.322,87.363,87.38,87.606,87.745,88.019,88.119,88.2,88.424,88.724,89.018,89.391,89.272,89.317,89.58,89.813,89.78,90.154,90.28,90.387,90.5,90.899,91.035,91.043,91.214,91.449,91.594,91.533,91.518,91.218,91.563,91.499,91.42,91.505,91.646,91.918,92.321,92.388,92.491,92.718,92.908,93.081,93.263,93.382,93.477,93.732,94.119,94.343,94.207,94.095,94.203,94.477,94.8,95.097,95.104,95.21,95.439,95.853,96.109,96.308,96.457,96.8,97.126,97.269,97.356,97.536,97.952,98.315,98.366,98.467,98.772,99.069,99.384,99.365,99.429,99.838,100.277,101.337,101.527,101.28,101.255,101.714,101.757,101.923,102.325,102.603,102.799,103.147,103.554,103.344,103.102,103.243,103.638,103.937,104.317,104.742,104.995,105.309,105.473,105.664,105.744,106.162,106.5,107.104,107.437,107.757,108.009,108.423,108.77,109.218,109.944,110.538,110.448,110.561,109.939,108.613,108.08,108.288,108.588,108.553,108.722,108.882,109.507,109.558,109.913,110.051,110.352,110.619,110.821,111.111,111.16,111.34,111.302,111.18,111.048,111.226,111.404,111.49,111.616,111.722,NA,NA,NA,NA,NA,NA,NA,NA,NA,NA,NA,NA,NA,NA,NA,NA,NA,NA,NA,NA,NA,NA,NA,NA,NA
"186","31","  Food and beverages purchased for off-premises consumption","DFXARG3",79.923,80.296,80.268,80.876,80.823,80.87,80.952,81.07,81.262,81.482,81.417,81.557,81.778,82.089,82.465,82.787,82.771,83.265,83.59,83.884,84.082,84.482,84.605,84.62,84.504,84.814,84.624,84.698,84.777,84.875,84.963,85.155,85.198,85.25,85.325,85.29,85.64,85.479,85.607,85.7,85.808,85.859,85.981,86.23,86.141,86.54,86.666,86.638,86.976,87.025,86.916,87.099,87.256,87.263,87.359,87.489,87.748,87.816,88.062,88.188,88.267,88.521,88.765,88.815,89.26,89.306,89.774,90.064,90.078,90.112,90.18,90.688,90.761,91.315,91.471,91.552,91.71,92.074,92.363,92.654,92.633,93.039,92.987,92.836,93.24,93.505,93.661,93.953,93.36,93.27,93.403,93.374,93.56,93.507,93.746,93.754,93.833,94.244,94.48,94.49,94.638,95.218,95.115,95.655,95.876,96.232,96.605,97.162,96.919,97.008,97.359,97.546,98.321,98.502,98.586,98.651,98.454,99.039,99.446,99.375,99.039,98.848,99.15,100.17,100.083,99.912,100.107,100.076,100.314,100.459,100.844,100.997,101.306,101.121,101.252,101.026,101.113,101.465,101.616,101.895,102.268,102.554,102.521,102.37,103.033,103.93,104.565,104.842,105.275,105.781,105.963,106.365,106.714,107.086,107.534,107.653,108.475,108.983,109.202,110.621,110.991,111.676,112.908,113.534,114.231,114.653,114.91,114.888,114.884,114.566,114.331,113.888,113.484,113.558,113.057,113.101,112.743,112.815,112.899,113.134,113.262,113.391,113.746,113.989,113.987,113.771,113.836,113.919,114.212,114.292,114.411,NA,NA,NA,NA,NA,NA,NA,NA,NA,NA,NA,NA,NA,NA,NA,NA,NA,NA,NA,NA,NA,NA,NA,NA,NA
"187","32","  Clothing, footwear, and related services","DCAFRG3",113.714,112.671,112.986,113.022,112.736,111.924,112.168,112.397,112.573,112.624,112.167,111.97,112.283,112.102,112.54,112.136,112.041,111.414,110.969,109.615,110.738,110.656,111.016,111.185,111.538,111.132,111.126,112.445,112.879,112.307,112.015,111.015,111.351,110.971,110.975,111.099,110.703,109.673,109.377,109.056,109.624,109.706,109.713,111.092,109.661,109.549,109.753,108.94,108.619,108.042,107.828,108.774,108.765,108.91,108.601,108.201,108.477,108.718,108.377,108.725,108.197,107.876,107.898,107.387,107.457,107.269,106.991,107.039,107.515,107.27,107.205,107.082,107.26,107.556,107.454,106.498,105.804,105.743,105.606,104.926,104.74,104.482,104.159,103.689,103.34,103.825,104.111,103.988,103.593,103.099,102.879,103.627,102.701,102.371,102.482,102.179,101.766,101.482,100.7,100.358,100.183,100.574,101.021,100.791,100.91,101.149,101.016,100.587,100.489,100.424,100.637,100.757,101.01,101.318,101.188,100.648,100.357,100.658,100.95,100.091,100.584,100.426,100.842,100.453,100.354,100.051,99.636,99.946,99.409,99.408,99.692,99.199,99.355,98.553,99.653,100.096,100.058,100.32,99.369,99.997,100.371,99.983,99.575,99.908,99.97,99.9,99.711,99.332,99.168,98.388,98.599,98.146,98.144,98.379,98.823,99.297,99.496,98.528,97.811,97.959,98.044,97.9,98.763,99.283,99.056,98.333,98.556,97.85,98.201,99.211,99.221,98.913,99.004,99.6,99.944,100.053,100.149,99.781,99.455,99.828,100.039,99.378,98.866,98.021,98.259,99.119,99.783,99.491,98.74,98.466,98.475,NA,NA,NA,NA,NA,NA,NA,NA,NA,NA,NA,NA,NA,NA,NA,NA,NA,NA,NA,NA,NA,NA,NA,NA,NA
"188","33","  Housing, utilities, and fuels","DHUFRG3",72.515,72.668,72.818,72.975,73.154,73.343,73.499,73.747,73.762,74.04,74.21,74.455,74.713,74.877,75.102,75.36,75.548,75.542,75.757,75.962,76.103,76.314,76.508,76.722,77.01,77.171,77.194,77.308,77.374,77.601,77.785,77.911,78.144,78.292,78.594,78.552,78.625,78.634,78.853,79.042,79.249,79.407,79.567,79.715,79.805,79.986,80.148,80.27,80.399,80.531,80.683,80.847,80.999,81.135,81.339,81.551,81.836,81.99,82.248,82.356,82.783,83.356,83.393,83.536,83.722,84.172,84.518,84.704,85.221,85.629,85.807,86.276,87.209,87.348,87.491,87.676,88.064,88.391,88.479,88.646,88.764,88.825,89.1,89.289,89.448,89.637,89.938,90.2,90.385,90.539,90.763,90.929,91.209,91.501,91.742,92.026,92.369,92.827,93.597,93.478,93.556,93.57,93.74,93.918,94.172,94.277,94.425,94.582,94.929,95.212,95.287,95.576,95.874,96.279,96.523,96.858,96.98,97.153,97.636,97.784,98.033,98.3,98.567,98.978,99.226,99.423,99.815,100.179,101.054,101.874,102.298,102.255,102.935,103.028,103.204,103.443,103.857,104.154,104.53,104.966,105.37,105.341,105.781,106.253,106.469,106.962,107.391,107.564,107.748,107.981,108.158,108.296,108.643,109.04,109.582,109.921,110.182,110.604,111.221,111.806,112.376,113.012,113.766,113.722,113.434,113.408,113.252,113.18,113.244,113.377,113.355,113.231,113.129,113.114,113.106,113.257,113.156,113.315,113.483,113.463,113.559,113.612,113.752,113.726,113.682,113.514,113.683,113.777,113.751,113.92,113.988,NA,NA,NA,NA,NA,NA,NA,NA,NA,NA,NA,NA,NA,NA,NA,NA,NA,NA,NA,NA,NA,NA,NA,NA,NA
"189","34","  Furnishings, household equipment, and routine household maintenance","DFHHRG3",100.096,100.392,100.484,100.475,100.214,100.171,100.766,101.162,101.409,101.582,101.024,101.047,101.538,101.537,101.511,101.744,101.39,101.394,101.583,101.8,101.95,101.777,101.637,101.484,101.662,101.932,101.754,102.118,102.233,102.05,102.184,101.801,101.921,101.848,101.592,101.48,101.729,102.042,102.24,102.885,102.516,102.334,102.828,102.53,102.315,102.397,102.271,102.257,102.643,102.267,102.105,102.636,102.093,102.283,102.433,102.184,102.412,102.124,101.992,101.881,102.215,102.217,102.778,103.138,103.001,102.841,103.394,103.25,103.626,103.346,103.495,103.184,103.485,103.431,102.908,103.193,102.763,103.059,103.113,102.908,103.167,102.931,103.053,102.778,102.707,102.327,102.34,102.701,102.565,102.424,102.338,101.89,101.936,101.84,101.512,100.872,100.909,100.809,100.461,100.794,99.857,99.796,99.908,99.465,99.332,99.293,99.009,98.764,99.166,99.433,99.377,99.224,99.152,99.351,99.025,98.84,98.829,99.543,99.533,99.38,99.81,99.857,100.07,100.255,100.641,100.086,100.011,99.768,99.638,99.782,99.902,100.179,100.152,100.302,100.253,100.407,100.573,100.434,100.447,100.562,100.441,100.718,100.554,100.287,100.28,100.516,100.596,100.461,100.297,100.461,100.192,99.828,99.655,99.638,99.734,99.536,99.979,100.097,100.444,100.269,100.551,100.627,100.791,100.952,101.459,101.532,101.159,101.051,101.248,101.588,101.981,101.868,102.052,102.105,101.559,100.869,101.14,100.6,100.202,99.98,99.99,99.646,99.607,99.151,98.983,98.581,98.258,98.074,97.965,97.795,97.204,NA,NA,NA,NA,NA,NA,NA,NA,NA,NA,NA,NA,NA,NA,NA,NA,NA,NA,NA,NA,NA,NA,NA,NA,NA
"190","35","  Health","DHLTRG3",75.063,75.135,75.313,75.441,75.514,75.712,75.757,76.006,76.124,76.37,76.533,76.705,76.792,76.934,77.047,77.197,77.313,77.572,77.631,77.763,77.926,78.114,78.248,78.353,78.377,78.526,78.776,78.91,79.027,79.179,79.211,79.264,79.396,79.281,79.397,79.644,79.736,79.856,80.073,80.272,80.489,80.608,80.683,80.805,81.039,81.155,81.31,81.487,81.631,81.827,81.966,82.106,82.296,82.466,82.671,82.827,83.006,83.184,83.386,83.659,83.937,84.072,84.176,84.343,84.516,84.622,85.191,85.421,85.626,85.844,86.029,86.252,86.643,86.972,87.203,87.506,87.655,87.964,88.075,88.337,88.622,88.771,88.967,89.181,89.164,89.325,89.549,89.799,90.057,90.152,90.614,90.865,91.124,91.302,91.662,92.038,92.155,92.267,92.607,92.929,93.429,93.56,93.915,94.121,94.331,94.783,94.979,95.191,95.635,95.89,96.176,96.52,96.748,96.916,97.151,97.345,97.538,97.745,97.962,98.2,98.505,98.904,99.125,99.289,99.564,99.808,100.026,100.208,100.575,101.033,101.4,101.564,101.62,101.897,102.205,102.514,102.842,103.121,103.459,103.77,104.011,104.15,104.167,104.351,105.306,105.523,105.626,105.847,106.006,106.24,106.525,106.821,107.162,107.644,107.779,108.229,108.264,108.497,108.789,108.893,108.995,109.191,109.442,109.596,109.749,109.914,110.199,110.438,110.812,111.085,111.343,111.579,111.946,112.199,112.308,112.781,113.006,113.417,113.662,113.838,114.031,114.317,114.612,114.868,114.962,115.281,115.317,115.655,115.954,115.736,115.999,NA,NA,NA,NA,NA,NA,NA,NA,NA,NA,NA,NA,NA,NA,NA,NA,NA,NA,NA,NA,NA,NA,NA,NA,NA
"191","36","  Transportation","DTRNRG3",80.118,80.352,80.671,80.726,81.122,81.365,81.139,81.056,80.784,81.116,80.752,81.042,81.423,81.685,82.489,83.202,83.426,82.808,82.77,82.78,83.268,83.871,83.92,84.252,84.314,84.545,84.483,83.974,83.004,82.736,82.754,83.478,84.12,84.5,83.675,83.213,82.729,82.228,81.555,81.175,81.15,81.275,81.647,81.452,81.448,81.588,81.453,80.964,80.931,80.598,81.193,82.83,82.809,82.783,83.54,84.44,85.114,85.289,85.179,85.873,86.197,86.79,88.928,87.993,87.803,89.606,89.224,88.355,89.665,89.68,89.613,89.544,89.621,89.364,88.842,89.198,90.767,90.268,88.377,87.967,88.673,87.229,85.643,84.918,84.937,84.636,85.861,87.186,87.297,87.336,87.561,87.788,88.074,88.879,88.511,88.44,89.844,91.449,91.437,89.278,87.171,87.222,88.129,89.564,90.92,89.35,89.19,89.816,91.063,91.544,91.613,91.029,92.07,92.974,92.793,92.597,93.24,95.285,96.649,96.517,95.594,96.54,97.162,98.027,96.368,96.431,98.567,101.325,108.145,106.953,102.79,102.097,104.194,103.962,103.489,105.469,106.042,106.036,108.114,109.422,105.281,101.839,102.213,104.152,103.425,104.098,106.36,107.317,108.802,108.741,109.212,108.501,109.715,110.197,113.761,114.695,115.364,115.758,116.772,116.476,118.344,122.499,124.878,122.8,123.368,116.58,102.516,97.101,98.61,100.868,99.514,99.746,100.535,105.49,106.049,108.665,109.513,110.11,111.549,112.594,114.397,114.136,113.864,113.169,111.339,109.899,111.553,112.892,113.473,115.16,115.478,NA,NA,NA,NA,NA,NA,NA,NA,NA,NA,NA,NA,NA,NA,NA,NA,NA,NA,NA,NA,NA,NA,NA,NA,NA
"192","37","  Communication","DCMCRG3",110.386,109.603,109.451,109.659,109.518,109.71,109.692,109.514,109.514,109.543,109.271,109.489,109.38,109.305,109.943,108.887,109.793,110.099,110.204,110.395,110.524,110.66,110.726,110.854,111.307,111.035,111.127,111.207,111.308,111.534,111.574,110.106,110.137,110.196,110.244,110.097,109.898,109.797,109.995,109.964,110.435,110.384,110.455,109.566,109.799,109.704,109.69,109.025,108.977,108.777,108.538,108.237,107.605,107.279,106.804,106.668,106.686,106.343,106.624,106.377,106.668,105.712,105.302,105.024,104.732,103.5,103.643,103.743,102.336,103.246,102.78,102.627,102.289,102.416,102.745,102.616,102.38,102.49,103.291,103.357,102.813,103.125,103.104,103.034,103.153,103.22,102.453,101.986,102.246,102.416,103.596,104.5,104.133,104.19,103.918,103.869,104.168,104.224,103.889,103.467,103.181,102.47,102.586,102.463,102.408,102.214,102.056,101.889,101.873,102.025,101.845,101.265,100.898,101.041,101.005,100.733,100.827,100.242,100.42,100.404,100.275,100.492,100.331,100.461,100.102,99.876,99.619,99.492,99.944,99.734,99.782,99.89,100.022,100.014,100.116,100.274,100.133,100.311,100.573,100.219,100.043,99.19,97.984,97.331,96.611,96.722,96.939,97.133,97.485,97.252,97.255,97.448,97.547,97.521,97.205,97.351,97.372,97.48,97.637,97.913,98.289,98.723,99.324,99.274,99.195,99.237,99.472,99.717,99.891,100.031,100.133,100.3,100.301,100.25,100.403,100.424,100.597,100.672,100.144,100.097,100.231,100.236,100.254,100.295,100.309,100.232,100.286,100.233,100.138,100.001,99.918,NA,NA,NA,NA,NA,NA,NA,NA,NA,NA,NA,NA,NA,NA,NA,NA,NA,NA,NA,NA,NA,NA,NA,NA,NA
"193","38","  Recreation","DRRLRG3",115.51,115.481,115.206,115.653,115.765,114.938,115.104,115.062,115.185,114.928,114.986,115.015,114.721,115.088,115.102,114.859,114.648,114.408,114.34,114.327,114.255,114.232,114.096,114.111,113.77,113.701,113.678,113.169,112.869,112.831,112.503,112.326,112.198,112.046,111.69,111.593,111.597,111.408,111.362,111.281,110.708,110.464,110.123,109.803,109.514,109.248,109.012,108.721,108.68,108.536,108.249,108.282,108.256,108.021,107.611,107.359,106.9,106.799,106.615,106.692,106.584,106.458,106.687,106.5,106.9,106.88,106.786,106.582,106.505,106.372,106.179,106.032,105.954,105.751,105.336,105.581,105.406,105.203,105.131,104.919,104.8,104.675,104.634,104.378,104.271,104.151,103.935,104.011,103.929,103.54,103.384,103.277,103.029,103.022,102.88,102.835,102.75,102.664,102.548,102.25,102.031,101.807,101.757,101.605,101.493,101.362,101.358,101.384,101.336,101.411,101.541,101.614,101.402,101.367,101.079,100.876,100.905,100.938,100.73,100.417,100.399,100.082,100.032,100.035,100.091,99.972,99.887,99.878,100.117,100.097,99.775,99.635,99.544,99.494,99.585,99.513,99.386,99.253,99.194,99.157,98.733,98.637,98.634,98.441,98.288,98.211,98.133,98.117,98.111,97.851,97.676,97.347,97.415,97.608,97.475,97.464,97.653,97.641,97.775,97.658,97.601,97.75,97.888,98.022,98.08,98.047,97.638,97.338,97.24,97.363,97.104,96.823,96.675,96.821,96.564,96.413,96.213,96.053,95.772,95.375,95.293,95.14,95.045,95.017,94.712,94.56,94.432,94.383,94.067,93.936,93.824,NA,NA,NA,NA,NA,NA,NA,NA,NA,NA,NA,NA,NA,NA,NA,NA,NA,NA,NA,NA,NA,NA,NA,NA,NA
"194","39","  Education","DEDURG3",54.789,55.117,55.342,55.553,55.78,55.961,56.243,56.511,56.547,56.782,57.036,57.329,57.646,57.925,58.196,58.445,58.659,58.885,59.102,59.284,59.557,60.122,60.392,60.616,60.828,60.94,61.063,61.274,61.528,61.765,62.031,62.252,62.506,62.721,62.944,63.19,63.409,63.593,63.853,64.121,64.409,64.575,64.879,64.965,65.378,65.62,65.865,66.304,66.46,66.779,67.1,67.364,67.665,67.879,68.193,68.201,68.519,68.931,68.963,69.198,69.707,70.032,70.288,70.612,70.989,71.564,71.817,71.735,71.949,72.229,72.501,72.845,73.134,73.474,73.833,74.184,74.515,74.927,75.449,75.812,76.205,76.593,76.97,77.194,77.628,78.163,78.555,79.035,79.428,79.89,80.347,80.783,81.132,81.55,82.017,82.399,83.02,83.497,83.967,84.511,84.956,85.362,85.993,87.577,88.027,88.616,88.998,89.612,90.262,90.775,91.37,91.868,92.351,92.777,93.344,94.012,95.071,95.455,95.998,96.552,97.205,97.641,98.22,98.722,99.388,99.997,100.429,100.569,101.363,101.657,102.153,102.655,103.402,103.908,104.417,104.98,105.616,106.148,106.766,107.263,107.564,108.067,108.698,109.243,109.54,110.183,110.916,111.274,111.765,112.185,112.488,113.159,113.372,114.354,115.031,115.657,116.155,116.633,117.096,117.816,118.234,118.847,119.371,119.907,120.471,120.98,121.466,122.016,122.619,123.196,123.765,124.31,125.009,125.544,126.274,126.963,127.075,127.607,127.884,128.447,128.887,129.466,130.266,130.984,131.253,131.883,132.609,132.533,132.383,132.526,133.081,NA,NA,NA,NA,NA,NA,NA,NA,NA,NA,NA,NA,NA,NA,NA,NA,NA,NA,NA,NA,NA,NA,NA,NA,NA
"195","40","  Food services and accommodations","DFSARG3",75.064,75.222,75.521,75.798,76.011,76.139,76.293,76.384,76.631,76.782,76.831,76.855,77.016,77.147,77.38,77.671,77.948,78.045,78.315,78.475,78.635,78.953,79.196,79.369,79.527,79.685,79.898,80.108,80.133,80.387,80.522,80.638,80.883,81.13,81.327,81.724,81.735,81.835,81.936,82.173,82.438,82.462,82.562,82.737,83.202,83.359,83.593,83.815,83.847,83.905,84.117,84.426,84.528,84.576,84.872,85.056,85.342,85.417,85.582,85.808,86.093,86.223,86.524,86.597,86.796,87.047,87.336,87.494,87.708,87.908,88.117,88.073,88.446,88.656,89.005,89.111,89.34,89.706,89.851,90.199,90.076,90.158,90.5,90.683,90.878,91.251,91.216,91.343,91.514,91.683,91.779,92.125,92.262,92.352,92.665,92.75,92.787,92.973,92.971,92.977,93.514,93.652,93.892,94.038,94.147,94.519,94.733,95.078,95.296,95.352,95.853,96.217,96.586,96.731,97.138,97.315,97.757,98.023,98.118,98.279,98.637,98.973,99.565,99.612,99.608,99.879,100.092,100.222,100.069,100.81,101.141,101.391,101.708,102.049,102.417,102.677,103.072,103.315,103.546,103.801,103.941,104.267,104.539,104.865,105.388,105.794,105.788,106.38,106.811,107.301,107.838,108.125,108.499,108.693,108.941,109.164,109.647,109.932,110.303,110.395,110.926,111.423,112.086,112.315,112.776,113.06,113.32,113.544,113.795,113.897,113.846,114.22,114.299,114.326,114.283,114.387,114.64,114.888,114.888,115.029,114.983,114.973,115.047,115.366,115.862,116.155,116.105,116.274,116.602,116.54,116.511,NA,NA,NA,NA,NA,NA,NA,NA,NA,NA,NA,NA,NA,NA,NA,NA,NA,NA,NA,NA,NA,NA,NA,NA,NA
"196","41","  Financial services and insurance","DIFSRG3",73.233,73.618,73.721,74.018,74.062,74.255,74.636,74.821,75.097,75.419,75.487,75.801,76.169,76.333,75.864,76.414,76.749,77.094,77.801,78.094,78.407,78.701,79.207,79.446,79.923,80.606,81.221,81.449,81.63,82.363,82.17,82.47,82.913,83.117,83.72,83.819,83.892,83.962,84.16,84.046,84.222,83.124,84.172,84.572,83.537,84.468,84.209,84.487,84.763,84.921,85.013,84.996,84.89,84.559,84.897,84.747,84.884,84.912,84.97,85.367,86.244,86.98,86.843,85.802,85.454,85.155,85.119,85.032,85.271,85.468,85.355,85.193,85.814,85.998,85.984,85.938,85.877,85.731,85.729,85.569,79.949,85.079,85.215,85.239,85.322,85.88,86.297,86.768,87.249,87.521,87.769,87.912,88.295,88.782,89.193,89.242,89.128,89.429,89.888,90.666,91.331,91.669,91.882,92.152,92.429,92.725,93.025,93.44,94.229,94.676,95.028,95.512,95.94,96.454,97.107,97.424,97.663,97.665,97.936,98.224,98.633,99.133,99.52,99.859,99.975,100.035,100.07,100.133,100.339,100.695,100.814,100.795,100.991,100.913,101.177,101.59,101.916,102.14,101.896,102.218,103.019,103.65,103.9,104.232,105.017,105.293,105.514,105.781,105.943,106.28,106.541,107.256,108.186,108.506,108.847,109.033,109.127,109.385,109.919,110.748,110.897,111.066,110.25,109.927,109.977,109.806,109.587,109.486,108.94,108.228,107.703,108.378,109.006,109.557,109.516,109.464,109.327,110.608,111.396,112.277,112.855,113.325,114.008,113.735,113.974,113.566,113.076,112.611,112.324,112.444,112.61,NA,NA,NA,NA,NA,NA,NA,NA,NA,NA,NA,NA,NA,NA,NA,NA,NA,NA,NA,NA,NA,NA,NA,NA,NA
"197","42","  Other goods and services","DOISRG3",76.064,76.311,76.437,76.613,76.64,76.97,76.99,77.367,77.44,77.594,77.675,77.786,77.84,77.761,78.111,78.149,78.381,78.279,78.708,78.648,78.763,78.909,79.045,78.652,79.129,79.218,79.628,79.746,79.874,80.051,80.057,80.286,80.309,80.644,80.749,80.765,81.081,81.517,81.22,81.772,82.137,81.756,82.078,82.366,82.827,82.977,82.773,84.63,85.577,85.551,85.104,85.953,85.905,85.819,86.407,86.355,87.266,87.49,87.497,87.413,87.778,88.242,88.718,89.393,88.786,88.604,89.211,89.115,89.757,89.592,90.404,90.119,90.619,90.704,90.949,91.446,91.21,91.756,92.56,91.942,92.366,92.326,92.706,92.382,92.678,92.962,92.823,93.628,93.178,93.959,93.955,94.273,94.764,94.387,94.407,94.483,94.486,94.856,94.843,95.087,95.046,95.159,95.456,95.735,95.74,95.801,95.857,95.894,96.345,96.515,96.741,96.995,97.201,97.419,97.76,97.789,97.635,97.654,97.743,98.109,98.319,99.026,99.238,99.063,99.283,99.438,100.052,100.421,101.063,101.175,101.326,101.597,101.84,101.881,102.065,102.301,102.598,103.014,103.135,103.767,104.093,104.427,104.632,105.362,106.001,106.53,106.543,106.614,106.944,107.452,107.508,107.546,107.981,108.222,108.461,108.765,109.356,109.815,110.293,110.849,111.163,111.541,112.049,112.307,112.456,112.632,112.83,113.098,113.192,113.438,115.126,116.709,116.453,116.699,117.329,117.309,117.879,118.428,118.783,118.873,118.777,118.86,119.293,119.446,119.604,119.763,120.196,120.754,120.903,120.635,121.1,NA,NA,NA,NA,NA,NA,NA,NA,NA,NA,NA,NA,NA,NA,NA,NA,NA,NA,NA,NA,NA,NA,NA,NA,NA
"198","43","  Net foreign travel and expenditures abroad by U.S. residents","ZZZZZZ3",NA,NA,NA,NA,NA,NA,NA,NA,NA,NA,NA,NA,NA,NA,NA,NA,NA,NA,NA,NA,NA,NA,NA,NA,NA,NA,NA,NA,NA,NA,NA,NA,NA,NA,NA,NA,NA,NA,NA,NA,NA,NA,NA,NA,NA,NA,NA,NA,NA,NA,NA,NA,NA,NA,NA,NA,NA,NA,NA,NA,NA,NA,NA,NA,NA,NA,NA,NA,NA,NA,NA,NA,NA,NA,NA,NA,NA,NA,NA,NA,NA,NA,NA,NA,NA,NA,NA,NA,NA,NA,NA,NA,NA,NA,NA,NA,NA,NA,NA,NA,NA,NA,NA,NA,NA,NA,NA,NA,NA,NA,NA,NA,NA,NA,NA,NA,NA,NA,NA,NA,NA,NA,NA,NA,NA,NA,NA,NA,NA,NA,NA,NA,NA,NA,NA,NA,NA,NA,NA,NA,NA,NA,NA,NA,NA,NA,NA,NA,NA,NA,NA,NA,NA,NA,NA,NA,NA,NA,NA,NA,NA,NA,NA,NA,NA,NA,NA,NA,NA,NA,NA,NA,NA,NA,NA,NA,NA,NA,NA,NA,NA,NA,NA,NA,NA,NA,NA,NA,NA,NA,NA,NA,NA,NA,NA,NA,NA,NA,NA,NA,NA,NA,NA,NA,NA,NA,NA,NA,NA,NA,NA,NA,NA,NA,NA,NA
"199","44","Final consumption expenditures of nonprofit institutions serving households (NPISHs) \1\","DNPIRG3",73.801,75.226,75.886,74.991,75.381,75.292,75.488,75.996,75.409,75.467,75.464,75.39,75.793,75.037,75.983,76.582,76.807,76.193,76.931,76.833,77.063,77.219,77.67,77.908,78.031,79.232,78.629,78.702,78.707,78.714,80.576,79.774,80.005,81.999,81.998,81.938,83.129,83.563,83.728,84.747,85.252,85.273,85.571,86.084,86.049,86.049,85.907,85.89,86.052,86.09,86.314,87.149,87.252,87.54,88.066,88.606,89.532,90.38,90.046,90.52,89.966,90.552,91.579,92.466,92.887,94.02,92.884,93.109,93.968,94.018,94.897,95.476,96.667,96.644,96.667,96.702,97.525,98.059,98.177,97.968,97.585,97.184,97.163,97.042,97.345,98.107,98.441,98.834,98.713,99.219,98.43,98.028,97.802,97.828,97.274,96.766,96.701,97.306,97.954,96.777,95.879,96.061,95.952,96.461,97.009,96.093,96.173,96.439,95.441,95.221,95.014,95.51,96.253,96.781,97.21,96.879,96.73,96.243,96.311,96.783,97.915,97.698,98.807,99.096,98.62,98.183,99.498,100.722,102.588,102.896,102.001,101.978,102.125,102.028,101.816,102.401,101.959,102.29,102.026,102.091,102.055,102.17,101.965,102.322,103.191,103.53,103.67,103.389,103.322,103.537,103.737,104.229,104.472,103.461,103.181,103.55,103.864,103.654,104.319,104.106,104.734,104.984,105.199,104.842,104.972,103.864,103.523,103.516,102.06,102.034,100.867,101.218,100.711,100.434,101.29,100.574,101.145,101.507,100.935,100.491,100.375,100.207,100.18,100.353,101.1,100.685,101.609,101.684,101.212,103.503,103.355,NA,NA,NA,NA,NA,NA,NA,NA,NA,NA,NA,NA,NA,NA,NA,NA,NA,NA,NA,NA,NA,NA,NA,NA,NA
"200","45","  Gross output of nonprofit institutions \2\","DNPERG3",71.732,72.143,72.471,72.436,72.61,72.672,72.79,73.104,73.145,73.399,73.547,73.661,73.932,73.874,74.205,74.483,74.637,74.733,74.928,74.997,75.188,75.352,75.607,75.757,75.795,76.14,76.177,76.309,76.425,76.575,76.893,76.836,77.061,77.366,77.469,77.627,77.936,78.123,78.34,78.675,78.948,79.044,79.202,79.382,79.506,79.574,79.68,79.823,80.019,80.148,80.309,80.619,80.792,80.955,81.219,81.422,81.808,82.131,82.232,82.498,82.647,82.936,83.298,83.658,83.93,84.342,84.631,84.792,85.168,85.36,85.735,86.03,86.38,86.625,86.809,87.077,87.436,87.748,87.901,88.083,88.242,88.192,88.35,88.49,88.702,89.073,89.409,89.691,89.9,90.151,90.427,90.619,90.825,91.017,91.214,91.406,91.688,92.096,92.471,92.437,92.653,92.845,93.082,93.484,93.785,94.043,94.251,94.457,94.674,94.858,95.09,95.517,95.925,96.277,96.634,96.739,96.888,96.907,97.136,97.498,98.071,98.426,98.889,99.103,99.198,99.299,99.852,100.389,101.264,101.759,101.807,101.944,102.204,102.394,102.609,103.08,103.237,103.585,103.803,104.117,104.302,104.503,104.628,104.948,105.491,105.84,106.04,106.19,106.349,106.648,106.886,107.16,107.441,107.682,107.993,108.261,108.395,108.546,108.996,109.116,109.507,109.762,110.074,110.11,110.256,110.008,110.06,110.291,110.142,110.349,110.248,110.491,110.627,110.805,111.179,111.423,111.712,112.171,112.234,112.256,112.378,112.546,112.736,113.073,113.388,113.505,113.838,114.013,114.051,114.335,114.549,NA,NA,NA,NA,NA,NA,NA,NA,NA,NA,NA,NA,NA,NA,NA,NA,NA,NA,NA,NA,NA,NA,NA,NA,NA
"201","46","  Less: Receipts from sales of goods and services by nonprofit institutions \3\","DNPSRG3",70.707,70.825,71.058,71.266,71.377,71.482,71.577,71.834,72.054,72.364,72.556,72.724,72.956,73.109,73.251,73.432,73.564,73.875,73.904,74.024,74.202,74.366,74.561,74.685,74.697,74.806,75.014,75.161,75.305,75.492,75.398,75.535,75.754,75.61,75.737,75.951,76.019,76.135,76.363,76.507,76.713,76.829,76.946,77.029,77.198,77.285,77.462,77.653,77.858,78.015,78.157,78.31,78.504,78.629,78.815,78.917,79.141,79.306,79.535,79.738,80.098,80.294,80.452,80.65,80.875,81.066,81.791,81.932,82.154,82.391,82.605,82.809,82.89,83.22,83.455,83.797,84.006,84.246,84.41,84.716,85.051,85.114,85.33,85.554,85.736,85.979,86.314,86.559,86.875,87.039,87.669,88.06,88.413,88.659,89.116,89.552,89.953,90.291,90.57,90.934,91.542,91.736,92.094,92.457,92.67,93.338,93.591,93.776,94.415,94.739,95.123,95.523,95.815,96.107,96.439,96.692,96.94,97.128,97.41,97.735,98.124,98.665,98.918,99.107,99.386,99.661,99.966,100.28,100.836,101.387,101.741,101.928,102.224,102.508,102.865,103.296,103.659,104.011,104.401,104.806,105.072,105.302,105.548,105.854,106.279,106.632,106.853,107.154,107.393,107.723,107.976,108.171,108.464,109.171,109.705,109.934,110.001,110.291,110.658,110.905,111.204,111.459,111.807,111.996,112.144,112.241,112.449,112.772,113.135,113.429,113.721,113.923,114.286,114.623,114.824,115.415,115.6,116.094,116.393,116.589,116.801,117.095,117.367,117.765,117.917,118.234,118.345,118.557,118.787,118.322,118.67,NA,NA,NA,NA,NA,NA,NA,NA,NA,NA,NA,NA,NA,NA,NA,NA,NA,NA,NA,NA,NA,NA,NA,NA,NA
"202",NA,NA,NA,NA,NA,NA,NA,NA,NA,NA,NA,NA,NA,NA,NA,NA,NA,NA,NA,NA,NA,NA,NA,NA,NA,NA,NA,NA,NA,NA,NA,NA,NA,NA,NA,NA,NA,NA,NA,NA,NA,NA,NA,NA,NA,NA,NA,NA,NA,NA,NA,NA,NA,NA,NA,NA,NA,NA,NA,NA,NA,NA,NA,NA,NA,NA,NA,NA,NA,NA,NA,NA,NA,NA,NA,NA,NA,NA,NA,NA,NA,NA,NA,NA,NA,NA,NA,NA,NA,NA,NA,NA,NA,NA,NA,NA,NA,NA,NA,NA,NA,NA,NA,NA,NA,NA,NA,NA,NA,NA,NA,NA,NA,NA,NA,NA,NA,NA,NA,NA,NA,NA,NA,NA,NA,NA,NA,NA,NA,NA,NA,NA,NA,NA,NA,NA,NA,NA,NA,NA,NA,NA,NA,NA,NA,NA,NA,NA,NA,NA,NA,NA,NA,NA,NA,NA,NA,NA,NA,NA,NA,NA,NA,NA,NA,NA,NA,NA,NA,NA,NA,NA,NA,NA,NA,NA,NA,NA,NA,NA,NA,NA,NA,NA,NA,NA,NA,NA,NA,NA,NA,NA,NA,NA,NA,NA,NA,NA,NA,NA,NA,NA,NA,NA,NA,NA,NA,NA,NA,NA,NA,NA,NA,NA,NA,NA,NA,NA,NA
"203","1. Net expenses of NPISHs, defined as their gross operating expenses less primary",NA,NA,NA,NA,NA,NA,NA,NA,NA,NA,NA,NA,NA,NA,NA,NA,NA,NA,NA,NA,NA,NA,NA,NA,NA,NA,NA,NA,NA,NA,NA,NA,NA,NA,NA,NA,NA,NA,NA,NA,NA,NA,NA,NA,NA,NA,NA,NA,NA,NA,NA,NA,NA,NA,NA,NA,NA,NA,NA,NA,NA,NA,NA,NA,NA,NA,NA,NA,NA,NA,NA,NA,NA,NA,NA,NA,NA,NA,NA,NA,NA,NA,NA,NA,NA,NA,NA,NA,NA,NA,NA,NA,NA,NA,NA,NA,NA,NA,NA,NA,NA,NA,NA,NA,NA,NA,NA,NA,NA,NA,NA,NA,NA,NA,NA,NA,NA,NA,NA,NA,NA,NA,NA,NA,NA,NA,NA,NA,NA,NA,NA,NA,NA,NA,NA,NA,NA,NA,NA,NA,NA,NA,NA,NA,NA,NA,NA,NA,NA,NA,NA,NA,NA,NA,NA,NA,NA,NA,NA,NA,NA,NA,NA,NA,NA,NA,NA,NA,NA,NA,NA,NA,NA,NA,NA,NA,NA,NA,NA,NA,NA,NA,NA,NA,NA,NA,NA,NA,NA,NA,NA,NA,NA,NA,NA,NA,NA,NA,NA,NA,NA,NA,NA,NA,NA,NA,NA,NA,NA,NA,NA,NA,NA,NA,NA,NA,NA,NA
"204","sales to households.",NA,NA,NA,NA,NA,NA,NA,NA,NA,NA,NA,NA,NA,NA,NA,NA,NA,NA,NA,NA,NA,NA,NA,NA,NA,NA,NA,NA,NA,NA,NA,NA,NA,NA,NA,NA,NA,NA,NA,NA,NA,NA,NA,NA,NA,NA,NA,NA,NA,NA,NA,NA,NA,NA,NA,NA,NA,NA,NA,NA,NA,NA,NA,NA,NA,NA,NA,NA,NA,NA,NA,NA,NA,NA,NA,NA,NA,NA,NA,NA,NA,NA,NA,NA,NA,NA,NA,NA,NA,NA,NA,NA,NA,NA,NA,NA,NA,NA,NA,NA,NA,NA,NA,NA,NA,NA,NA,NA,NA,NA,NA,NA,NA,NA,NA,NA,NA,NA,NA,NA,NA,NA,NA,NA,NA,NA,NA,NA,NA,NA,NA,NA,NA,NA,NA,NA,NA,NA,NA,NA,NA,NA,NA,NA,NA,NA,NA,NA,NA,NA,NA,NA,NA,NA,NA,NA,NA,NA,NA,NA,NA,NA,NA,NA,NA,NA,NA,NA,NA,NA,NA,NA,NA,NA,NA,NA,NA,NA,NA,NA,NA,NA,NA,NA,NA,NA,NA,NA,NA,NA,NA,NA,NA,NA,NA,NA,NA,NA,NA,NA,NA,NA,NA,NA,NA,NA,NA,NA,NA,NA,NA,NA,NA,NA,NA,NA,NA,NA
"205","2. Gross output is net of unrelated sales, secondary sales, and sales to business,",NA,NA,NA,NA,NA,NA,NA,NA,NA,NA,NA,NA,NA,NA,NA,NA,NA,NA,NA,NA,NA,NA,NA,NA,NA,NA,NA,NA,NA,NA,NA,NA,NA,NA,NA,NA,NA,NA,NA,NA,NA,NA,NA,NA,NA,NA,NA,NA,NA,NA,NA,NA,NA,NA,NA,NA,NA,NA,NA,NA,NA,NA,NA,NA,NA,NA,NA,NA,NA,NA,NA,NA,NA,NA,NA,NA,NA,NA,NA,NA,NA,NA,NA,NA,NA,NA,NA,NA,NA,NA,NA,NA,NA,NA,NA,NA,NA,NA,NA,NA,NA,NA,NA,NA,NA,NA,NA,NA,NA,NA,NA,NA,NA,NA,NA,NA,NA,NA,NA,NA,NA,NA,NA,NA,NA,NA,NA,NA,NA,NA,NA,NA,NA,NA,NA,NA,NA,NA,NA,NA,NA,NA,NA,NA,NA,NA,NA,NA,NA,NA,NA,NA,NA,NA,NA,NA,NA,NA,NA,NA,NA,NA,NA,NA,NA,NA,NA,NA,NA,NA,NA,NA,NA,NA,NA,NA,NA,NA,NA,NA,NA,NA,NA,NA,NA,NA,NA,NA,NA,NA,NA,NA,NA,NA,NA,NA,NA,NA,NA,NA,NA,NA,NA,NA,NA,NA,NA,NA,NA,NA,NA,NA,NA,NA,NA,NA,NA,NA
"206","to government, and to the rest of the world; excludes own-account investment",NA,NA,NA,NA,NA,NA,NA,NA,NA,NA,NA,NA,NA,NA,NA,NA,NA,NA,NA,NA,NA,NA,NA,NA,NA,NA,NA,NA,NA,NA,NA,NA,NA,NA,NA,NA,NA,NA,NA,NA,NA,NA,NA,NA,NA,NA,NA,NA,NA,NA,NA,NA,NA,NA,NA,NA,NA,NA,NA,NA,NA,NA,NA,NA,NA,NA,NA,NA,NA,NA,NA,NA,NA,NA,NA,NA,NA,NA,NA,NA,NA,NA,NA,NA,NA,NA,NA,NA,NA,NA,NA,NA,NA,NA,NA,NA,NA,NA,NA,NA,NA,NA,NA,NA,NA,NA,NA,NA,NA,NA,NA,NA,NA,NA,NA,NA,NA,NA,NA,NA,NA,NA,NA,NA,NA,NA,NA,NA,NA,NA,NA,NA,NA,NA,NA,NA,NA,NA,NA,NA,NA,NA,NA,NA,NA,NA,NA,NA,NA,NA,NA,NA,NA,NA,NA,NA,NA,NA,NA,NA,NA,NA,NA,NA,NA,NA,NA,NA,NA,NA,NA,NA,NA,NA,NA,NA,NA,NA,NA,NA,NA,NA,NA,NA,NA,NA,NA,NA,NA,NA,NA,NA,NA,NA,NA,NA,NA,NA,NA,NA,NA,NA,NA,NA,NA,NA,NA,NA,NA,NA,NA,NA,NA,NA,NA,NA,NA,NA
"207","(construction and software).",NA,NA,NA,NA,NA,NA,NA,NA,NA,NA,NA,NA,NA,NA,NA,NA,NA,NA,NA,NA,NA,NA,NA,NA,NA,NA,NA,NA,NA,NA,NA,NA,NA,NA,NA,NA,NA,NA,NA,NA,NA,NA,NA,NA,NA,NA,NA,NA,NA,NA,NA,NA,NA,NA,NA,NA,NA,NA,NA,NA,NA,NA,NA,NA,NA,NA,NA,NA,NA,NA,NA,NA,NA,NA,NA,NA,NA,NA,NA,NA,NA,NA,NA,NA,NA,NA,NA,NA,NA,NA,NA,NA,NA,NA,NA,NA,NA,NA,NA,NA,NA,NA,NA,NA,NA,NA,NA,NA,NA,NA,NA,NA,NA,NA,NA,NA,NA,NA,NA,NA,NA,NA,NA,NA,NA,NA,NA,NA,NA,NA,NA,NA,NA,NA,NA,NA,NA,NA,NA,NA,NA,NA,NA,NA,NA,NA,NA,NA,NA,NA,NA,NA,NA,NA,NA,NA,NA,NA,NA,NA,NA,NA,NA,NA,NA,NA,NA,NA,NA,NA,NA,NA,NA,NA,NA,NA,NA,NA,NA,NA,NA,NA,NA,NA,NA,NA,NA,NA,NA,NA,NA,NA,NA,NA,NA,NA,NA,NA,NA,NA,NA,NA,NA,NA,NA,NA,NA,NA,NA,NA,NA,NA,NA,NA,NA,NA,NA,NA
"208","3. Excludes unrelated sales, secondary sales, and sales to business, to government,",NA,NA,NA,NA,NA,NA,NA,NA,NA,NA,NA,NA,NA,NA,NA,NA,NA,NA,NA,NA,NA,NA,NA,NA,NA,NA,NA,NA,NA,NA,NA,NA,NA,NA,NA,NA,NA,NA,NA,NA,NA,NA,NA,NA,NA,NA,NA,NA,NA,NA,NA,NA,NA,NA,NA,NA,NA,NA,NA,NA,NA,NA,NA,NA,NA,NA,NA,NA,NA,NA,NA,NA,NA,NA,NA,NA,NA,NA,NA,NA,NA,NA,NA,NA,NA,NA,NA,NA,NA,NA,NA,NA,NA,NA,NA,NA,NA,NA,NA,NA,NA,NA,NA,NA,NA,NA,NA,NA,NA,NA,NA,NA,NA,NA,NA,NA,NA,NA,NA,NA,NA,NA,NA,NA,NA,NA,NA,NA,NA,NA,NA,NA,NA,NA,NA,NA,NA,NA,NA,NA,NA,NA,NA,NA,NA,NA,NA,NA,NA,NA,NA,NA,NA,NA,NA,NA,NA,NA,NA,NA,NA,NA,NA,NA,NA,NA,NA,NA,NA,NA,NA,NA,NA,NA,NA,NA,NA,NA,NA,NA,NA,NA,NA,NA,NA,NA,NA,NA,NA,NA,NA,NA,NA,NA,NA,NA,NA,NA,NA,NA,NA,NA,NA,NA,NA,NA,NA,NA,NA,NA,NA,NA,NA,NA,NA,NA,NA,NA
"209","and to the rest of the world; includes membership dues and fees.",NA,NA,NA,NA,NA,NA,NA,NA,NA,NA,NA,NA,NA,NA,NA,NA,NA,NA,NA,NA,NA,NA,NA,NA,NA,NA,NA,NA,NA,NA,NA,NA,NA,NA,NA,NA,NA,NA,NA,NA,NA,NA,NA,NA,NA,NA,NA,NA,NA,NA,NA,NA,NA,NA,NA,NA,NA,NA,NA,NA,NA,NA,NA,NA,NA,NA,NA,NA,NA,NA,NA,NA,NA,NA,NA,NA,NA,NA,NA,NA,NA,NA,NA,NA,NA,NA,NA,NA,NA,NA,NA,NA,NA,NA,NA,NA,NA,NA,NA,NA,NA,NA,NA,NA,NA,NA,NA,NA,NA,NA,NA,NA,NA,NA,NA,NA,NA,NA,NA,NA,NA,NA,NA,NA,NA,NA,NA,NA,NA,NA,NA,NA,NA,NA,NA,NA,NA,NA,NA,NA,NA,NA,NA,NA,NA,NA,NA,NA,NA,NA,NA,NA,NA,NA,NA,NA,NA,NA,NA,NA,NA,NA,NA,NA,NA,NA,NA,NA,NA,NA,NA,NA,NA,NA,NA,NA,NA,NA,NA,NA,NA,NA,NA,NA,NA,NA,NA,NA,NA,NA,NA,NA,NA,NA,NA,NA,NA,NA,NA,NA,NA,NA,NA,NA,NA,NA,NA,NA,NA,NA,NA,NA,NA,NA,NA,NA,NA,NA
"210","4. Food consists of food and beverages purchased for off-premises consumption;",NA,NA,NA,NA,NA,NA,NA,NA,NA,NA,NA,NA,NA,NA,NA,NA,NA,NA,NA,NA,NA,NA,NA,NA,NA,NA,NA,NA,NA,NA,NA,NA,NA,NA,NA,NA,NA,NA,NA,NA,NA,NA,NA,NA,NA,NA,NA,NA,NA,NA,NA,NA,NA,NA,NA,NA,NA,NA,NA,NA,NA,NA,NA,NA,NA,NA,NA,NA,NA,NA,NA,NA,NA,NA,NA,NA,NA,NA,NA,NA,NA,NA,NA,NA,NA,NA,NA,NA,NA,NA,NA,NA,NA,NA,NA,NA,NA,NA,NA,NA,NA,NA,NA,NA,NA,NA,NA,NA,NA,NA,NA,NA,NA,NA,NA,NA,NA,NA,NA,NA,NA,NA,NA,NA,NA,NA,NA,NA,NA,NA,NA,NA,NA,NA,NA,NA,NA,NA,NA,NA,NA,NA,NA,NA,NA,NA,NA,NA,NA,NA,NA,NA,NA,NA,NA,NA,NA,NA,NA,NA,NA,NA,NA,NA,NA,NA,NA,NA,NA,NA,NA,NA,NA,NA,NA,NA,NA,NA,NA,NA,NA,NA,NA,NA,NA,NA,NA,NA,NA,NA,NA,NA,NA,NA,NA,NA,NA,NA,NA,NA,NA,NA,NA,NA,NA,NA,NA,NA,NA,NA,NA,NA,NA,NA,NA,NA,NA,NA
"211","food services, which include purchased meals and beverages, are not classified",NA,NA,NA,NA,NA,NA,NA,NA,NA,NA,NA,NA,NA,NA,NA,NA,NA,NA,NA,NA,NA,NA,NA,NA,NA,NA,NA,NA,NA,NA,NA,NA,NA,NA,NA,NA,NA,NA,NA,NA,NA,NA,NA,NA,NA,NA,NA,NA,NA,NA,NA,NA,NA,NA,NA,NA,NA,NA,NA,NA,NA,NA,NA,NA,NA,NA,NA,NA,NA,NA,NA,NA,NA,NA,NA,NA,NA,NA,NA,NA,NA,NA,NA,NA,NA,NA,NA,NA,NA,NA,NA,NA,NA,NA,NA,NA,NA,NA,NA,NA,NA,NA,NA,NA,NA,NA,NA,NA,NA,NA,NA,NA,NA,NA,NA,NA,NA,NA,NA,NA,NA,NA,NA,NA,NA,NA,NA,NA,NA,NA,NA,NA,NA,NA,NA,NA,NA,NA,NA,NA,NA,NA,NA,NA,NA,NA,NA,NA,NA,NA,NA,NA,NA,NA,NA,NA,NA,NA,NA,NA,NA,NA,NA,NA,NA,NA,NA,NA,NA,NA,NA,NA,NA,NA,NA,NA,NA,NA,NA,NA,NA,NA,NA,NA,NA,NA,NA,NA,NA,NA,NA,NA,NA,NA,NA,NA,NA,NA,NA,NA,NA,NA,NA,NA,NA,NA,NA,NA,NA,NA,NA,NA,NA,NA,NA,NA,NA,NA
"212","as food.",NA,NA,NA,NA,NA,NA,NA,NA,NA,NA,NA,NA,NA,NA,NA,NA,NA,NA,NA,NA,NA,NA,NA,NA,NA,NA,NA,NA,NA,NA,NA,NA,NA,NA,NA,NA,NA,NA,NA,NA,NA,NA,NA,NA,NA,NA,NA,NA,NA,NA,NA,NA,NA,NA,NA,NA,NA,NA,NA,NA,NA,NA,NA,NA,NA,NA,NA,NA,NA,NA,NA,NA,NA,NA,NA,NA,NA,NA,NA,NA,NA,NA,NA,NA,NA,NA,NA,NA,NA,NA,NA,NA,NA,NA,NA,NA,NA,NA,NA,NA,NA,NA,NA,NA,NA,NA,NA,NA,NA,NA,NA,NA,NA,NA,NA,NA,NA,NA,NA,NA,NA,NA,NA,NA,NA,NA,NA,NA,NA,NA,NA,NA,NA,NA,NA,NA,NA,NA,NA,NA,NA,NA,NA,NA,NA,NA,NA,NA,NA,NA,NA,NA,NA,NA,NA,NA,NA,NA,NA,NA,NA,NA,NA,NA,NA,NA,NA,NA,NA,NA,NA,NA,NA,NA,NA,NA,NA,NA,NA,NA,NA,NA,NA,NA,NA,NA,NA,NA,NA,NA,NA,NA,NA,NA,NA,NA,NA,NA,NA,NA,NA,NA,NA,NA,NA,NA,NA,NA,NA,NA,NA,NA,NA,NA,NA,NA,NA,NA
"213","5. Consists of gasoline and other energy goods and of electricity and gas services.",NA,NA,NA,NA,NA,NA,NA,NA,NA,NA,NA,NA,NA,NA,NA,NA,NA,NA,NA,NA,NA,NA,NA,NA,NA,NA,NA,NA,NA,NA,NA,NA,NA,NA,NA,NA,NA,NA,NA,NA,NA,NA,NA,NA,NA,NA,NA,NA,NA,NA,NA,NA,NA,NA,NA,NA,NA,NA,NA,NA,NA,NA,NA,NA,NA,NA,NA,NA,NA,NA,NA,NA,NA,NA,NA,NA,NA,NA,NA,NA,NA,NA,NA,NA,NA,NA,NA,NA,NA,NA,NA,NA,NA,NA,NA,NA,NA,NA,NA,NA,NA,NA,NA,NA,NA,NA,NA,NA,NA,NA,NA,NA,NA,NA,NA,NA,NA,NA,NA,NA,NA,NA,NA,NA,NA,NA,NA,NA,NA,NA,NA,NA,NA,NA,NA,NA,NA,NA,NA,NA,NA,NA,NA,NA,NA,NA,NA,NA,NA,NA,NA,NA,NA,NA,NA,NA,NA,NA,NA,NA,NA,NA,NA,NA,NA,NA,NA,NA,NA,NA,NA,NA,NA,NA,NA,NA,NA,NA,NA,NA,NA,NA,NA,NA,NA,NA,NA,NA,NA,NA,NA,NA,NA,NA,NA,NA,NA,NA,NA,NA,NA,NA,NA,NA,NA,NA,NA,NA,NA,NA,NA,NA,NA,NA,NA,NA,NA,NA
"214","6. Market-based PCE is a supplemental measure that is based on household expenditures",NA,NA,NA,NA,NA,NA,NA,NA,NA,NA,NA,NA,NA,NA,NA,NA,NA,NA,NA,NA,NA,NA,NA,NA,NA,NA,NA,NA,NA,NA,NA,NA,NA,NA,NA,NA,NA,NA,NA,NA,NA,NA,NA,NA,NA,NA,NA,NA,NA,NA,NA,NA,NA,NA,NA,NA,NA,NA,NA,NA,NA,NA,NA,NA,NA,NA,NA,NA,NA,NA,NA,NA,NA,NA,NA,NA,NA,NA,NA,NA,NA,NA,NA,NA,NA,NA,NA,NA,NA,NA,NA,NA,NA,NA,NA,NA,NA,NA,NA,NA,NA,NA,NA,NA,NA,NA,NA,NA,NA,NA,NA,NA,NA,NA,NA,NA,NA,NA,NA,NA,NA,NA,NA,NA,NA,NA,NA,NA,NA,NA,NA,NA,NA,NA,NA,NA,NA,NA,NA,NA,NA,NA,NA,NA,NA,NA,NA,NA,NA,NA,NA,NA,NA,NA,NA,NA,NA,NA,NA,NA,NA,NA,NA,NA,NA,NA,NA,NA,NA,NA,NA,NA,NA,NA,NA,NA,NA,NA,NA,NA,NA,NA,NA,NA,NA,NA,NA,NA,NA,NA,NA,NA,NA,NA,NA,NA,NA,NA,NA,NA,NA,NA,NA,NA,NA,NA,NA,NA,NA,NA,NA,NA,NA,NA,NA,NA,NA,NA
"215","for which there are observable price measures.  It excludes most imputed transactions",NA,NA,NA,NA,NA,NA,NA,NA,NA,NA,NA,NA,NA,NA,NA,NA,NA,NA,NA,NA,NA,NA,NA,NA,NA,NA,NA,NA,NA,NA,NA,NA,NA,NA,NA,NA,NA,NA,NA,NA,NA,NA,NA,NA,NA,NA,NA,NA,NA,NA,NA,NA,NA,NA,NA,NA,NA,NA,NA,NA,NA,NA,NA,NA,NA,NA,NA,NA,NA,NA,NA,NA,NA,NA,NA,NA,NA,NA,NA,NA,NA,NA,NA,NA,NA,NA,NA,NA,NA,NA,NA,NA,NA,NA,NA,NA,NA,NA,NA,NA,NA,NA,NA,NA,NA,NA,NA,NA,NA,NA,NA,NA,NA,NA,NA,NA,NA,NA,NA,NA,NA,NA,NA,NA,NA,NA,NA,NA,NA,NA,NA,NA,NA,NA,NA,NA,NA,NA,NA,NA,NA,NA,NA,NA,NA,NA,NA,NA,NA,NA,NA,NA,NA,NA,NA,NA,NA,NA,NA,NA,NA,NA,NA,NA,NA,NA,NA,NA,NA,NA,NA,NA,NA,NA,NA,NA,NA,NA,NA,NA,NA,NA,NA,NA,NA,NA,NA,NA,NA,NA,NA,NA,NA,NA,NA,NA,NA,NA,NA,NA,NA,NA,NA,NA,NA,NA,NA,NA,NA,NA,NA,NA,NA,NA,NA,NA,NA,NA
"216","(for example, financial services furnished without payment) and the final consumption",NA,NA,NA,NA,NA,NA,NA,NA,NA,NA,NA,NA,NA,NA,NA,NA,NA,NA,NA,NA,NA,NA,NA,NA,NA,NA,NA,NA,NA,NA,NA,NA,NA,NA,NA,NA,NA,NA,NA,NA,NA,NA,NA,NA,NA,NA,NA,NA,NA,NA,NA,NA,NA,NA,NA,NA,NA,NA,NA,NA,NA,NA,NA,NA,NA,NA,NA,NA,NA,NA,NA,NA,NA,NA,NA,NA,NA,NA,NA,NA,NA,NA,NA,NA,NA,NA,NA,NA,NA,NA,NA,NA,NA,NA,NA,NA,NA,NA,NA,NA,NA,NA,NA,NA,NA,NA,NA,NA,NA,NA,NA,NA,NA,NA,NA,NA,NA,NA,NA,NA,NA,NA,NA,NA,NA,NA,NA,NA,NA,NA,NA,NA,NA,NA,NA,NA,NA,NA,NA,NA,NA,NA,NA,NA,NA,NA,NA,NA,NA,NA,NA,NA,NA,NA,NA,NA,NA,NA,NA,NA,NA,NA,NA,NA,NA,NA,NA,NA,NA,NA,NA,NA,NA,NA,NA,NA,NA,NA,NA,NA,NA,NA,NA,NA,NA,NA,NA,NA,NA,NA,NA,NA,NA,NA,NA,NA,NA,NA,NA,NA,NA,NA,NA,NA,NA,NA,NA,NA,NA,NA,NA,NA,NA,NA,NA,NA,NA,NA
"217","expenditures of nonprofit institutions serving households.",NA,NA,NA,NA,NA,NA,NA,NA,NA,NA,NA,NA,NA,NA,NA,NA,NA,NA,NA,NA,NA,NA,NA,NA,NA,NA,NA,NA,NA,NA,NA,NA,NA,NA,NA,NA,NA,NA,NA,NA,NA,NA,NA,NA,NA,NA,NA,NA,NA,NA,NA,NA,NA,NA,NA,NA,NA,NA,NA,NA,NA,NA,NA,NA,NA,NA,NA,NA,NA,NA,NA,NA,NA,NA,NA,NA,NA,NA,NA,NA,NA,NA,NA,NA,NA,NA,NA,NA,NA,NA,NA,NA,NA,NA,NA,NA,NA,NA,NA,NA,NA,NA,NA,NA,NA,NA,NA,NA,NA,NA,NA,NA,NA,NA,NA,NA,NA,NA,NA,NA,NA,NA,NA,NA,NA,NA,NA,NA,NA,NA,NA,NA,NA,NA,NA,NA,NA,NA,NA,NA,NA,NA,NA,NA,NA,NA,NA,NA,NA,NA,NA,NA,NA,NA,NA,NA,NA,NA,NA,NA,NA,NA,NA,NA,NA,NA,NA,NA,NA,NA,NA,NA,NA,NA,NA,NA,NA,NA,NA,NA,NA,NA,NA,NA,NA,NA,NA,NA,NA,NA,NA,NA,NA,NA,NA,NA,NA,NA,NA,NA,NA,NA,NA,NA,NA,NA,NA,NA,NA,NA,NA,NA,NA,NA,NA,NA,NA,NA
"218","7. Consists of household purchases of goods and services from business, government,",NA,NA,NA,NA,NA,NA,NA,NA,NA,NA,NA,NA,NA,NA,NA,NA,NA,NA,NA,NA,NA,NA,NA,NA,NA,NA,NA,NA,NA,NA,NA,NA,NA,NA,NA,NA,NA,NA,NA,NA,NA,NA,NA,NA,NA,NA,NA,NA,NA,NA,NA,NA,NA,NA,NA,NA,NA,NA,NA,NA,NA,NA,NA,NA,NA,NA,NA,NA,NA,NA,NA,NA,NA,NA,NA,NA,NA,NA,NA,NA,NA,NA,NA,NA,NA,NA,NA,NA,NA,NA,NA,NA,NA,NA,NA,NA,NA,NA,NA,NA,NA,NA,NA,NA,NA,NA,NA,NA,NA,NA,NA,NA,NA,NA,NA,NA,NA,NA,NA,NA,NA,NA,NA,NA,NA,NA,NA,NA,NA,NA,NA,NA,NA,NA,NA,NA,NA,NA,NA,NA,NA,NA,NA,NA,NA,NA,NA,NA,NA,NA,NA,NA,NA,NA,NA,NA,NA,NA,NA,NA,NA,NA,NA,NA,NA,NA,NA,NA,NA,NA,NA,NA,NA,NA,NA,NA,NA,NA,NA,NA,NA,NA,NA,NA,NA,NA,NA,NA,NA,NA,NA,NA,NA,NA,NA,NA,NA,NA,NA,NA,NA,NA,NA,NA,NA,NA,NA,NA,NA,NA,NA,NA,NA,NA,NA,NA,NA,NA
"219","nonprofit institutions, and the rest of the world.",NA,NA,NA,NA,NA,NA,NA,NA,NA,NA,NA,NA,NA,NA,NA,NA,NA,NA,NA,NA,NA,NA,NA,NA,NA,NA,NA,NA,NA,NA,NA,NA,NA,NA,NA,NA,NA,NA,NA,NA,NA,NA,NA,NA,NA,NA,NA,NA,NA,NA,NA,NA,NA,NA,NA,NA,NA,NA,NA,NA,NA,NA,NA,NA,NA,NA,NA,NA,NA,NA,NA,NA,NA,NA,NA,NA,NA,NA,NA,NA,NA,NA,NA,NA,NA,NA,NA,NA,NA,NA,NA,NA,NA,NA,NA,NA,NA,NA,NA,NA,NA,NA,NA,NA,NA,NA,NA,NA,NA,NA,NA,NA,NA,NA,NA,NA,NA,NA,NA,NA,NA,NA,NA,NA,NA,NA,NA,NA,NA,NA,NA,NA,NA,NA,NA,NA,NA,NA,NA,NA,NA,NA,NA,NA,NA,NA,NA,NA,NA,NA,NA,NA,NA,NA,NA,NA,NA,NA,NA,NA,NA,NA,NA,NA,NA,NA,NA,NA,NA,NA,NA,NA,NA,NA,NA,NA,NA,NA,NA,NA,NA,NA,NA,NA,NA,NA,NA,NA,NA,NA,NA,NA,NA,NA,NA,NA,NA,NA,NA,NA,NA,NA,NA,NA,NA,NA,NA,NA,NA,NA,NA,NA,NA,NA,NA,NA,NA,NA
