"","Table 5#3#3# Real Private Fixed Investment by Type, Quantity Ind","F2","F3","F4","F5","F6","F7","F8","F9","F10","F11","F12","F13","F14","F15","F16","F17","F18","F19","F20","F21","F22","F23","F24","F25","F26","F27","F28","F29","F30","F31","F32","F33","F34","F35","F36","F37","F38","F39","F40","F41","F42","F43","F44","F45","F46","F47","F48","F49","F50","F51","F52","F53","F54","F55","F56","F57","F58","F59","F60","F61","F62","F63","F64","F65","F66","F67","F68","F69","F70","F71","F72","F73","F74","F75","F76","F77","F78","F79","F80","F81","F82","F83","F84","F85","F86","F87","F88","F89","F90","F91","F92","F93","F94","F95","F96","F97","F98","F99","F100","F101","F102","F103","F104","F105","F106","F107","F108","F109","F110","F111","F112","F113","F114","F115","F116","F117","F118","F119","F120","F121","F122","F123","F124","F125","F126","F127","F128","F129","F130","F131","F132","F133","F134","F135","F136","F137","F138","F139","F140","F141","F142","F143","F144","F145","F146","F147","F148","F149","F150","F151","F152","F153","F154","F155","F156","F157","F158","F159","F160","F161","F162","F163","F164","F165","F166","F167","F168","F169","F170","F171"
"1","[Index numbers, 2005=100]; Seasonally adjusted                                                                                 ",NA,NA,NA,NA,NA,NA,NA,NA,NA,NA,NA,NA,NA,NA,NA,NA,NA,NA,NA,NA,NA,NA,NA,NA,NA,NA,NA,NA,NA,NA,NA,NA,NA,NA,NA,NA,NA,NA,NA,NA,NA,NA,NA,NA,NA,NA,NA,NA,NA,NA,NA,NA,NA,NA,NA,NA,NA,NA,NA,NA,NA,NA,NA,NA,NA,NA,NA,NA,NA,NA,NA,NA,NA,NA,NA,NA,NA,NA,NA,NA,NA,NA,NA,NA,NA,NA,NA,NA,NA,NA,NA,NA,NA,NA,NA,NA,NA,NA,NA,NA,NA,NA,NA,NA,NA,NA,NA,NA,NA,NA,NA,NA,NA,NA,NA,NA,NA,NA,NA,NA,NA,NA,NA,NA,NA,NA,NA,NA,NA,NA,NA,NA,NA,NA,NA,NA,NA,NA,NA,NA,NA,NA,NA,NA,NA,NA,NA,NA,NA,NA,NA,NA,NA,NA,NA,NA,NA,NA,NA,NA,NA,NA,NA,NA,NA,NA,NA,NA,NA,NA
"2","Quarterly data from 1969 To 2010",NA,NA,NA,NA,NA,NA,NA,NA,NA,NA,NA,NA,NA,NA,NA,NA,NA,NA,NA,NA,NA,NA,NA,NA,NA,NA,NA,NA,NA,NA,NA,NA,NA,NA,NA,NA,NA,NA,NA,NA,NA,NA,NA,NA,NA,NA,NA,NA,NA,NA,NA,NA,NA,NA,NA,NA,NA,NA,NA,NA,NA,NA,NA,NA,NA,NA,NA,NA,NA,NA,NA,NA,NA,NA,NA,NA,NA,NA,NA,NA,NA,NA,NA,NA,NA,NA,NA,NA,NA,NA,NA,NA,NA,NA,NA,NA,NA,NA,NA,NA,NA,NA,NA,NA,NA,NA,NA,NA,NA,NA,NA,NA,NA,NA,NA,NA,NA,NA,NA,NA,NA,NA,NA,NA,NA,NA,NA,NA,NA,NA,NA,NA,NA,NA,NA,NA,NA,NA,NA,NA,NA,NA,NA,NA,NA,NA,NA,NA,NA,NA,NA,NA,NA,NA,NA,NA,NA,NA,NA,NA,NA,NA,NA,NA,NA,NA,NA,NA,NA,NA
"3","Bureau of Economic Analysis",NA,NA,NA,NA,NA,NA,NA,NA,NA,NA,NA,NA,NA,NA,NA,NA,NA,NA,NA,NA,NA,NA,NA,NA,NA,NA,NA,NA,NA,NA,NA,NA,NA,NA,NA,NA,NA,NA,NA,NA,NA,NA,NA,NA,NA,NA,NA,NA,NA,NA,NA,NA,NA,NA,NA,NA,NA,NA,NA,NA,NA,NA,NA,NA,NA,NA,NA,NA,NA,NA,NA,NA,NA,NA,NA,NA,NA,NA,NA,NA,NA,NA,NA,NA,NA,NA,NA,NA,NA,NA,NA,NA,NA,NA,NA,NA,NA,NA,NA,NA,NA,NA,NA,NA,NA,NA,NA,NA,NA,NA,NA,NA,NA,NA,NA,NA,NA,NA,NA,NA,NA,NA,NA,NA,NA,NA,NA,NA,NA,NA,NA,NA,NA,NA,NA,NA,NA,NA,NA,NA,NA,NA,NA,NA,NA,NA,NA,NA,NA,NA,NA,NA,NA,NA,NA,NA,NA,NA,NA,NA,NA,NA,NA,NA,NA,NA,NA,NA,NA,NA
"4","Data published January 28, 2011  ",NA,NA,NA,NA,NA,NA,NA,NA,NA,NA,NA,NA,NA,NA,NA,NA,NA,NA,NA,NA,NA,NA,NA,NA,NA,NA,NA,NA,NA,NA,NA,NA,NA,NA,NA,NA,NA,NA,NA,NA,NA,NA,NA,NA,NA,NA,NA,NA,NA,NA,NA,NA,NA,NA,NA,NA,NA,NA,NA,NA,NA,NA,NA,NA,NA,NA,NA,NA,NA,NA,NA,NA,NA,NA,NA,NA,NA,NA,NA,NA,NA,NA,NA,NA,NA,NA,NA,NA,NA,NA,NA,NA,NA,NA,NA,NA,NA,NA,NA,NA,NA,NA,NA,NA,NA,NA,NA,NA,NA,NA,NA,NA,NA,NA,NA,NA,NA,NA,NA,NA,NA,NA,NA,NA,NA,NA,NA,NA,NA,NA,NA,NA,NA,NA,NA,NA,NA,NA,NA,NA,NA,NA,NA,NA,NA,NA,NA,NA,NA,NA,NA,NA,NA,NA,NA,NA,NA,NA,NA,NA,NA,NA,NA,NA,NA,NA,NA,NA,NA,NA
"5","File created 1/27/2011 1:42:09 PM",NA,NA,NA,NA,NA,NA,NA,NA,NA,NA,NA,NA,NA,NA,NA,NA,NA,NA,NA,NA,NA,NA,NA,NA,NA,NA,NA,NA,NA,NA,NA,NA,NA,NA,NA,NA,NA,NA,NA,NA,NA,NA,NA,NA,NA,NA,NA,NA,NA,NA,NA,NA,NA,NA,NA,NA,NA,NA,NA,NA,NA,NA,NA,NA,NA,NA,NA,NA,NA,NA,NA,NA,NA,NA,NA,NA,NA,NA,NA,NA,NA,NA,NA,NA,NA,NA,NA,NA,NA,NA,NA,NA,NA,NA,NA,NA,NA,NA,NA,NA,NA,NA,NA,NA,NA,NA,NA,NA,NA,NA,NA,NA,NA,NA,NA,NA,NA,NA,NA,NA,NA,NA,NA,NA,NA,NA,NA,NA,NA,NA,NA,NA,NA,NA,NA,NA,NA,NA,NA,NA,NA,NA,NA,NA,NA,NA,NA,NA,NA,NA,NA,NA,NA,NA,NA,NA,NA,NA,NA,NA,NA,NA,NA,NA,NA,NA,NA,NA,NA,NA
"6",NA,NA,NA,NA,NA,NA,NA,NA,NA,NA,NA,NA,NA,NA,NA,NA,NA,NA,NA,NA,NA,NA,NA,NA,NA,NA,NA,NA,NA,NA,NA,NA,NA,NA,NA,NA,NA,NA,NA,NA,NA,NA,NA,NA,NA,NA,NA,NA,NA,NA,NA,NA,NA,NA,NA,NA,NA,NA,NA,NA,NA,NA,NA,NA,NA,NA,NA,NA,NA,NA,NA,NA,NA,NA,NA,NA,NA,NA,NA,NA,NA,NA,NA,NA,NA,NA,NA,NA,NA,NA,NA,NA,NA,NA,NA,NA,NA,NA,NA,NA,NA,NA,NA,NA,NA,NA,NA,NA,NA,NA,NA,NA,NA,NA,NA,NA,NA,NA,NA,NA,NA,NA,NA,NA,NA,NA,NA,NA,NA,NA,NA,NA,NA,NA,NA,NA,NA,NA,NA,NA,NA,NA,NA,NA,NA,NA,NA,NA,NA,NA,NA,NA,NA,NA,NA,NA,NA,NA,NA,NA,NA,NA,NA,NA,NA,NA,NA,NA,NA,NA,NA
"7","Line",NA,NA,1969,1969,1969,1969,1970,1970,1970,1970,1971,1971,1971,1971,1972,1972,1972,1972,1973,1973,1973,1973,1974,1974,1974,1974,1975,1975,1975,1975,1976,1976,1976,1976,1977,1977,1977,1977,1978,1978,1978,1978,1979,1979,1979,1979,1980,1980,1980,1980,1981,1981,1981,1981,1982,1982,1982,1982,1983,1983,1983,1983,1984,1984,1984,1984,1985,1985,1985,1985,1986,1986,1986,1986,1987,1987,1987,1987,1988,1988,1988,1988,1989,1989,1989,1989,1990,1990,1990,1990,1991,1991,1991,1991,1992,1992,1992,1992,1993,1993,1993,1993,1994,1994,1994,1994,1995,1995,1995,1995,1996,1996,1996,1996,1997,1997,1997,1997,1998,1998,1998,1998,1999,1999,1999,1999,2000,2000,2000,2000,2001,2001,2001,2001,2002,2002,2002,2002,2003,2003,2003,2003,2004,2004,2004,2004,2005,2005,2005,2005,2006,2006,2006,2006,2007,2007,2007,2007,2008,2008,2008,2008,2009,2009,2009,2009,2010,2010,2010,2010
"8",NA,NA,NA,1,2,3,4,1,2,3,4,1,2,3,4,1,2,3,4,1,2,3,4,1,2,3,4,1,2,3,4,1,2,3,4,1,2,3,4,1,2,3,4,1,2,3,4,1,2,3,4,1,2,3,4,1,2,3,4,1,2,3,4,1,2,3,4,1,2,3,4,1,2,3,4,1,2,3,4,1,2,3,4,1,2,3,4,1,2,3,4,1,2,3,4,1,2,3,4,1,2,3,4,1,2,3,4,1,2,3,4,1,2,3,4,1,2,3,4,1,2,3,4,1,2,3,4,1,2,3,4,1,2,3,4,1,2,3,4,1,2,3,4,1,2,3,4,1,2,3,4,1,2,3,4,1,2,3,4,1,2,3,4,1,2,3,4,1,2,3,4
"9","1","    Private fixed investment","B007RA3",23.208,23.31,23.698,23.099,23.016,22.505,22.905,22.927,23.44,24.41,24.872,25.551,26.7,27.17,27.47,28.748,29.962,30.222,30.134,29.831,29.126,28.707,28.202,26.603,24.973,24.623,25.237,25.709,26.774,27.231,27.517,28.932,29.978,31.651,32.061,32.639,32.913,35.302,36.316,37.091,37.373,37.083,37.756,37.404,36.875,33.668,34,35.351,35.61,35.845,35.849,35.718,34.636,33.425,32.494,32.441,33.15,34.43,36.488,38.625,39.837,41.475,42.36,43.12,43.453,43.999,43.645,44.469,44.533,44.427,44.177,44.471,43.59,44.37,45.314,45.308,45.249,46.134,46.312,46.776,47.242,47.307,48.13,47.337,47.926,46.818,46.312,44.993,43.452,43.387,43.532,43.614,44.065,45.798,46.494,47.942,48.221,49.3,50.174,52.403,53.099,54.376,54.916,56.419,57.707,57.488,58.247,59.461,60.964,62.947,64.403,65.479,66.758,68.196,70.823,71.431,73.582,76.146,77.595,79.967,81.449,83.356,85.295,85.777,88.286,90.505,90.824,91.097,90.552,89.137,88.203,85.988,85.225,84.887,84.739,84.054,84.066,86.215,88.992,90.584,90.404,93.189,95.166,96.779,97.968,99.704,100.975,101.352,103.67,103.186,101.88,100.499,100.254,101.176,100.875,99.653,98.082,96.94,93.924,87.437,78.38,76.316,76.447,76.198,76.826,80.219,80.517,81.356
"10","2","Nonresidential","B008RA3",19.781,19.995,20.535,20.412,20.293,20.182,20.285,19.53,19.708,20,20.08,20.51,21.199,21.55,21.887,23.031,24.107,25.092,25.513,25.713,25.685,25.628,25.329,24.621,23.111,22.507,22.714,22.925,23.339,23.624,24.141,24.622,25.578,26.317,26.868,27.767,28.042,30.407,31.493,32.532,33.239,33.14,34.172,34.258,34.634,32.876,33.124,33.82,34.365,35.058,35.912,36.776,35.906,34.622,33.453,32.78,32.167,32.56,34.032,36.236,37.417,39.278,40.571,41.55,42.033,42.631,41.979,42.7,42.113,41.059,40.459,40.874,39.75,40.703,42.014,41.916,42.238,43.277,43.504,43.962,44.705,45.341,46.64,45.952,46.562,45.758,46.05,45.17,44.004,43.582,43.17,42.942,42.749,44.445,45.343,46.707,47.004,48.255,48.793,50.841,51.347,52.384,53.366,55.729,58.007,58.41,58.801,59.984,61.473,63.24,65.345,67.112,68.825,70.533,74.129,74.725,77.309,80.139,81.347,84.031,85.98,88.39,90.931,91.216,94.608,98.098,99.182,99.566,98.619,96.029,94.445,91.453,89.315,87.869,87.417,85.771,85.385,87.682,89.679,90.845,90.124,92.555,95.095,97.197,98.086,99.516,100.919,101.479,105.759,107.643,108.811,109.44,111.257,114.234,116.829,118.45,119.026,118.533,115.899,108.673,97.501,95.618,95.216,94.879,96.677,100.592,103.019,104.142
"11","3","  Structures","B009RA3",72.087,72.659,76.085,75.553,74.959,74.192,74.462,73.588,73.404,73.214,72.951,72.76,74.662,75.081,75.247,76.445,78.942,81.408,83.248,82.482,82.018,81.68,78.135,77.186,73.213,70.455,70.853,70.901,72.812,72.592,73.329,73.558,73.307,76.049,77.201,77.757,77.607,85.196,90.815,94.614,94.087,95.449,99.899,102.958,104.548,102.253,102.762,105.785,105.721,109.705,112.472,120.746,116.906,113.096,106.861,104.435,100.175,95.42,97.652,100.37,106.076,111.401,114.917,116.107,121.028,120.962,118.457,119.932,116.932,105.913,102.136,102.76,100.357,101.537,105.766,107.774,103.705,105.858,104.428,104.166,105.845,104.65,108.318,107.653,110.021,109.482,109.081,104.163,101.92,99.143,92.709,90.827,89.684,89.69,90.466,91.574,89.242,89.101,89.531,91.2,87.474,92.472,92.365,93.307,95.652,97.565,98.275,97.447,99.185,101.358,102.607,107.828,108.777,107.813,111.88,112.649,111.433,117.435,117.481,117.294,116.811,115.395,115.306,116.684,118.937,123.869,128.533,129.064,125.506,125.954,126.665,114.639,108.414,102.546,97.994,96.553,95.591,98.449,98.237,97.78,97.21,98.337,99.325,99.414,101.195,100.812,98.696,99.297,103.696,109.068,111.771,112.185,115.08,122.401,129.246,131.584,131.551,133.949,132.731,129.672,113.638,107.399,103.911,95.31,90.761,90.649,89.848,90.031
"12","4","    Commercial and health care","W001RA3",51.814,53.572,58.429,58.6,59.328,55.972,55.425,54.608,56.34,60.222,64.565,65.06,66.195,67.369,67.183,68.154,69.578,71.178,71.043,69.219,69.023,68.878,64.159,61.386,56.615,49.659,49.743,49.267,51.463,50.348,50.257,50.432,51.526,52.891,54.832,54.043,55.036,60.332,62.487,65.134,63.29,70.67,76.094,79.611,82.735,79.67,77.318,78.838,83.48,85.22,86.845,89.185,91.508,94.426,94.973,94.648,90.294,86.53,92.833,94.846,101.386,110.871,113.199,118.24,125.516,128.809,127.688,130.34,127.181,118.909,115.218,114.496,111.216,112.369,115.944,119.07,116.389,120.075,118.99,116.82,118.517,112.943,118.491,116.348,116.852,113.634,112.649,104.695,94.806,91.101,83.881,78.151,79.155,79.751,81.163,83.309,83.555,84.018,82.826,86.015,82.089,90.61,89.77,89.548,92.546,93.871,93.645,92.835,93.139,99.106,102.295,107.133,111.751,107.234,113.139,111.748,113.039,118.967,117.459,122.038,121.112,122.148,122.648,122.782,123.681,129.371,133.536,134.844,133.715,128.748,120.168,113.534,111.453,106.369,102.635,99.758,96.201,97.315,99.741,100.467,98.993,102.849,102.633,99.032,100.721,100.304,98.942,100.034,102.313,105.632,108.525,107.778,112.946,116.57,118.481,118.704,117.588,116.145,112.679,103.178,89.37,82.216,75.544,67.889,62.43,59.416,57.644,56.924
"13","5","    Manufacturing","C307RA3",143.706,139.051,143.291,140.251,134.819,139.701,139.947,132.321,127.651,117.09,103.228,103.591,98.847,99.878,98.744,96.848,111.422,116.277,128.628,132.4,137.883,139.563,132.522,146.97,134.87,134.535,133.583,130.87,136.008,125.126,117.259,114.731,119.603,125.732,127.355,133.707,138.054,153.283,186.799,197.133,208.839,207.107,205.84,207.972,191.455,180.696,161.774,160.129,182.011,191.442,211.125,203.523,202.215,198.966,183.415,176.184,151.925,140.13,139.887,118.465,135.022,140.584,147.191,146.55,159.019,159.629,159.2,159.118,145.171,131.36,126.203,132.38,119.404,125.283,139.674,137.271,130.702,137.975,137.157,144.502,150.407,163.175,173.663,172.161,188.649,191.135,189.485,177.668,183.075,176.524,161.843,166.447,166.285,158.107,153.519,153.756,126.019,118.695,125.3,126.049,129.125,146.485,150.739,160.78,164.561,178.023,176.777,172.941,182.199,178.367,174.742,192.601,174.307,168.186,179.28,173.466,183.276,182.024,177.494,175.852,163.934,149.763,146.274,139.455,145.204,158.493,156.426,158.104,168.526,158.946,152.436,121.154,101.561,90.903,80.132,78.338,75.73,82.607,83.18,83.625,81.68,79.391,83.351,96.704,100.754,97.754,99.688,101.804,103.347,111.213,116.593,109.864,113.4,119.084,139.253,149.627,150.79,162.432,166.268,169.759,181.11,186.689,176.518,154.206,133.491,126.895,111.942,104.135
"14","6","    Power and communication","W003RA3",101.943,101.187,101.351,103.946,105.785,110.583,115.923,114.518,114.596,114.979,111.508,109.288,117.173,115.602,117.25,119.718,121.701,125.345,127.794,124.977,122.88,118.593,116.614,109.761,107.721,105.921,107.037,109.777,107.202,117.219,122.71,122.069,112.527,117.785,116.581,115.159,116.085,120.894,122.691,124.403,124.494,125.496,126.366,125.919,128.963,127.546,125.695,124.882,129.179,129.539,130.005,131.363,129.008,125.82,121.966,114.287,109.077,105.176,100.727,107.39,104.694,107.907,109.705,109.232,107.263,106.272,105.909,107.202,115.737,117.689,113.88,108.093,104.532,101.968,99.733,98.845,95.951,93.521,96.478,96.093,101.462,100.565,97.046,97.622,89.723,90.479,92.616,96.255,103.854,108.824,111.546,114.22,114.163,115.925,116.52,118.208,115.172,108.868,105.678,104.706,99.938,97.253,98.06,98.54,102.788,103.195,100.738,95.175,90.645,86.39,83.21,85.555,80.44,81.697,84.594,86.597,86.514,99.845,106.616,98.329,113.516,105.022,118.024,125.021,125.552,124.562,139.75,142.414,118.502,140.842,139.653,150.053,152.637,135.969,122.495,124.662,134.403,128.004,117.695,113.258,111.427,95.41,98.486,104.064,102.948,99.954,97.759,99.339,107.741,103.957,108.171,111.478,124.137,141.777,159.261,175.171,176.465,165.095,154.163,159.537,157.264,163.585,180.129,170.722,154.038,151.234,139.99,149.924
"15","7","    Mining exploration, shafts, and wells","E318RA3",48.992,51.368,53.582,52.778,50.083,49.063,46.216,49.112,47.461,42.791,44.406,45.279,47.453,48.03,47.436,50.101,49.012,49.825,52.895,54.41,56.096,62.738,62.746,63.423,67.333,69.504,73.639,75.585,78.226,74.492,76.882,79.178,83.688,86.955,88.608,89.457,82.271,97.223,103.86,114.317,109.425,94.074,105.088,114.962,124.359,129.514,160.756,180.458,146.721,164.703,164.884,215.538,191.285,168.69,143.153,136.324,140.407,123.494,128.191,137.384,147.677,146.213,155.502,152.527,154.039,135.366,124.534,122.342,113.98,71.998,61.982,66.266,67.406,65.754,82.618,91.404,85.069,88.746,83.387,79.758,70.033,76.534,79.605,78.605,86.346,88.87,87.663,89.268,94.884,93.402,76.598,79.354,69.942,67.15,70.805,77.053,80.405,78.89,81.664,90.197,79.604,78.181,80.013,84.061,73.913,67.241,65.961,66.114,68.727,73.74,73.868,74.84,84.419,87.141,84.908,86.036,77.958,77.784,75.989,67.831,61.129,64.929,60.621,66.822,70.448,78.113,82.124,85.717,93.018,95.637,99.264,85.142,67.191,65.007,70.754,69.918,70.175,78.709,81.176,81.387,85.343,91.611,93.03,92.609,99.375,105.309,98.75,96.566,104.496,115.932,117.987,119.749,116.669,122.017,126.547,120.653,119.092,129.176,133.615,135.555,98.132,80.399,78.663,76.54,90.256,101.224,114.617,115.914
"16","8","    Other structures \1\","W004RA3",73.549,74.367,78.119,74.854,72.85,70.174,69.568,70.127,68.679,66.817,65.227,64.475,66.202,66.343,67.029,68.506,69.916,73.112,73.115,72.841,69.251,67.212,64.105,63.64,58.621,59.242,58.111,57.043,60.491,60.222,61.451,62.454,62.153,63.786,64.98,67.17,66.861,73.416,76.289,76.503,75.691,79.873,83.171,83.449,83.032,79.658,75.075,75.031,77.363,75.563,77.247,72.691,72.137,70.803,69.911,72.871,70.696,75.045,73.949,81.763,84.892,88.448,90.798,89.212,93.804,99.33,96.555,99,95.884,88.857,88.744,91.884,94.508,97.507,97.169,97.949,92.048,91.465,87.74,89.61,92.722,89.463,92.136,94.016,98.666,99.518,99.377,93.502,91.316,85.447,82.842,79.725,77.049,79.799,80.542,77.019,78.699,85.965,88.427,86.256,83.459,84.986,82.706,80.736,86.035,89.287,96.313,99.852,105.454,106.383,110.01,115.027,117.54,122.394,124.225,131.388,123.003,131.495,133.079,134.439,132.68,133.973,127.421,128.67,132.767,135.316,137.606,132.6,124.39,124.023,146.634,117.949,111.823,111.105,105.526,104.161,100.829,106.961,105.541,104.377,103.08,107.296,107.444,105.536,102.983,98.537,98.288,100.192,103.075,109.889,110.877,112.949,112.394,123.92,130.99,136.64,139.75,144.658,144.596,138.504,126.036,122.919,112.392,99.916,89.368,85.567,82.062,78.942
"17","9","  Equipment and software","B010RA3",11.415,11.558,11.741,11.678,11.624,11.592,11.66,11.053,11.23,11.514,11.612,12.029,12.486,12.773,13.074,14.036,14.805,15.491,15.701,15.977,15.999,15.979,16.086,15.496,14.462,14.177,14.335,14.535,14.729,15.029,15.451,15.894,16.853,17.27,17.682,18.504,18.792,20.26,20.686,21.275,22.045,21.78,22.277,21.986,22.17,20.678,20.868,21.203,21.772,21.973,22.494,22.292,21.895,21.059,20.675,20.298,20.229,21.269,22.506,24.441,24.916,26.147,27.029,27.895,27.733,28.373,28.028,28.584,28.376,28.784,28.67,29.024,28.17,29.015,29.816,29.428,30.345,31.146,31.594,32.124,32.68,33.541,34.404,33.759,34.067,33.274,33.651,33.434,32.503,32.461,32.985,33.021,32.984,34.829,35.691,37.013,37.702,39.101,39.627,41.628,42.796,43.133,44.245,46.734,48.895,49.018,49.337,50.827,52.211,53.834,56.015,57.069,58.861,61.025,64.415,64.96,68.262,70.354,71.781,75.033,77.474,80.698,83.799,83.833,87.455,90.561,90.774,91.116,90.82,87.473,85.295,84.704,83.663,83.42,84.101,82.405,82.19,84.323,86.955,88.594,87.831,90.653,93.669,96.41,96.994,99.041,101.697,102.268,106.542,107.101,107.681,108.414,109.783,110.948,111.756,113.069,113.906,112.151,108.89,99.775,90.745,90.786,91.716,94.895,99.408,105.067,108.898,110.434
"18","10","    Information processing equipment and software","B679RA3",1.06,1.153,1.235,1.294,1.339,1.36,1.317,1.334,1.313,1.417,1.454,1.52,1.6,1.604,1.645,1.698,1.798,1.885,1.948,2.078,2.123,2.124,2.268,2.332,2.267,2.193,2.175,2.181,2.253,2.416,2.573,2.779,2.818,2.964,3.08,3.286,3.486,3.834,4.068,4.3,4.494,4.581,4.821,5.085,5.309,5.392,5.682,5.782,6.05,6.244,6.515,6.84,7.101,6.823,6.866,6.732,7.225,7.751,8.165,8.905,9.229,9.917,10.436,11.07,11.008,11.35,11.228,11.667,11.898,12.262,12.152,12.635,12.472,12.776,13.366,13.368,13.739,14.383,14.719,14.982,15.514,16.321,16.875,17.146,17.392,17.323,17.109,17.552,17.38,17.884,18.494,19.138,19.564,20.652,21.767,22.142,22.738,23.202,24.409,24.859,25.646,26.284,27.05,28.242,29.556,31.024,31.696,33.54,35.319,36.859,38.617,39.943,42.464,44.884,48.315,50.184,53.532,55.816,57.65,61.14,64.502,69.308,72.501,73.128,78.029,82.037,83.531,86.2,86.081,82.501,80.311,79.47,79.063,79.741,81.187,79.277,81.217,82.288,86.791,90.554,90.77,92.288,93.984,95.869,97.202,99.142,101.313,102.344,106.404,107.078,109.489,110.269,114.985,115.763,118.135,122.837,125.695,127.551,125.842,121.456,119.358,122.339,126.613,133.164,135.861,140.775,143.763,148.126
"19","11","      Computers and peripheral equipment \2\","B935RA3",0.006,0.007,0.008,0.009,0.01,0.01,0.009,0.009,0.009,0.012,0.014,0.016,0.02,0.019,0.02,0.019,0.019,0.021,0.02,0.024,0.023,0.023,0.033,0.033,0.031,0.027,0.026,0.029,0.032,0.04,0.043,0.05,0.051,0.057,0.063,0.074,0.086,0.111,0.132,0.154,0.166,0.181,0.203,0.233,0.241,0.282,0.344,0.371,0.416,0.432,0.484,0.594,0.637,0.567,0.585,0.583,0.735,0.852,0.975,1.039,1.194,1.372,1.57,1.754,1.715,1.882,1.805,1.991,2.107,2.209,2.055,2.129,2.433,2.599,2.817,2.833,2.861,3.025,3.136,3.184,3.385,3.742,3.837,3.876,3.83,3.66,3.47,3.706,3.594,3.724,4.068,4.544,4.62,5.372,5.828,5.97,6.479,6.67,7.327,7.45,7.933,8.306,8.729,9.734,10.785,12.508,13.501,15.536,16.811,18.084,19.704,20.959,23.32,26.037,29.395,30.817,35.258,38.506,40.573,44.945,51.002,57.048,59.515,58.743,61.997,68.828,71.206,72.391,75.265,70.601,65.676,69.726,73.416,71.932,75.416,74.104,76.449,76.869,81.277,86.645,84.779,87.1,90.678,95.408,93.424,96.614,101.152,108.81,115.862,120.198,128.085,128.366,136.32,134.657,141.009,149.591,161.191,168.124,159.881,147.045,142.355,147.922,155.815,180.635,182.749,200.624,201.263,214.72
"20","12","      Software \3\","B985RA3",0.541,0.6,0.669,0.735,0.789,0.828,0.827,0.803,0.796,0.836,0.88,0.941,0.976,1.006,1.037,1.033,1.075,1.121,1.175,1.237,1.267,1.286,1.366,1.469,1.59,1.597,1.57,1.561,1.591,1.682,1.757,1.834,1.778,1.785,1.78,1.809,1.907,2.039,2.182,2.347,2.448,2.578,2.699,2.829,2.92,3.024,3.174,3.335,3.435,3.528,3.662,3.85,4.108,4.212,4.214,4.18,4.42,4.723,5.128,5.43,5.698,5.983,6.393,6.833,7.083,7.366,7.438,7.698,7.909,8.222,8.381,8.584,8.867,9.235,9.621,10.006,10.413,10.901,11.501,12.16,13.026,13.973,15.017,15.942,16.504,17.054,16.9,17.85,18.429,19.026,19.505,20.407,21.299,22.275,23.14,24.181,24.65,25.095,25.703,26.185,26.973,27.609,28.27,28.769,29.187,30.063,31.149,32.38,33.686,35.096,36.59,38.68,42.745,45.026,47.889,50.867,52.778,54.645,57.326,60.631,63.578,68.179,71.96,74.255,76.83,78.943,79.108,81.519,82.142,80.278,79.331,76.924,77.626,79.681,81.482,79.453,81.3,82.163,86.857,90.18,91.307,91.92,94.747,97.468,97.881,100.279,100.866,100.973,102.024,103.129,104.821,106.764,109.593,109.72,110.609,112.003,116.226,116.858,117.57,116.973,115.015,117.54,119.562,123.6,126.35,128.839,131.877,134.635
"21","13","      Other \4\","B937RA3",8.489,9.045,9.579,9.907,9.879,10.081,9.905,10.027,9.805,10.143,10.118,10.303,10.348,10.455,10.647,11.348,12.146,12.673,13.2,13.863,14.193,14.227,14.331,14.642,14.052,13.747,13.741,13.576,13.852,14.461,15.432,16.603,16.97,17.814,18.415,19.398,20.15,21.443,22.147,22.809,23.716,23.656,24.508,25.301,26.51,25.855,26.171,26.009,26.747,27.58,28.175,28.049,28.644,27.819,27.804,27.042,27.49,28.626,28.861,32.014,31.692,33.284,33.578,34.669,34.328,34.286,34.202,34.653,34.676,35.371,35.692,37.338,34.018,33.947,34.988,34.377,35.46,36.961,37.139,37.23,37.501,38.163,38.909,38.814,39.467,39.291,39.392,39.116,38.13,39.025,39.663,39.487,39.967,40.638,42.631,42.557,42.806,43.567,45.687,46.55,47.392,48.126,49.178,50.527,52.348,52.805,51.935,53.028,55.489,57.06,58.715,58.93,59.379,60.935,64.351,65.325,68.377,69.774,70.335,72.954,74.177,77.919,80.919,80.755,89.33,93.186,95.526,99.563,96.576,91.755,89.85,87.867,83.619,83.866,83.689,81.597,83.428,85.095,89.406,92.865,93.036,95.239,94.594,94.049,98.048,98.838,101.89,101.223,107.752,106.424,107.586,107.075,112.895,115.367,118.215,125.859,123.876,125.656,122.927,116.28,114.825,117.454,123.527,127.51,130.239,134.286,137.856,141.475
"22","14","    Industrial equipment","B680RA3",53.472,54.568,56.213,55.639,56.956,56.074,55.988,53.995,51.398,50.527,50.742,52.157,51.87,54.307,56.516,58.156,60.379,64.297,66.582,69.847,71.086,71.832,70.622,67.619,61.415,59.353,59.04,58.583,59.9,59.921,59.699,60.049,61.383,61.453,64.355,66.709,67.564,70.095,72.288,72.547,75.847,75,74.718,77.12,75.285,72.284,70.457,71.643,71.405,71.307,71.459,70.898,68.425,66.354,64.271,61.359,58.088,58.225,60.867,62.558,66.191,67.712,69.292,71.18,70.64,72.349,70.958,73.099,71.733,70.688,71.774,71.51,69.774,68.871,70.28,69.672,69.775,72.638,74.963,75.202,77.758,78.393,79.575,77.258,76.737,73.329,73.569,71.249,70.116,69.024,69.029,67.825,67.607,69.046,70.754,73.627,74.261,74.689,75.683,80.258,80.816,81.434,83.691,86.145,89.948,91.343,91.994,91.199,93.354,95.117,94.221,95.316,94.856,96.666,97.205,97.439,102.362,101.471,99.39,99.753,99.571,101.005,102.337,102.549,107.439,110.272,112.247,110.522,110.77,102.907,98.576,95.747,96.573,94.1,95.239,94.683,94.207,97.812,95.237,92.688,88.876,90.974,93.799,95.638,97.862,96.733,100.683,104.722,103.425,110.363,109.443,109.986,108.107,115.872,116.112,110.566,111.274,110.351,107.985,101.975,86.541,83.213,80.998,80.385,80.422,88.127,89.605,92.213
"23","15","    Transportation equipment","B681RA3",39.836,38.99,37.997,35.815,32.833,32.103,32.823,27.481,32.539,33.383,33.325,36.015,37.99,38.148,37.409,43.594,45.685,48.257,47.805,47.226,45.583,44.312,43.825,37.333,36.123,35.009,37.668,38.562,39.522,40.156,41.021,43.141,48.519,49.643,49.375,51.583,51.104,56.755,55.752,56.456,59.857,56.642,58.842,54.393,51.846,44.666,45.828,45.202,46.926,45.172,46.47,43.801,43.136,40.534,37.625,40.29,40.198,42.03,46.576,53.147,50.943,54.273,55.561,55.964,55.295,56.718,57.383,55.84,53.087,54.593,55.306,53.643,49.301,53.972,53.007,49.707,54.489,54.402,53.028,55.253,50.332,49.854,49.944,45.431,48.367,46.194,50.877,49.075,48.797,46.792,48.154,45.55,43.031,50.199,47.055,52.357,51.693,59.118,54.949,62.624,65.584,63.184,64.836,73.935,78.377,70.666,69.276,71.214,70.307,72.501,79.223,79.132,79.341,81.19,85.418,80.31,81.84,85.51,90.115,99.188,100.111,103.315,109.686,105.781,104.97,106.252,102.041,96.601,93.792,94.396,90.516,94.536,89.734,85.38,84.025,80.305,72.357,78.403,79.253,79.103,78.41,86.274,93.027,99.652,95.931,99.119,104.398,100.552,111.504,106.815,106.606,107.612,107.35,101.288,99.745,100.511,100.196,87.013,75.114,52.468,35.335,38.817,37.676,41,52.744,60.651,68.682,63.569
"24","16","    Other equipment \5\","B862RA3",36.858,36.109,36.005,36.507,36.966,37.558,39.025,38.207,37.214,38.008,38.276,37.787,39.865,41.455,43.61,46.522,50.11,50.783,50.594,48.861,48.921,49.547,49.131,50.184,44.739,45.721,45.418,47.253,45.926,45.638,47.104,45.958,50.199,51.381,52.117,54.021,53.822,57.216,57.71,60.069,59.508,59.393,59.448,54.96,58.426,50.625,49.258,51.402,52.728,54.551,55.442,52.647,48.117,46.849,47.069,44.306,40.892,44,45.41,49.258,49.81,50.462,51.393,51.673,51.844,51.962,50.2,51.275,51.094,51.026,49.174,50.249,49.542,50.876,53.256,53.54,54.063,53.761,54.555,54.834,58.587,60.051,62.528,61.291,59.675,58.349,58.244,57.002,51.134,50.227,49.116,48.856,48.576,48.381,50.334,50.981,53.175,53.788,54.231,55.871,57.147,58.143,58.929,60.339,62.116,61.668,61.388,62.015,62.564,63.367,65.047,65.627,67.196,68.295,72.535,73.382,76.44,78.605,78.194,76.939,79.602,78.427,79.317,81.008,83.308,85.247,83.874,83.817,85.037,82.688,84.171,81.782,80.753,83.608,83.454,83.368,84.491,84.683,88.172,89.216,88.38,90.365,93.442,95.36,96.808,100.762,100.865,101.565,104.66,104.477,102.508,102.991,100.547,103.846,103.699,103.742,101.056,101.178,101.868,92.607,82.789,76.203,74.954,74.133,79.571,82.614,86.365,87.092
"25","17","Residential","B011RA3",35.12,34.743,34.459,31.939,32.003,29.87,31.462,34.779,36.635,40.332,42.319,43.959,46.891,47.811,47.922,49.634,51.303,48.693,46.627,44.399,41.143,39.349,38.052,33.045,31.004,31.67,33.876,35.358,38.973,40.094,39.44,44.467,45.808,51.049,50.887,50.215,50.468,52.892,53.626,53.438,52.189,51.214,50.606,48.694,44.968,36.649,37.275,40.917,40.186,38.824,35.829,32.159,30.305,29.349,29.256,31.398,36.749,41.103,45.174,47.083,48.391,49.287,48.814,48.864,48.713,49.102,49.725,50.908,53.084,56.03,56.893,56.791,56.641,56.89,56.718,56.996,55.763,56.205,56.24,56.734,56.362,54.693,54.097,52.96,53.5,51.442,48.519,45.832,43.105,44.124,45.952,46.96,49.356,51.244,51.361,53.106,53.348,53.976,55.839,58.651,59.895,61.879,61.204,60.401,59.06,57.161,58.929,60.265,61.85,64.462,64.284,63.62,63.835,64.643,64.939,65.606,66.775,68.782,70.847,72.544,72.975,73.76,74.373,75.283,75.872,75.355,74.032,74.096,74.435,75.482,75.89,75.245,77.254,79.149,79.61,80.826,81.607,83.465,87.722,90.101,90.904,94.324,95.284,96.032,97.773,100.049,101.073,101.105,100.031,95.502,89.988,85.194,81.468,78.895,73.633,67.526,62.228,59.929,56.206,50.934,45.515,43.089,44.185,44.092,42.67,45.177,41.719,42.068
"26","18","  Structures","B012RA3",35.716,35.28,34.974,32.329,32.387,30.16,31.789,35.197,37.109,40.914,42.962,44.607,47.578,48.506,48.564,50.296,51.971,49.257,47.116,44.792,41.388,39.516,38.214,33.141,31.04,31.716,33.975,35.49,39.224,40.369,39.672,44.853,46.298,51.599,51.353,50.605,50.909,53.372,54.136,53.915,52.615,51.557,50.877,48.911,45.09,36.582,37.212,40.94,40.177,38.807,35.718,31.955,30.088,29.097,29.005,31.201,36.644,41.083,45.217,47.155,48.463,49.346,48.845,48.881,48.705,49.068,49.682,50.848,53.048,56.069,56.928,56.811,56.655,56.904,56.682,56.944,55.699,56.127,56.159,56.647,56.267,54.557,53.981,52.801,53.348,51.272,48.307,45.583,42.807,43.819,45.726,46.773,49.174,51.1,51.217,52.971,53.225,53.86,55.749,58.645,59.926,61.928,61.239,60.382,59.022,57.104,58.893,60.26,61.897,64.534,64.375,63.684,63.931,64.747,65.042,65.714,66.884,68.887,70.968,72.669,73.073,73.83,74.416,75.333,75.894,75.358,74.007,74.055,74.4,75.46,75.866,75.18,77.206,79.119,79.599,80.823,81.615,83.451,87.711,90.091,90.881,94.321,95.264,95.995,97.766,100.057,101.092,101.084,99.97,95.399,89.818,84.973,81.196,78.612,73.283,67.104,61.761,59.413,55.685,50.411,44.954,42.522,43.601,43.476,42.007,44.52,41.016,41.34
"27","19","    Permanent site","B943RA3",41.777,41.238,39.757,37.943,35.974,33.423,36.439,39.547,43.324,48.068,51.175,53.342,57.565,59.327,59.267,60.839,63.191,62.029,58.363,52.321,47.202,45.074,41.922,36.487,32.234,30.47,32.756,35.207,38.97,41.712,44.023,47.042,50.565,57.12,57.037,56.884,55.959,57.576,59.47,58.778,56.472,54.834,54.184,51.402,44.683,35.154,33.951,38.582,40.002,38.124,33.608,28.8,26.697,25.996,26.81,30.034,37.006,42.703,48.234,51.045,52.375,53.103,52.641,52.189,51.952,51.641,51.514,52.489,54.973,57.737,59.584,59.438,58.549,58.513,58.622,59.156,56.496,56.379,56.176,57.351,57.574,55.765,54.397,53.074,54.512,52.044,48.269,44.627,40.363,40.904,44.489,45.937,47.785,50.783,50.253,51.398,51.856,51.898,53.481,56.486,58.653,61.189,60.401,59.057,57.24,54.001,55.12,57.162,59.179,62.424,61.889,61.01,60.872,61.658,61.101,62.195,63.672,65.804,68.78,70.911,71.641,71.534,72.125,73.868,74.712,73.799,71.451,71.546,72.523,73.817,74.147,72.732,73.898,76.245,77.005,77.879,79.524,80.595,84.908,89.841,90.392,93.354,94.902,94.979,97.684,99.323,100.651,102.342,101.968,95.035,87.652,80.412,75.155,71.787,66.296,58.492,51.653,48.351,43.102,37.145,29.726,25.389,26.54,26.444,26.52,27.376,25.593,24.607
"28","20","      Single family","B944RA3",32.121,30.589,29.085,27.246,25.414,23.573,25.967,28.468,31.689,35.639,37.399,38.842,41.736,42.536,42.743,43.637,45.546,44.451,40.731,36.205,33.118,33.375,32.245,29.376,26.766,27.094,30.286,32.828,36.96,39.929,41.854,44.144,47.446,53.912,53.83,54.078,53.045,53.732,55.058,54.319,51.519,48.711,47.412,43.908,37.011,28.431,27.997,32.5,33.006,31.285,27.325,22.967,20.923,20.698,21.48,24.801,31.296,36.471,41.383,43.412,44.585,45.247,43.815,43.382,43.479,43.522,43.546,44.954,47.137,49.355,52.137,52.278,53.067,54.01,54.742,55.208,53.072,53.609,53.305,54.436,54.591,52.404,50.947,50.316,52.16,49.609,45.591,41.916,37.651,39.15,43.729,45.338,47.696,50.341,50.86,52.551,53.494,53.627,55.03,58.458,60.611,62.793,61.274,59.457,57.144,53.606,54.382,56.492,58.416,61.423,61.722,60.557,59.866,60.447,60.154,60.874,62.747,65.497,68.596,70.859,71.409,71.131,71.387,73.5,74.712,73.544,71.322,71.055,71.991,73.388,73.723,71.951,73.041,75.467,76.364,77.457,79.109,80.311,84.807,90.334,90.861,93.772,95.039,95.037,97.772,99.242,100.543,102.443,102.06,94.442,86.405,77.977,72.44,69.613,64.135,55.848,48.33,44.512,38.801,32.817,25.369,21.854,24.497,25.577,26.732,28.115,26.046,24.873
"29","21","      Multifamily","B292RA3",120.82,129.046,127.951,126.612,123.719,115.294,123.358,131.359,139.484,150.538,165.048,173.284,188.589,198.555,196.147,203.454,209.38,207.784,205.096,186.576,164.315,141.562,121.074,93.845,75.709,55.774,49.754,51.057,51.05,51.408,56.771,65.772,70.735,77.109,77.044,73.425,73.608,83.15,89.755,89.538,91.955,101.139,106.504,110.862,107.033,90.546,82.487,87.417,97.057,94.081,85.229,77.055,74.655,69.771,70.75,72.907,83.595,93.492,104.053,113.318,115.921,117.165,124.809,124.186,121.159,117.918,116.553,113.992,118.957,126.16,120.468,117.967,103.547,95.598,90.634,91.713,84.765,79.332,79.951,81.487,82.269,83.618,83.023,75.803,73.688,72,70.445,67.155,62.973,55.163,50.071,50.107,47.568,53.522,44.011,40.426,36.647,35.854,38.952,38.12,40.344,46.041,51.931,54.938,57.725,57.277,61.577,62.962,65.807,71.227,63.029,64.785,69.728,72.369,69.41,73.827,71.757,68.519,70.427,71.438,73.719,75.092,78.585,77.119,74.79,76.078,72.65,75.876,77.217,77.607,77.897,79.64,81.458,83.108,82.657,81.626,83.213,83.123,85.804,85.381,86.132,89.538,93.639,94.414,96.817,100.026,101.644,101.513,101.349,100.511,98.842,101.918,98.91,90.84,85.245,81.486,80.247,81.042,79.187,73.004,65.201,54.172,44.016,34.99,26.926,23.876,24.12,24.466
"30","22","    Other structures \6\","B863RA3",26.353,26.079,27.563,23.69,26.777,25.056,24.601,28.402,27.56,29.936,30.387,31.235,32.301,31.958,32.196,34.183,34.814,29.681,29.878,33.346,32.569,31.068,32.589,28.074,29.249,33.663,35.894,35.978,39.675,38.388,33.083,41.558,39.857,43.255,42.75,41.08,43.278,47.074,46.071,46.588,46.855,46.7,45.969,45.272,45.98,39.025,42.529,44.863,40.66,40.094,39.234,37.083,35.568,34.117,32.608,33.206,36.287,38.792,40.782,41.381,42.662,43.79,43.226,44.017,43.934,45.336,47.092,48.559,50.334,53.765,53.102,53.027,54.006,54.697,53.959,53.803,54.737,56.009,56.401,55.835,54.521,52.956,53.6,52.633,51.823,50.335,48.588,47.248,46.707,48.429,47.816,48.267,51.512,51.844,52.931,55.61,55.559,57.089,59.453,62.198,62.128,63.321,62.778,62.674,62.015,62.148,64.983,65.303,66.357,68.061,68.486,68.081,68.93,69.797,71.425,71.44,72.131,73.938,74.609,75.624,75.502,77.643,78.222,77.81,77.916,77.988,78.241,78.214,77.541,78.225,78.75,79.245,82.672,83.88,83.908,85.706,85.1,88.199,92.371,90.548,91.718,95.945,95.869,97.704,97.915,101.306,101.841,98.938,96.535,96.007,93.511,92.794,91.574,90.339,85.295,81.913,79.126,78.389,77.191,73.027,70.895,71.7,72.645,72.464,68.392,73.694,67.279,69.783
"31","23","  Equipment","B013RA3",17.732,18.714,18.96,19.517,19.716,19.944,20.512,21.401,21.768,22.562,22.919,24.263,25.967,26.594,28.005,29.062,30.495,30.75,30.808,31.311,32.344,32.822,31.714,28.788,28.535,28.896,29.511,30.024,30.11,30.494,31.045,31.423,29.623,32.86,35.261,36.943,35.635,36.81,36.612,37.467,37.879,39.686,41.502,41.465,41.055,39.339,39.838,40.444,40.823,39.771,40.121,39.755,38.365,38.626,38.514,38.742,40.897,42.223,44.093,44.952,46.267,47.655,48.172,48.738,49.491,50.848,51.841,53.693,55,55.067,56.084,56.602,56.639,56.871,58.72,59.63,58.891,59.944,60.077,60.798,60.79,60.808,59.355,60.032,60.261,58.921,57.846,56.712,56.138,57.429,55.873,55.159,57.31,57.531,57.7,59.001,58.715,59.033,59.735,58.683,58.177,59.274,59.279,60.98,60.576,59.642,60.364,60.201,59.233,60.666,59.531,60.201,58.828,59.201,59.622,59.957,61.159,63.371,64.524,66.037,67.854,70.193,72.234,72.776,74.948,75.496,75.804,76.76,76.766,77.049,77.631,79.458,80.438,81.22,80.484,81.193,81.265,84.558,88.531,90.909,92.601,94.591,96.816,98.875,98.29,99.462,99.563,102.686,104.793,103.649,103.582,102.98,103.462,101.831,102.036,101.869,100.331,102.039,98.755,93.584,91.209,89.282,91.792,94.261,96.793,98.733,99.309,101.765
"32",NA,"Addenda:"," ",NA,NA,NA,NA,NA,NA,NA,NA,NA,NA,NA,NA,NA,NA,NA,NA,NA,NA,NA,NA,NA,NA,NA,NA,NA,NA,NA,NA,NA,NA,NA,NA,NA,NA,NA,NA,NA,NA,NA,NA,NA,NA,NA,NA,NA,NA,NA,NA,NA,NA,NA,NA,NA,NA,NA,NA,NA,NA,NA,NA,NA,NA,NA,NA,NA,NA,NA,NA,NA,NA,NA,NA,NA,NA,NA,NA,NA,NA,NA,NA,NA,NA,NA,NA,NA,NA,NA,NA,NA,NA,NA,NA,NA,NA,NA,NA,NA,NA,NA,NA,NA,NA,NA,NA,NA,NA,NA,NA,NA,NA,NA,NA,NA,NA,NA,NA,NA,NA,NA,NA,NA,NA,NA,NA,NA,NA,NA,NA,NA,NA,NA,NA,NA,NA,NA,NA,NA,NA,NA,NA,NA,NA,NA,NA,NA,NA,NA,NA,NA,NA,NA,NA,NA,NA,NA,NA,NA,NA,NA,NA,NA,NA,NA,NA,NA,NA,NA,NA
"33","24","  Private fixed investment in structures","A349RA3",46.92,46.781,47.593,45.569,45.439,43.648,44.878,46.978,48.253,50.837,52.176,53.255,55.891,56.658,56.749,58.317,60.247,59.127,58.209,56.367,53.873,52.485,50.495,46.756,44.084,43.671,45.323,46.364,49.496,50.206,49.965,53.569,54.477,58.951,59.144,58.808,58.977,63.009,65.258,66.266,65.202,64.891,65.789,65.374,63.219,56.597,57.185,60.687,60.117,60.395,59.158,59.226,56.788,54.938,52.92,53.629,55.974,57.534,61.061,63.237,65.893,68.136,68.865,69.254,70.627,70.856,70.517,71.773,72.396,71.182,70.652,70.764,69.947,70.482,71.582,72.364,70.272,71.215,70.811,71.077,71.309,69.745,70.434,69.403,70.497,68.875,66.671,63.284,60.667,60.538,59.94,60.113,61.462,62.822,63.137,64.707,64.192,64.598,66.062,68.605,68.404,71.307,70.789,70.465,70.202,69.417,70.893,71.609,73.282,75.79,76.053,77.128,77.588,77.873,79.305,80.009,80.458,83.679,85.141,86.268,86.403,86.502,86.886,87.945,89.02,90.133,90.597,90.793,89.96,90.837,91.336,87.214,86.731,86.266,85.204,85.614,85.876,88.026,90.929,92.447,92.822,95.562,96.521,97.063,98.847,100.305,100.341,100.507,101.136,99.768,96.888,93.778,92.229,92.975,91.781,88.542,85.078,84.399,81.598,77.203,68.136,64.413,63.884,60.837,58.325,59.905,57.383,57.653
"34","25","  Private fixed investment in equipment and software","A327RA3",11.463,11.613,11.797,11.739,11.688,11.659,11.731,11.138,11.317,11.605,11.705,12.13,12.598,12.888,13.198,14.161,14.935,15.617,15.826,16.103,16.133,16.118,16.214,15.605,14.578,14.299,14.461,14.663,14.856,15.157,15.58,16.022,16.959,17.399,17.827,18.656,18.932,20.397,20.819,21.409,22.177,21.928,22.436,22.147,22.327,20.832,21.024,21.362,21.929,22.121,22.64,22.437,22.032,21.205,20.823,20.45,20.4,21.442,22.685,24.61,25.093,26.325,27.204,28.067,27.913,28.559,28.225,28.792,28.596,29.001,28.897,29.252,28.405,29.245,30.055,29.678,30.581,31.384,31.83,32.361,32.913,33.767,34.611,33.976,34.284,33.487,33.851,33.627,32.698,32.667,33.175,33.205,33.186,35.018,35.874,37.196,37.877,39.268,39.795,41.77,42.925,43.268,44.371,46.853,48.992,49.106,49.429,50.904,52.268,53.89,56.041,57.091,58.855,61.003,64.366,64.908,68.191,70.283,71.708,74.943,77.378,80.594,83.684,83.723,87.331,90.412,90.627,90.974,90.681,87.369,85.218,84.651,83.631,83.398,84.065,82.393,82.18,84.325,86.971,88.617,87.877,90.691,93.7,96.434,97.007,99.045,101.676,102.272,106.525,107.067,107.641,108.36,109.72,110.858,111.66,112.959,113.772,112.051,108.79,99.714,90.749,90.77,91.717,94.888,99.383,105.006,108.807,110.351
"35","26","  Private fixed investment in new structures \7\","W040RA3",50.844,50.7,51.653,49.409,49.381,47.339,48.547,50.843,52.128,54.924,56.402,57.489,60.331,61.159,61.084,62.69,64.663,63.586,62.713,60.692,57.729,56.173,54.049,50.052,46.927,46.095,47.787,48.743,52.11,52.883,52.468,56.303,57.079,61.874,62.038,61.64,61.708,65.996,68.611,69.562,68.508,68.11,69.184,69.09,67.067,60.413,60.314,64.223,64.132,64.459,63.33,63.747,61.144,59.182,56.876,57.314,59.544,61.124,64.885,67.22,69.974,72.492,73.491,73.943,75.15,75.39,74.712,76.158,76.908,75.285,74.835,74.709,73.805,74.445,75.998,76.97,74.299,74.874,74.362,74.72,75.344,73.916,74.33,73.313,74.578,72.981,70.526,67.113,63.971,63.321,62.943,63.22,64.156,65.848,66.406,67.825,67.619,67.972,69.251,71.713,71.606,74.619,74.299,74.085,73.847,72.958,73.954,74.884,76.658,79.13,79.38,80.706,81.032,81.197,82.382,82.736,83.516,86.645,88.217,89.356,89.663,89.206,89.555,91.018,92.112,93.204,93.607,93.72,92.975,93.824,92.82,89.969,88.742,88.144,87.287,87.317,87.697,89.408,91.701,93.93,93.985,95.725,96.786,97.139,99.268,99.951,99.833,100.948,102.161,100.678,98.12,94.759,93.25,94.404,94.05,91.169,87.67,86.748,83.807,79.69,70.149,65.806,64.835,61.073,59.161,60.145,58.716,58.588
"36","27","    Nonresidential structures","A771RA3",72.154,72.742,76.196,75.706,75.161,74.443,74.78,73.965,73.82,73.662,73.419,73.247,75.158,75.578,75.746,76.937,79.384,81.827,83.645,82.849,82.366,81.999,78.437,77.448,73.476,70.73,71.139,71.199,73.138,72.951,73.685,73.895,73.584,76.258,77.373,77.947,77.78,85.364,91.017,94.876,94.401,95.788,100.27,103.342,104.937,102.665,103.228,106.296,106.252,110.28,113.052,121.37,117.478,113.623,107.351,104.919,100.71,95.963,98.204,100.947,106.655,111.976,115.483,116.647,121.527,121.443,119.106,120.43,117.466,106.425,102.643,103.264,100.854,102.04,106.277,108.302,104.207,106.319,104.875,104.412,106.25,105.116,108.834,108.213,110.64,110.123,109.724,104.827,102.573,99.803,93.376,91.515,90.35,90.338,91.096,92.178,89.832,89.673,90.075,91.724,87.988,92.943,92.834,93.765,96.104,98.009,98.712,97.86,99.56,101.695,102.901,108.062,108.981,108.037,112.098,111.51,111.724,117.766,117.83,117.611,117.117,115.726,115.649,117.034,119.251,124.172,128.833,129.396,125.87,126.325,122.329,115.029,108.777,102.978,98.526,97.174,96.173,98.991,98.727,98.197,97.568,98.635,99.546,99.56,101.241,100.806,98.668,99.285,103.73,109.168,111.936,112.427,115.383,122.736,129.585,131.871,131.806,134.193,132.949,129.873,113.839,107.615,104.168,95.602,91.101,91.001,90.223,90.395
"37","28","    Residential structures","A756RA3",39.765,39.27,38.991,35.912,36.125,33.441,35.059,38.918,40.915,45.195,47.542,49.27,52.589,53.628,53.428,55.241,56.963,54.093,51.851,49.207,44.979,42.8,41.416,35.792,33.094,33.281,35.677,37.119,41.272,42.558,41.53,47.291,48.641,54.575,54.236,53.326,53.505,56.104,57.169,56.64,55.295,53.98,53.304,51.581,47.707,38.866,38.447,42.783,42.705,41.133,37.936,34.113,32.118,31.122,30.908,32.908,38.604,43.505,48.07,50.195,51.432,52.516,52.235,52.324,51.672,52.079,52.247,53.757,56.379,59.484,60.693,60.188,60.018,60.377,60.603,61.051,59.099,58.916,58.868,59.629,59.651,58.087,56.866,55.656,56.338,54.211,50.739,48.076,44.491,44.907,47.562,48.9,50.873,53.4,53.853,55.429,56.275,56.879,58.583,61.43,63.107,65.146,64.723,63.944,62.438,60.177,61.31,63.119,64.92,67.546,67.32,66.737,66.764,67.481,67.222,68.046,69.111,70.754,73.094,74.923,75.637,75.65,76.212,77.709,78.233,77.402,75.663,75.544,76.197,77.24,77.752,77.157,78.489,80.561,81.557,82.295,83.372,84.517,88.107,91.737,92.144,94.22,95.352,95.866,98.208,99.478,100.448,101.866,101.353,96.065,90.526,84.968,80.869,78.402,73.779,67.766,62.117,59.141,55.079,50.179,44.495,41.227,41.786,40.912,40.547,42.208,40.353,40.037
"38",NA,NA,NA,NA,NA,NA,NA,NA,NA,NA,NA,NA,NA,NA,NA,NA,NA,NA,NA,NA,NA,NA,NA,NA,NA,NA,NA,NA,NA,NA,NA,NA,NA,NA,NA,NA,NA,NA,NA,NA,NA,NA,NA,NA,NA,NA,NA,NA,NA,NA,NA,NA,NA,NA,NA,NA,NA,NA,NA,NA,NA,NA,NA,NA,NA,NA,NA,NA,NA,NA,NA,NA,NA,NA,NA,NA,NA,NA,NA,NA,NA,NA,NA,NA,NA,NA,NA,NA,NA,NA,NA,NA,NA,NA,NA,NA,NA,NA,NA,NA,NA,NA,NA,NA,NA,NA,NA,NA,NA,NA,NA,NA,NA,NA,NA,NA,NA,NA,NA,NA,NA,NA,NA,NA,NA,NA,NA,NA,NA,NA,NA,NA,NA,NA,NA,NA,NA,NA,NA,NA,NA,NA,NA,NA,NA,NA,NA,NA,NA,NA,NA,NA,NA,NA,NA,NA,NA,NA,NA,NA,NA,NA,NA,NA,NA,NA,NA,NA,NA,NA,NA
"39","1. Consists primarily of religious, educational, vocational, lodging, railroads, farm, and amusement and recreational",NA,NA,NA,NA,NA,NA,NA,NA,NA,NA,NA,NA,NA,NA,NA,NA,NA,NA,NA,NA,NA,NA,NA,NA,NA,NA,NA,NA,NA,NA,NA,NA,NA,NA,NA,NA,NA,NA,NA,NA,NA,NA,NA,NA,NA,NA,NA,NA,NA,NA,NA,NA,NA,NA,NA,NA,NA,NA,NA,NA,NA,NA,NA,NA,NA,NA,NA,NA,NA,NA,NA,NA,NA,NA,NA,NA,NA,NA,NA,NA,NA,NA,NA,NA,NA,NA,NA,NA,NA,NA,NA,NA,NA,NA,NA,NA,NA,NA,NA,NA,NA,NA,NA,NA,NA,NA,NA,NA,NA,NA,NA,NA,NA,NA,NA,NA,NA,NA,NA,NA,NA,NA,NA,NA,NA,NA,NA,NA,NA,NA,NA,NA,NA,NA,NA,NA,NA,NA,NA,NA,NA,NA,NA,NA,NA,NA,NA,NA,NA,NA,NA,NA,NA,NA,NA,NA,NA,NA,NA,NA,NA,NA,NA,NA,NA,NA,NA,NA,NA,NA
"40","structures, net purchases of used structures, and brokers' commissions on the sale of structures.",NA,NA,NA,NA,NA,NA,NA,NA,NA,NA,NA,NA,NA,NA,NA,NA,NA,NA,NA,NA,NA,NA,NA,NA,NA,NA,NA,NA,NA,NA,NA,NA,NA,NA,NA,NA,NA,NA,NA,NA,NA,NA,NA,NA,NA,NA,NA,NA,NA,NA,NA,NA,NA,NA,NA,NA,NA,NA,NA,NA,NA,NA,NA,NA,NA,NA,NA,NA,NA,NA,NA,NA,NA,NA,NA,NA,NA,NA,NA,NA,NA,NA,NA,NA,NA,NA,NA,NA,NA,NA,NA,NA,NA,NA,NA,NA,NA,NA,NA,NA,NA,NA,NA,NA,NA,NA,NA,NA,NA,NA,NA,NA,NA,NA,NA,NA,NA,NA,NA,NA,NA,NA,NA,NA,NA,NA,NA,NA,NA,NA,NA,NA,NA,NA,NA,NA,NA,NA,NA,NA,NA,NA,NA,NA,NA,NA,NA,NA,NA,NA,NA,NA,NA,NA,NA,NA,NA,NA,NA,NA,NA,NA,NA,NA,NA,NA,NA,NA,NA,NA
"41","2. Annual chain-type quantity indexes for computers and peripheral equipment:",NA,NA,NA,NA,NA,NA,NA,NA,NA,NA,NA,NA,NA,NA,NA,NA,NA,NA,NA,NA,NA,NA,NA,NA,NA,NA,NA,NA,NA,NA,NA,NA,NA,NA,NA,NA,NA,NA,NA,NA,NA,NA,NA,NA,NA,NA,NA,NA,NA,NA,NA,NA,NA,NA,NA,NA,NA,NA,NA,NA,NA,NA,NA,NA,NA,NA,NA,NA,NA,NA,NA,NA,NA,NA,NA,NA,NA,NA,NA,NA,NA,NA,NA,NA,NA,NA,NA,NA,NA,NA,NA,NA,NA,NA,NA,NA,NA,NA,NA,NA,NA,NA,NA,NA,NA,NA,NA,NA,NA,NA,NA,NA,NA,NA,NA,NA,NA,NA,NA,NA,NA,NA,NA,NA,NA,NA,NA,NA,NA,NA,NA,NA,NA,NA,NA,NA,NA,NA,NA,NA,NA,NA,NA,NA,NA,NA,NA,NA,NA,NA,NA,NA,NA,NA,NA,NA,NA,NA,NA,NA,NA,NA,NA,NA,NA,NA,NA,NA,NA,NA
"42","1959, .0000051; 1960, .000062; 1961, .000115; 1962, .00022; 1963, .00070.",NA,NA,NA,NA,NA,NA,NA,NA,NA,NA,NA,NA,NA,NA,NA,NA,NA,NA,NA,NA,NA,NA,NA,NA,NA,NA,NA,NA,NA,NA,NA,NA,NA,NA,NA,NA,NA,NA,NA,NA,NA,NA,NA,NA,NA,NA,NA,NA,NA,NA,NA,NA,NA,NA,NA,NA,NA,NA,NA,NA,NA,NA,NA,NA,NA,NA,NA,NA,NA,NA,NA,NA,NA,NA,NA,NA,NA,NA,NA,NA,NA,NA,NA,NA,NA,NA,NA,NA,NA,NA,NA,NA,NA,NA,NA,NA,NA,NA,NA,NA,NA,NA,NA,NA,NA,NA,NA,NA,NA,NA,NA,NA,NA,NA,NA,NA,NA,NA,NA,NA,NA,NA,NA,NA,NA,NA,NA,NA,NA,NA,NA,NA,NA,NA,NA,NA,NA,NA,NA,NA,NA,NA,NA,NA,NA,NA,NA,NA,NA,NA,NA,NA,NA,NA,NA,NA,NA,NA,NA,NA,NA,NA,NA,NA,NA,NA,NA,NA,NA,NA
"43","Quarterly chain-type quantity indexes for computers and peripheral equipment:",NA,NA,NA,NA,NA,NA,NA,NA,NA,NA,NA,NA,NA,NA,NA,NA,NA,NA,NA,NA,NA,NA,NA,NA,NA,NA,NA,NA,NA,NA,NA,NA,NA,NA,NA,NA,NA,NA,NA,NA,NA,NA,NA,NA,NA,NA,NA,NA,NA,NA,NA,NA,NA,NA,NA,NA,NA,NA,NA,NA,NA,NA,NA,NA,NA,NA,NA,NA,NA,NA,NA,NA,NA,NA,NA,NA,NA,NA,NA,NA,NA,NA,NA,NA,NA,NA,NA,NA,NA,NA,NA,NA,NA,NA,NA,NA,NA,NA,NA,NA,NA,NA,NA,NA,NA,NA,NA,NA,NA,NA,NA,NA,NA,NA,NA,NA,NA,NA,NA,NA,NA,NA,NA,NA,NA,NA,NA,NA,NA,NA,NA,NA,NA,NA,NA,NA,NA,NA,NA,NA,NA,NA,NA,NA,NA,NA,NA,NA,NA,NA,NA,NA,NA,NA,NA,NA,NA,NA,NA,NA,NA,NA,NA,NA,NA,NA,NA,NA,NA,NA
"44","1959:1, .0000008; 1959:2, .0000004; 1959:3, .0000040; 1959:4, .0000152;",NA,NA,NA,NA,NA,NA,NA,NA,NA,NA,NA,NA,NA,NA,NA,NA,NA,NA,NA,NA,NA,NA,NA,NA,NA,NA,NA,NA,NA,NA,NA,NA,NA,NA,NA,NA,NA,NA,NA,NA,NA,NA,NA,NA,NA,NA,NA,NA,NA,NA,NA,NA,NA,NA,NA,NA,NA,NA,NA,NA,NA,NA,NA,NA,NA,NA,NA,NA,NA,NA,NA,NA,NA,NA,NA,NA,NA,NA,NA,NA,NA,NA,NA,NA,NA,NA,NA,NA,NA,NA,NA,NA,NA,NA,NA,NA,NA,NA,NA,NA,NA,NA,NA,NA,NA,NA,NA,NA,NA,NA,NA,NA,NA,NA,NA,NA,NA,NA,NA,NA,NA,NA,NA,NA,NA,NA,NA,NA,NA,NA,NA,NA,NA,NA,NA,NA,NA,NA,NA,NA,NA,NA,NA,NA,NA,NA,NA,NA,NA,NA,NA,NA,NA,NA,NA,NA,NA,NA,NA,NA,NA,NA,NA,NA,NA,NA,NA,NA,NA,NA
"45","1960:1, .000043;  1960:2, .000049;  1960:3, .000067;  1960:4, .000090;",NA,NA,NA,NA,NA,NA,NA,NA,NA,NA,NA,NA,NA,NA,NA,NA,NA,NA,NA,NA,NA,NA,NA,NA,NA,NA,NA,NA,NA,NA,NA,NA,NA,NA,NA,NA,NA,NA,NA,NA,NA,NA,NA,NA,NA,NA,NA,NA,NA,NA,NA,NA,NA,NA,NA,NA,NA,NA,NA,NA,NA,NA,NA,NA,NA,NA,NA,NA,NA,NA,NA,NA,NA,NA,NA,NA,NA,NA,NA,NA,NA,NA,NA,NA,NA,NA,NA,NA,NA,NA,NA,NA,NA,NA,NA,NA,NA,NA,NA,NA,NA,NA,NA,NA,NA,NA,NA,NA,NA,NA,NA,NA,NA,NA,NA,NA,NA,NA,NA,NA,NA,NA,NA,NA,NA,NA,NA,NA,NA,NA,NA,NA,NA,NA,NA,NA,NA,NA,NA,NA,NA,NA,NA,NA,NA,NA,NA,NA,NA,NA,NA,NA,NA,NA,NA,NA,NA,NA,NA,NA,NA,NA,NA,NA,NA,NA,NA,NA,NA,NA
"46","1961:1, .000090;  1961:2, .000095;  1961:3, .000136;  1961:4, .000137;",NA,NA,NA,NA,NA,NA,NA,NA,NA,NA,NA,NA,NA,NA,NA,NA,NA,NA,NA,NA,NA,NA,NA,NA,NA,NA,NA,NA,NA,NA,NA,NA,NA,NA,NA,NA,NA,NA,NA,NA,NA,NA,NA,NA,NA,NA,NA,NA,NA,NA,NA,NA,NA,NA,NA,NA,NA,NA,NA,NA,NA,NA,NA,NA,NA,NA,NA,NA,NA,NA,NA,NA,NA,NA,NA,NA,NA,NA,NA,NA,NA,NA,NA,NA,NA,NA,NA,NA,NA,NA,NA,NA,NA,NA,NA,NA,NA,NA,NA,NA,NA,NA,NA,NA,NA,NA,NA,NA,NA,NA,NA,NA,NA,NA,NA,NA,NA,NA,NA,NA,NA,NA,NA,NA,NA,NA,NA,NA,NA,NA,NA,NA,NA,NA,NA,NA,NA,NA,NA,NA,NA,NA,NA,NA,NA,NA,NA,NA,NA,NA,NA,NA,NA,NA,NA,NA,NA,NA,NA,NA,NA,NA,NA,NA,NA,NA,NA,NA,NA,NA
"47","1962:1, .00016;   1962:2, .00015;   1962:3, .00022;   1962:4, .00033;",NA,NA,NA,NA,NA,NA,NA,NA,NA,NA,NA,NA,NA,NA,NA,NA,NA,NA,NA,NA,NA,NA,NA,NA,NA,NA,NA,NA,NA,NA,NA,NA,NA,NA,NA,NA,NA,NA,NA,NA,NA,NA,NA,NA,NA,NA,NA,NA,NA,NA,NA,NA,NA,NA,NA,NA,NA,NA,NA,NA,NA,NA,NA,NA,NA,NA,NA,NA,NA,NA,NA,NA,NA,NA,NA,NA,NA,NA,NA,NA,NA,NA,NA,NA,NA,NA,NA,NA,NA,NA,NA,NA,NA,NA,NA,NA,NA,NA,NA,NA,NA,NA,NA,NA,NA,NA,NA,NA,NA,NA,NA,NA,NA,NA,NA,NA,NA,NA,NA,NA,NA,NA,NA,NA,NA,NA,NA,NA,NA,NA,NA,NA,NA,NA,NA,NA,NA,NA,NA,NA,NA,NA,NA,NA,NA,NA,NA,NA,NA,NA,NA,NA,NA,NA,NA,NA,NA,NA,NA,NA,NA,NA,NA,NA,NA,NA,NA,NA,NA,NA
"48","1963:1, .00049;   1963:2, .00065;   1963:3, .00078;   1963:4, .00085.",NA,NA,NA,NA,NA,NA,NA,NA,NA,NA,NA,NA,NA,NA,NA,NA,NA,NA,NA,NA,NA,NA,NA,NA,NA,NA,NA,NA,NA,NA,NA,NA,NA,NA,NA,NA,NA,NA,NA,NA,NA,NA,NA,NA,NA,NA,NA,NA,NA,NA,NA,NA,NA,NA,NA,NA,NA,NA,NA,NA,NA,NA,NA,NA,NA,NA,NA,NA,NA,NA,NA,NA,NA,NA,NA,NA,NA,NA,NA,NA,NA,NA,NA,NA,NA,NA,NA,NA,NA,NA,NA,NA,NA,NA,NA,NA,NA,NA,NA,NA,NA,NA,NA,NA,NA,NA,NA,NA,NA,NA,NA,NA,NA,NA,NA,NA,NA,NA,NA,NA,NA,NA,NA,NA,NA,NA,NA,NA,NA,NA,NA,NA,NA,NA,NA,NA,NA,NA,NA,NA,NA,NA,NA,NA,NA,NA,NA,NA,NA,NA,NA,NA,NA,NA,NA,NA,NA,NA,NA,NA,NA,NA,NA,NA,NA,NA,NA,NA,NA,NA
"49","3. Excludes software ""embedded,'' or bundled, in computers and other equipment.",NA,NA,NA,NA,NA,NA,NA,NA,NA,NA,NA,NA,NA,NA,NA,NA,NA,NA,NA,NA,NA,NA,NA,NA,NA,NA,NA,NA,NA,NA,NA,NA,NA,NA,NA,NA,NA,NA,NA,NA,NA,NA,NA,NA,NA,NA,NA,NA,NA,NA,NA,NA,NA,NA,NA,NA,NA,NA,NA,NA,NA,NA,NA,NA,NA,NA,NA,NA,NA,NA,NA,NA,NA,NA,NA,NA,NA,NA,NA,NA,NA,NA,NA,NA,NA,NA,NA,NA,NA,NA,NA,NA,NA,NA,NA,NA,NA,NA,NA,NA,NA,NA,NA,NA,NA,NA,NA,NA,NA,NA,NA,NA,NA,NA,NA,NA,NA,NA,NA,NA,NA,NA,NA,NA,NA,NA,NA,NA,NA,NA,NA,NA,NA,NA,NA,NA,NA,NA,NA,NA,NA,NA,NA,NA,NA,NA,NA,NA,NA,NA,NA,NA,NA,NA,NA,NA,NA,NA,NA,NA,NA,NA,NA,NA,NA,NA,NA,NA,NA,NA
"50","4. Includes communication equipment, nonmedical instruments, medical equipment and instruments, photocopy and related",NA,NA,NA,NA,NA,NA,NA,NA,NA,NA,NA,NA,NA,NA,NA,NA,NA,NA,NA,NA,NA,NA,NA,NA,NA,NA,NA,NA,NA,NA,NA,NA,NA,NA,NA,NA,NA,NA,NA,NA,NA,NA,NA,NA,NA,NA,NA,NA,NA,NA,NA,NA,NA,NA,NA,NA,NA,NA,NA,NA,NA,NA,NA,NA,NA,NA,NA,NA,NA,NA,NA,NA,NA,NA,NA,NA,NA,NA,NA,NA,NA,NA,NA,NA,NA,NA,NA,NA,NA,NA,NA,NA,NA,NA,NA,NA,NA,NA,NA,NA,NA,NA,NA,NA,NA,NA,NA,NA,NA,NA,NA,NA,NA,NA,NA,NA,NA,NA,NA,NA,NA,NA,NA,NA,NA,NA,NA,NA,NA,NA,NA,NA,NA,NA,NA,NA,NA,NA,NA,NA,NA,NA,NA,NA,NA,NA,NA,NA,NA,NA,NA,NA,NA,NA,NA,NA,NA,NA,NA,NA,NA,NA,NA,NA,NA,NA,NA,NA,NA,NA
"51","equipment, and office and accounting equipment.",NA,NA,NA,NA,NA,NA,NA,NA,NA,NA,NA,NA,NA,NA,NA,NA,NA,NA,NA,NA,NA,NA,NA,NA,NA,NA,NA,NA,NA,NA,NA,NA,NA,NA,NA,NA,NA,NA,NA,NA,NA,NA,NA,NA,NA,NA,NA,NA,NA,NA,NA,NA,NA,NA,NA,NA,NA,NA,NA,NA,NA,NA,NA,NA,NA,NA,NA,NA,NA,NA,NA,NA,NA,NA,NA,NA,NA,NA,NA,NA,NA,NA,NA,NA,NA,NA,NA,NA,NA,NA,NA,NA,NA,NA,NA,NA,NA,NA,NA,NA,NA,NA,NA,NA,NA,NA,NA,NA,NA,NA,NA,NA,NA,NA,NA,NA,NA,NA,NA,NA,NA,NA,NA,NA,NA,NA,NA,NA,NA,NA,NA,NA,NA,NA,NA,NA,NA,NA,NA,NA,NA,NA,NA,NA,NA,NA,NA,NA,NA,NA,NA,NA,NA,NA,NA,NA,NA,NA,NA,NA,NA,NA,NA,NA,NA,NA,NA,NA,NA,NA
"52","5. Consists primarily of furniture and fixtures, agricultural machinery, construction machinery, mining and",NA,NA,NA,NA,NA,NA,NA,NA,NA,NA,NA,NA,NA,NA,NA,NA,NA,NA,NA,NA,NA,NA,NA,NA,NA,NA,NA,NA,NA,NA,NA,NA,NA,NA,NA,NA,NA,NA,NA,NA,NA,NA,NA,NA,NA,NA,NA,NA,NA,NA,NA,NA,NA,NA,NA,NA,NA,NA,NA,NA,NA,NA,NA,NA,NA,NA,NA,NA,NA,NA,NA,NA,NA,NA,NA,NA,NA,NA,NA,NA,NA,NA,NA,NA,NA,NA,NA,NA,NA,NA,NA,NA,NA,NA,NA,NA,NA,NA,NA,NA,NA,NA,NA,NA,NA,NA,NA,NA,NA,NA,NA,NA,NA,NA,NA,NA,NA,NA,NA,NA,NA,NA,NA,NA,NA,NA,NA,NA,NA,NA,NA,NA,NA,NA,NA,NA,NA,NA,NA,NA,NA,NA,NA,NA,NA,NA,NA,NA,NA,NA,NA,NA,NA,NA,NA,NA,NA,NA,NA,NA,NA,NA,NA,NA,NA,NA,NA,NA,NA,NA
"53","oilfield machinery, service industry machinery, and electrical equipment not elsewhere classified.",NA,NA,NA,NA,NA,NA,NA,NA,NA,NA,NA,NA,NA,NA,NA,NA,NA,NA,NA,NA,NA,NA,NA,NA,NA,NA,NA,NA,NA,NA,NA,NA,NA,NA,NA,NA,NA,NA,NA,NA,NA,NA,NA,NA,NA,NA,NA,NA,NA,NA,NA,NA,NA,NA,NA,NA,NA,NA,NA,NA,NA,NA,NA,NA,NA,NA,NA,NA,NA,NA,NA,NA,NA,NA,NA,NA,NA,NA,NA,NA,NA,NA,NA,NA,NA,NA,NA,NA,NA,NA,NA,NA,NA,NA,NA,NA,NA,NA,NA,NA,NA,NA,NA,NA,NA,NA,NA,NA,NA,NA,NA,NA,NA,NA,NA,NA,NA,NA,NA,NA,NA,NA,NA,NA,NA,NA,NA,NA,NA,NA,NA,NA,NA,NA,NA,NA,NA,NA,NA,NA,NA,NA,NA,NA,NA,NA,NA,NA,NA,NA,NA,NA,NA,NA,NA,NA,NA,NA,NA,NA,NA,NA,NA,NA,NA,NA,NA,NA,NA,NA
"54","6. Consists primarily of manufactured homes, improvements, dormitories, net purchases",NA,NA,NA,NA,NA,NA,NA,NA,NA,NA,NA,NA,NA,NA,NA,NA,NA,NA,NA,NA,NA,NA,NA,NA,NA,NA,NA,NA,NA,NA,NA,NA,NA,NA,NA,NA,NA,NA,NA,NA,NA,NA,NA,NA,NA,NA,NA,NA,NA,NA,NA,NA,NA,NA,NA,NA,NA,NA,NA,NA,NA,NA,NA,NA,NA,NA,NA,NA,NA,NA,NA,NA,NA,NA,NA,NA,NA,NA,NA,NA,NA,NA,NA,NA,NA,NA,NA,NA,NA,NA,NA,NA,NA,NA,NA,NA,NA,NA,NA,NA,NA,NA,NA,NA,NA,NA,NA,NA,NA,NA,NA,NA,NA,NA,NA,NA,NA,NA,NA,NA,NA,NA,NA,NA,NA,NA,NA,NA,NA,NA,NA,NA,NA,NA,NA,NA,NA,NA,NA,NA,NA,NA,NA,NA,NA,NA,NA,NA,NA,NA,NA,NA,NA,NA,NA,NA,NA,NA,NA,NA,NA,NA,NA,NA,NA,NA,NA,NA,NA,NA
"55","of used structures, and brokers' commissions on the sale of residential structures.",NA,NA,NA,NA,NA,NA,NA,NA,NA,NA,NA,NA,NA,NA,NA,NA,NA,NA,NA,NA,NA,NA,NA,NA,NA,NA,NA,NA,NA,NA,NA,NA,NA,NA,NA,NA,NA,NA,NA,NA,NA,NA,NA,NA,NA,NA,NA,NA,NA,NA,NA,NA,NA,NA,NA,NA,NA,NA,NA,NA,NA,NA,NA,NA,NA,NA,NA,NA,NA,NA,NA,NA,NA,NA,NA,NA,NA,NA,NA,NA,NA,NA,NA,NA,NA,NA,NA,NA,NA,NA,NA,NA,NA,NA,NA,NA,NA,NA,NA,NA,NA,NA,NA,NA,NA,NA,NA,NA,NA,NA,NA,NA,NA,NA,NA,NA,NA,NA,NA,NA,NA,NA,NA,NA,NA,NA,NA,NA,NA,NA,NA,NA,NA,NA,NA,NA,NA,NA,NA,NA,NA,NA,NA,NA,NA,NA,NA,NA,NA,NA,NA,NA,NA,NA,NA,NA,NA,NA,NA,NA,NA,NA,NA,NA,NA,NA,NA,NA,NA,NA
"56","7. Excludes net purchases of used structures and brokers' commissions on the sale of structures.",NA,NA,NA,NA,NA,NA,NA,NA,NA,NA,NA,NA,NA,NA,NA,NA,NA,NA,NA,NA,NA,NA,NA,NA,NA,NA,NA,NA,NA,NA,NA,NA,NA,NA,NA,NA,NA,NA,NA,NA,NA,NA,NA,NA,NA,NA,NA,NA,NA,NA,NA,NA,NA,NA,NA,NA,NA,NA,NA,NA,NA,NA,NA,NA,NA,NA,NA,NA,NA,NA,NA,NA,NA,NA,NA,NA,NA,NA,NA,NA,NA,NA,NA,NA,NA,NA,NA,NA,NA,NA,NA,NA,NA,NA,NA,NA,NA,NA,NA,NA,NA,NA,NA,NA,NA,NA,NA,NA,NA,NA,NA,NA,NA,NA,NA,NA,NA,NA,NA,NA,NA,NA,NA,NA,NA,NA,NA,NA,NA,NA,NA,NA,NA,NA,NA,NA,NA,NA,NA,NA,NA,NA,NA,NA,NA,NA,NA,NA,NA,NA,NA,NA,NA,NA,NA,NA,NA,NA,NA,NA,NA,NA,NA,NA,NA,NA,NA,NA,NA,NA
