"","Table 7#11# Interest Paid and Received by Sector and Legal Form ","F2","F3","F4","F5","F6","F7","F8","F9","F10","F11","F12","F13","F14","F15","F16","F17","F18","F19","F20","F21","F22","F23","F24","F25","F26","F27","F28","F29","F30","F31","F32","F33","F34","F35","F36","F37","F38","F39","F40","F41","F42","F43","F44"
"1","[Millions of dollars]                                                           ",NA,NA,NA,NA,NA,NA,NA,NA,NA,NA,NA,NA,NA,NA,NA,NA,NA,NA,NA,NA,NA,NA,NA,NA,NA,NA,NA,NA,NA,NA,NA,NA,NA,NA,NA,NA,NA,NA,NA,NA,NA,NA,NA
"2","Annual data from 1969 To 2009",NA,NA,NA,NA,NA,NA,NA,NA,NA,NA,NA,NA,NA,NA,NA,NA,NA,NA,NA,NA,NA,NA,NA,NA,NA,NA,NA,NA,NA,NA,NA,NA,NA,NA,NA,NA,NA,NA,NA,NA,NA,NA,NA
"3","Bureau of Economic Analysis",NA,NA,NA,NA,NA,NA,NA,NA,NA,NA,NA,NA,NA,NA,NA,NA,NA,NA,NA,NA,NA,NA,NA,NA,NA,NA,NA,NA,NA,NA,NA,NA,NA,NA,NA,NA,NA,NA,NA,NA,NA,NA,NA
"4","Data published August 05, 2010   ",NA,NA,NA,NA,NA,NA,NA,NA,NA,NA,NA,NA,NA,NA,NA,NA,NA,NA,NA,NA,NA,NA,NA,NA,NA,NA,NA,NA,NA,NA,NA,NA,NA,NA,NA,NA,NA,NA,NA,NA,NA,NA,NA
"5","File created 5/25/2011 9:12:42 AM",NA,NA,NA,NA,NA,NA,NA,NA,NA,NA,NA,NA,NA,NA,NA,NA,NA,NA,NA,NA,NA,NA,NA,NA,NA,NA,NA,NA,NA,NA,NA,NA,NA,NA,NA,NA,NA,NA,NA,NA,NA,NA,NA
"6",NA,NA,NA,NA,NA,NA,NA,NA,NA,NA,NA,NA,NA,NA,NA,NA,NA,NA,NA,NA,NA,NA,NA,NA,NA,NA,NA,NA,NA,NA,NA,NA,NA,NA,NA,NA,NA,NA,NA,NA,NA,NA,NA,NA
"7","Cautionary note on the use of data in millions of",NA,NA,NA,NA,NA,NA,NA,NA,NA,NA,NA,NA,NA,NA,NA,NA,NA,NA,NA,NA,NA,NA,NA,NA,NA,NA,NA,NA,NA,NA,NA,NA,NA,NA,NA,NA,NA,NA,NA,NA,NA,NA,NA
"8","dollars -- The tables provided include estimates in ",NA,NA,NA,NA,NA,NA,NA,NA,NA,NA,NA,NA,NA,NA,NA,NA,NA,NA,NA,NA,NA,NA,NA,NA,NA,NA,NA,NA,NA,NA,NA,NA,NA,NA,NA,NA,NA,NA,NA,NA,NA,NA,NA
"9","millions of dollars for NIPA series that appear regularly in the national income ",NA,NA,NA,NA,NA,NA,NA,NA,NA,NA,NA,NA,NA,NA,NA,NA,NA,NA,NA,NA,NA,NA,NA,NA,NA,NA,NA,NA,NA,NA,NA,NA,NA,NA,NA,NA,NA,NA,NA,NA,NA,NA,NA
"10","and product account (NIPA) tables published in the Survey of Current Business. ",NA,NA,NA,NA,NA,NA,NA,NA,NA,NA,NA,NA,NA,NA,NA,NA,NA,NA,NA,NA,NA,NA,NA,NA,NA,NA,NA,NA,NA,NA,NA,NA,NA,NA,NA,NA,NA,NA,NA,NA,NA,NA,NA
"11","The Bureau of Economic Analysis (BEA) generally does not include estimates at ",NA,NA,NA,NA,NA,NA,NA,NA,NA,NA,NA,NA,NA,NA,NA,NA,NA,NA,NA,NA,NA,NA,NA,NA,NA,NA,NA,NA,NA,NA,NA,NA,NA,NA,NA,NA,NA,NA,NA,NA,NA,NA,NA
"12","this level of precision in the published tables because the associated sampling ",NA,NA,NA,NA,NA,NA,NA,NA,NA,NA,NA,NA,NA,NA,NA,NA,NA,NA,NA,NA,NA,NA,NA,NA,NA,NA,NA,NA,NA,NA,NA,NA,NA,NA,NA,NA,NA,NA,NA,NA,NA,NA,NA
"13","and nonsampling errors are larger than this implied level of precision. Compared ",NA,NA,NA,NA,NA,NA,NA,NA,NA,NA,NA,NA,NA,NA,NA,NA,NA,NA,NA,NA,NA,NA,NA,NA,NA,NA,NA,NA,NA,NA,NA,NA,NA,NA,NA,NA,NA,NA,NA,NA,NA,NA,NA
"14","with the published aggregates, the million-dollar estimates ",NA,NA,NA,NA,NA,NA,NA,NA,NA,NA,NA,NA,NA,NA,NA,NA,NA,NA,NA,NA,NA,NA,NA,NA,NA,NA,NA,NA,NA,NA,NA,NA,NA,NA,NA,NA,NA,NA,NA,NA,NA,NA,NA
"15","are generally not any more accurate.",NA,NA,NA,NA,NA,NA,NA,NA,NA,NA,NA,NA,NA,NA,NA,NA,NA,NA,NA,NA,NA,NA,NA,NA,NA,NA,NA,NA,NA,NA,NA,NA,NA,NA,NA,NA,NA,NA,NA,NA,NA,NA,NA
"16",NA,NA,NA,NA,NA,NA,NA,NA,NA,NA,NA,NA,NA,NA,NA,NA,NA,NA,NA,NA,NA,NA,NA,NA,NA,NA,NA,NA,NA,NA,NA,NA,NA,NA,NA,NA,NA,NA,NA,NA,NA,NA,NA,NA
"17",NA,NA,NA,NA,NA,NA,NA,NA,NA,NA,NA,NA,NA,NA,NA,NA,NA,NA,NA,NA,NA,NA,NA,NA,NA,NA,NA,NA,NA,NA,NA,NA,NA,NA,NA,NA,NA,NA,NA,NA,NA,NA,NA,NA
"18","Line",NA,NA,"1969","1970","1971","1972","1973","1974","1975","1976","1977","1978","1979","1980","1981","1982","1983","1984","1985","1986","1987","1988","1989","1990","1991","1992","1993","1994","1995","1996","1997","1998","1999","2000","2001","2002","2003","2004","2005","2006","2007","2008","2009"
"19",NA,"          Monetary interest"," ",NA,NA,NA,NA,NA,NA,NA,NA,NA,NA,NA,NA,NA,NA,NA,NA,NA,NA,NA,NA,NA,NA,NA,NA,NA,NA,NA,NA,NA,NA,NA,NA,NA,NA,NA,NA,NA,NA,NA,NA,NA
"20","1","Monetary interest paid","A2061C1","123,383.0","141,758.0","151,022.0","168,569.0","213,535.0","266,990.0","276,131.0","298,217.0","338,109.0","412,828.0","537,851.0","688,211.0","915,482.0","1,028,203.0","1,015,750.0","1,182,438.0","1,263,060.0","1,312,171.0","1,373,710.0","1,545,522.0","1,822,808.0","1,855,486.0","1,752,458.0","1,567,752.0","1,497,325.0","1,621,582.0","1,865,091.0","1,948,552.0","2,110,945.0","2,295,069.0","2,379,884.0","2,796,584.0","2,685,571.0","2,282,557.0","2,147,854.0","2,346,762.0","3,010,109.0","3,871,400.0","4,496,629.0","3,954,617.0","3,240,201.0"
"21","2","  Domestic business \1\","A2062C1","67,337.0","80,073.0","84,971.0","95,562.0","127,509.0","167,373.0","167,720.0","174,725.0","196,780.0","241,680.0","325,274.0","426,848.0","585,748.0","646,904.0","604,441.0","697,389.0","738,212.0","754,203.0","792,651.0","913,278.0","1,116,906.0","1,103,481.0","991,721.0","826,668.0","767,480.0","859,133.0","1,008,206.0","1,050,877.0","1,161,520.0","1,307,737.0","1,378,008.0","1,697,033.0","1,623,541.0","1,273,646.0","1,147,004.0","1,286,676.0","1,757,536.0","2,392,986.0","2,832,920.0","2,419,383.0","1,896,266.0"
"22","3","    Corporate business","A2063C1","54,357.0","65,289.0","68,180.0","76,243.0","104,198.0","139,184.0","136,421.0","140,620.0","158,747.0","197,514.0","270,006.0","358,545.0","501,928.0","552,920.0","505,953.0","582,715.0","611,937.0","617,809.0","659,876.0","766,064.0","948,976.0","936,889.0","831,548.0","681,630.0","627,760.0","711,601.0","852,541.0","888,235.0","982,840.0","1,107,086.0","1,172,489.0","1,453,495.0","1,370,437.0","1,053,531.0","926,056.0","1,047,459.0","1,433,469.0","1,987,466.0","2,335,370.0","1,968,826.0","1,525,668.0"
"23","4","      Financial","A1100C1","29,365.0","34,589.0","36,526.0","42,067.0","60,850.0","83,649.0","80,383.0","83,622.0","94,471.0","118,704.0","166,997.0","225,987.0","330,852.0","368,986.0","331,259.0","379,972.0","392,626.0","383,108.0","416,706.0","486,781.0","611,787.0","590,634.0","497,334.0","389,496.0","355,175.0","422,027.0","522,106.0","538,465.0","598,188.0","706,870.0","738,824.0","943,705.0","873,475.0","614,348.0","511,052.0","630,846.0","952,943.0","1,426,007.0","1,686,115.0","1,346,591.0","979,137.0"
"24","5","        On deposits \2\","B1305C1","20,130.0","21,808.0","25,505.0","29,660.0","38,266.0","49,240.0","51,065.0","55,426.0","62,660.0","74,498.0","95,410.0","125,211.0","173,232.0","187,295.0","175,117.0","203,632.0","200,330.0","186,731.0","176,288.0","195,504.0","228,603.0","222,673.0","192,768.0","129,416.0","99,007.0","96,743.0","126,371.0","131,557.0","139,680.0","146,189.0","142,025.0","173,082.0","160,950.0","107,974.0","82,391.0","77,480.0","123,875.0","194,283.0","239,448.0","165,703.0","111,007.0"
"25","6","        On other liabilities","B1306C1","9,235.0","12,781.0","11,021.0","12,407.0","22,584.0","34,409.0","29,318.0","28,196.0","31,811.0","44,206.0","71,587.0","100,776.0","157,620.0","181,691.0","156,142.0","176,340.0","192,296.0","196,377.0","240,418.0","291,277.0","383,184.0","367,962.0","304,565.0","260,079.0","256,168.0","325,284.0","395,735.0","406,908.0","458,508.0","560,681.0","596,799.0","770,623.0","712,525.0","506,374.0","428,661.0","553,366.0","829,068.0","1,231,724.0","1,446,667.0","1,180,888.0","868,130.0"
"26","7","      Nonfinancial","B1101C1","24,992.0","30,700.0","31,654.0","34,176.0","43,348.0","55,535.0","56,038.0","56,998.0","64,276.0","78,810.0","103,009.0","132,558.0","171,076.0","183,934.0","174,694.0","202,743.0","219,311.0","234,701.0","243,170.0","279,283.0","337,189.0","346,255.0","334,214.0","292,134.0","272,585.0","289,574.0","330,435.0","349,770.0","384,652.0","400,216.0","433,665.0","509,790.0","496,962.0","439,183.0","415,004.0","416,613.0","480,526.0","561,459.0","649,255.0","622,235.0","546,531.0"
"27","8","    Sole proprietorships and partnerships","A2064C1","7,434.0","8,656.0","10,031.0","11,770.0","14,709.0","18,414.0","20,190.0","21,863.0","24,393.0","29,023.0","38,153.0","48,804.0","61,992.0","70,670.0","74,004.0","87,221.0","95,364.0","101,535.0","95,362.0","106,904.0","124,141.0","121,277.0","114,261.0","103,290.0","102,604.0","112,492.0","121,191.0","129,174.0","145,379.0","167,375.0","171,224.0","206,975.0","216,206.0","182,232.0","182,109.0","197,143.0","277,651.0","353,574.0","441,350.0","390,382.0","309,418.0"
"28","9","      Farm","B1103C1","2,489.0","2,769.0","2,909.0","3,206.0","3,734.0","4,554.0","5,057.0","5,883.0","6,751.0","8,183.0","10,440.0","12,954.0","15,812.0","17,273.0","17,017.0","16,674.0","15,432.0","13,370.0","12,128.0","11,111.0","10,460.0","9,888.0","8,861.0","8,354.0","7,968.0","8,704.0","8,984.0","9,358.0","9,477.0","9,509.0","9,483.0","9,945.0","8,969.0","8,737.0","7,799.0","7,584.0","8,992.0","9,378.0","10,083.0","9,965.0","9,889.0"
"29","10","      Nonfarm","B1102C1","4,945.0","5,887.0","7,122.0","8,564.0","10,975.0","13,860.0","15,133.0","15,980.0","17,642.0","20,840.0","27,713.0","35,850.0","46,180.0","53,397.0","56,987.0","70,547.0","79,932.0","88,165.0","83,234.0","95,793.0","113,681.0","111,389.0","105,400.0","94,936.0","94,636.0","103,788.0","112,207.0","119,816.0","135,902.0","157,866.0","161,741.0","197,030.0","207,237.0","173,495.0","174,310.0","189,559.0","268,659.0","344,196.0","431,267.0","380,417.0","299,529.0"
"30","11","    Other private business","A2065C1","5,546.0","6,127.0","6,760.0","7,548.0","8,602.0","9,775.0","11,109.0","12,242.0","13,640.0","15,143.0","17,115.0","19,498.0","21,828.0","23,313.0","24,485.0","27,453.0","30,911.0","34,859.0","37,413.0","40,310.0","43,789.0","45,315.0","45,912.0","41,748.0","37,116.0","35,040.0","34,474.0","33,468.0","33,301.0","33,276.0","34,295.0","36,563.0","36,898.0","37,883.0","38,839.0","42,074.0","46,416.0","51,946.0","56,200.0","60,175.0","61,180.0"
"31","12","      Rental income of persons","B1130C1","5,393.0","5,965.0","6,606.0","7,442.0","8,414.0","9,485.0","10,460.0","11,452.0","12,592.0","13,939.0","15,453.0","17,225.0","18,827.0","20,341.0","21,509.0","24,734.0","28,654.0","32,714.0","35,389.0","38,232.0","41,334.0","42,875.0","43,663.0","39,759.0","35,190.0","33,180.0","33,100.0","32,153.0","32,054.0","32,038.0","33,067.0","35,347.0","35,694.0","36,701.0","37,670.0","40,937.0","45,311.0","50,841.0","55,095.0","59,070.0","60,075.0"
"32","13","      Proprietors' income","B2631C1","153.0","162.0","154.0","106.0","188.0","290.0","649.0","790.0","1,048.0","1,204.0","1,662.0","2,273.0","3,001.0","2,972.0","2,976.0","2,719.0","2,257.0","2,145.0","2,024.0","2,078.0","2,455.0","2,440.0","2,249.0","1,989.0","1,926.0","1,860.0","1,374.0","1,315.0","1,247.0","1,238.0","1,228.0","1,216.0","1,204.0","1,182.0","1,169.0","1,137.0","1,105.0","1,105.0","1,105.0","1,105.0","1,105.0"
"33","14","  Households and nonprofit institutions","W291RC1","31,721.0","34,260.0","37,510.0","42,306.0","48,782.0","54,485.0","58,535.0","65,670.0","76,841.0","92,903.0","112,184.0","134,801.0","155,944.0","177,178.0","193,690.0","221,711.0","247,871.0","270,620.0","281,845.0","299,611.0","328,598.0","348,273.0","355,584.0","353,948.0","348,160.0","358,803.0","399,827.0","425,989.0","454,656.0","476,310.0","501,545.0","559,986.0","583,239.0","589,008.0","598,859.0","634,355.0","718,202.0","818,904.0","891,211.0","873,265.0","829,821.0"
"34","15","    Households","W292RC1","31,081.0","33,510.0","36,685.0","41,396.0","47,717.0","53,235.0","57,107.0","64,113.0","75,160.0","90,758.0","109,460.0","131,356.0","151,592.0","171,941.0","187,579.0","213,554.0","240,033.0","261,523.0","272,366.0","288,884.0","316,933.0","336,403.0","343,256.0","341,133.0","333,316.0","344,950.0","385,117.0","410,293.0","438,235.0","459,371.0","484,255.0","542,415.0","565,640.0","571,803.0","582,230.0","618,341.0","702,660.0","803,566.0","875,964.0","858,360.0","815,629.0"
"35","16","      Owner-occupied housing","W498RC1","15,368.0","16,727.0","18,844.0","21,747.0","25,290.0","29,035.0","32,571.0","37,470.0","44,495.0","53,276.0","64,926.0","77,652.0","90,680.0","104,541.0","115,087.0","129,849.0","145,437.0","160,480.0","171,607.0","183,781.0","199,930.0","214,452.0","220,133.0","222,184.0","216,212.0","219,046.0","238,784.0","247,623.0","263,384.0","275,487.0","294,136.0","326,300.0","347,144.0","365,691.0","381,552.0","408,367.0","469,850.0","547,866.0","591,714.0","592,780.0","572,193.0"
"36","17","      Persons \3\","W293RC1","15,713.0","16,783.0","17,841.0","19,649.0","22,427.0","24,200.0","24,536.0","26,643.0","30,664.0","37,482.0","44,534.0","53,704.0","60,912.0","67,400.0","72,492.0","83,706.0","94,596.0","101,043.0","100,759.0","105,103.0","117,003.0","121,951.0","123,123.0","118,949.0","117,104.0","125,904.0","146,333.0","162,670.0","174,851.0","183,884.0","190,119.0","216,115.0","218,496.0","206,112.0","200,678.0","209,974.0","232,810.0","255,700.0","284,250.0","265,580.0","243,436.0"
"37","18","    Nonprofit institutions","W319RC1","640.0","750.0","825.0","910.0","1,065.0","1,250.0","1,428.0","1,557.0","1,681.0","2,145.0","2,724.0","3,445.0","4,352.0","5,237.0","6,111.0","8,156.0","7,838.0","9,097.0","9,479.0","10,727.0","11,665.0","11,870.0","12,328.0","12,815.0","14,844.0","13,853.0","14,710.0","15,696.0","16,421.0","16,939.0","17,290.0","17,571.0","17,599.0","17,205.0","16,629.0","16,014.0","15,542.0","15,338.0","15,247.0","14,905.0","14,192.0"
"38","19","  Government","W500RC1","20,669.0","23,363.0","24,471.0","26,306.0","31,274.0","35,607.0","39,983.0","46,287.0","50,814.0","60,238.0","72,932.0","89,072.0","116,737.0","138,910.0","156,876.0","187,284.0","211,490.0","226,119.0","236,506.0","253,697.0","276,925.0","297,843.0","314,607.0","316,297.0","318,103.0","327,100.0","358,280.0","368,111.0","373,713.0","375,286.0","362,002.0","366,307.0","344,455.0","317,491.0","304,807.0","313,306.0","350,476.0","379,720.0","420,956.0","405,214.0","374,266.0"
"39","20","    Federal","A091RC1","15,823.0","17,747.0","17,927.0","18,772.0","22,818.0","25,987.0","28,919.0","33,776.0","37,132.0","45,340.0","55,692.0","69,714.0","93,893.0","111,785.0","124,581.0","150,293.0","169,396.0","178,162.0","184,580.0","199,311.0","219,346.0","237,455.0","250,945.0","251,266.0","253,377.0","261,341.0","290,393.0","297,252.0","299,980.0","298,842.0","282,661.0","283,255.0","258,583.0","229,076.0","212,871.0","220,962.0","255,396.0","279,198.0","313,160.0","291,167.0","253,962.0"
"40","21","    State and local","W497RC1","4,846.0","5,616.0","6,544.0","7,534.0","8,456.0","9,620.0","11,064.0","12,511.0","13,682.0","14,898.0","17,240.0","19,358.0","22,844.0","27,125.0","32,295.0","36,991.0","42,095.0","47,955.0","51,926.0","54,388.0","57,576.0","60,388.0","63,663.0","65,031.0","64,726.0","65,736.0","67,907.0","70,859.0","73,733.0","76,444.0","79,341.0","83,052.0","85,872.0","88,415.0","91,936.0","92,344.0","95,080.0","100,522.0","107,803.0","114,048.0","120,300.0"
"41","22","  Rest of the world","W290RC1","3,656.0","4,062.0","4,070.0","4,395.0","5,970.0","9,526.0","9,893.0","11,535.0","13,674.0","18,007.0","27,462.0","37,491.0","57,053.0","65,211.0","60,743.0","76,055.0","65,487.0","61,229.0","62,708.0","78,936.0","100,379.0","105,889.0","90,546.0","70,840.0","63,582.0","76,546.0","98,778.0","103,576.0","121,056.0","135,736.0","138,329.0","173,258.0","134,336.0","102,412.0","97,184.0","112,425.0","183,895.0","279,790.0","351,542.0","256,755.0","139,848.0"
"42","23","    To business and persons","B1132C1","2,731.0","3,155.0","3,164.0","3,529.0","5,035.0","8,459.0","8,787.0","10,230.0","12,053.0","16,166.0","25,217.0","35,024.0","53,915.0","61,591.0","56,186.0","71,048.0","60,218.0","55,210.0","57,744.0","72,530.0","95,734.0","97,936.0","85,013.0","65,741.0","59,728.0","73,334.0","94,854.0","99,464.0","117,876.0","132,562.0","135,401.0","169,685.0","131,115.0","99,402.0","92,775.0","109,740.0","181,488.0","277,758.0","349,806.0","255,049.0","138,687.0"
"43","24","    To federal government","B1133C1","925.0","907.0","906.0","866.0","935.0","1,067.0","1,106.0","1,305.0","1,621.0","1,841.0","2,245.0","2,467.0","3,138.0","3,620.0","4,557.0","5,007.0","5,269.0","6,019.0","4,964.0","6,406.0","4,645.0","7,953.0","5,533.0","5,099.0","3,854.0","3,212.0","3,924.0","4,112.0","3,180.0","3,174.0","2,928.0","3,573.0","3,221.0","3,010.0","4,409.0","2,685.0","2,407.0","2,032.0","1,736.0","1,706.0","1,161.0"
"44","25","Monetary interest received","A2068C1","123,383.0","141,758.0","151,022.0","168,569.0","213,535.0","266,990.0","276,131.0","298,217.0","338,109.0","412,828.0","537,851.0","688,211.0","915,482.0","1,028,203.0","1,015,750.0","1,182,438.0","1,263,060.0","1,312,171.0","1,373,710.0","1,545,522.0","1,822,808.0","1,855,486.0","1,752,458.0","1,567,752.0","1,497,325.0","1,621,582.0","1,865,091.0","1,948,552.0","2,110,945.0","2,295,069.0","2,379,884.0","2,796,584.0","2,685,571.0","2,282,557.0","2,147,854.0","2,346,762.0","3,010,109.0","3,871,400.0","4,496,629.0","3,954,617.0","3,240,201.0"
"45","26","  Domestic business \1\","A2069C1","70,918.0","81,273.0","86,072.0","97,265.0","127,565.0","161,911.0","163,654.0","175,550.0","196,452.0","242,895.0","317,174.0","401,360.0","536,207.0","584,269.0","566,526.0","642,115.0","698,950.0","721,909.0","774,070.0","889,884.0","1,062,102.0","1,069,554.0","1,005,528.0","895,021.0","865,373.0","948,279.0","1,132,352.0","1,180,800.0","1,296,918.0","1,397,934.0","1,500,280.0","1,815,531.0","1,730,606.0","1,428,338.0","1,328,130.0","1,543,837.0","1,994,663.0","2,588,830.0","3,002,269.0","2,531,090.0","2,038,764.0"
"46","27","    Corporate business","A2070C1","70,219.0","80,579.0","85,228.0","96,118.0","126,474.0","160,570.0","162,166.0","174,159.0","195,132.0","241,064.0","313,839.0","395,389.0","528,068.0","576,981.0","558,816.0","635,566.0","690,755.0","713,284.0","767,586.0","880,801.0","1,052,772.0","1,059,396.0","995,095.0","886,642.0","856,057.0","936,572.0","1,111,149.0","1,157,817.0","1,268,504.0","1,362,604.0","1,456,748.0","1,755,995.0","1,668,590.0","1,376,393.0","1,273,502.0","1,474,255.0","1,889,727.0","2,435,260.0","2,787,741.0","2,325,778.0","1,891,086.0"
"47","28","      Financial","B1134C1","62,958.0","72,035.0","76,561.0","86,477.0","112,209.0","141,348.0","142,938.0","152,836.0","170,445.0","209,257.0","268,380.0","334,631.0","444,882.0","490,951.0","475,430.0","537,620.0","581,395.0","597,821.0","650,744.0","746,986.0","891,071.0","893,075.0","830,317.0","737,471.0","717,861.0","786,093.0","937,910.0","962,401.0","1,052,888.0","1,156,758.0","1,237,379.0","1,494,637.0","1,423,520.0","1,157,451.0","1,065,998.0","1,253,194.0","1,625,436.0","2,109,976.0","2,438,780.0","2,035,905.0","1,640,715.0"
"48","29","      Nonfinancial","B1135C1","7,261.0","8,544.0","8,667.0","9,641.0","14,265.0","19,222.0","19,228.0","21,323.0","24,687.0","31,807.0","45,459.0","60,758.0","83,186.0","86,030.0","83,386.0","97,946.0","109,360.0","115,463.0","116,842.0","133,816.0","161,701.0","166,321.0","164,779.0","149,171.0","138,195.0","150,479.0","173,239.0","195,416.0","215,616.0","205,846.0","219,370.0","261,358.0","245,070.0","218,942.0","207,504.0","221,061.0","264,291.0","325,284.0","348,961.0","289,873.0","250,371.0"
"49","30","    Financial sole proprietorships and partnerships \4\","B1136C1","677.0","670.0","818.0","1,120.0","1,060.0","1,314.0","1,409.0","1,304.0","1,219.0","1,694.0","3,130.0","5,682.0","7,783.0","6,980.0","7,458.0","6,267.0","7,965.0","8,435.0","6,313.0","8,861.0","9,068.0","9,893.0","10,205.0","8,213.0","9,171.0","11,583.0","21,160.0","22,938.0","28,368.0","35,283.0","43,485.0","59,489.0","61,969.0","51,899.0","54,582.0","69,538.0","104,893.0","153,527.0","214,485.0","205,269.0","147,635.0"
"50","31","    Other private business","B1137C1","22.0","24.0","26.0","27.0","31.0","27.0","79.0","87.0","101.0","137.0","205.0","289.0","356.0","308.0","252.0","282.0","230.0","190.0","171.0","222.0","262.0","265.0","228.0","166.0","146.0","125.0","44.0","45.0","46.0","47.0","47.0","47.0","47.0","46.0","46.0","44.0","43.0","43.0","43.0","43.0","43.0"
"51","32","  Persons \4\","B1138C1","44,204.0","51,034.0","55,818.0","60,890.0","71,023.0","84,927.0","91,871.0","102,034.0","118,235.0","134,949.0","168,281.0","218,603.0","287,300.0","336,696.0","340,726.0","405,717.0","422,112.0","438,135.0","438,555.0","468,002.0","539,502.0","557,340.0","533,192.0","490,114.0","457,383.0","479,131.0","500,329.0","518,293.0","531,672.0","598,604.0","567,824.0","609,485.0","616,343.0","570,282.0","557,167.0","506,794.0","611,424.0","723,332.0","807,895.0","829,045.0","752,926.0"
"52","33","    Publicly administered government employee retirement plans \5\","B1169C1","2,934.0","3,769.0","4,424.0","5,299.0","5,748.0","6,345.0","7,765.0","9,605.0","10,480.0","11,972.0","14,429.0","18,290.0","21,934.0","29,171.0","35,106.0","39,202.0","45,752.0","52,727.0","58,411.0","63,185.0","69,283.0","72,840.0","77,383.0","75,751.0","79,105.0","88,192.0","97,837.0","99,743.0","111,094.0","114,862.0","117,007.0","114,054.0","104,372.0","107,241.0","112,182.0","113,544.0","115,870.0","118,966.0","121,959.0","123,004.0","115,808.0"
"53","34","    Other \6\","B1170C1","41,270.0","47,265.0","51,394.0","55,591.0","65,275.0","78,582.0","84,106.0","92,429.0","107,755.0","122,977.0","153,852.0","200,313.0","265,366.0","307,525.0","305,620.0","366,515.0","376,360.0","385,408.0","380,144.0","404,817.0","470,219.0","484,499.0","455,809.0","414,363.0","378,277.0","390,940.0","402,491.0","418,551.0","420,578.0","483,742.0","450,817.0","495,431.0","511,971.0","463,041.0","444,985.0","393,250.0","495,554.0","604,366.0","685,936.0","706,041.0","637,118.0"
"54","35","  Government","A2071C1","4,646.0","5,281.0","5,397.0","5,767.0","7,650.0","10,087.0","10,847.0","11,130.0","12,872.0","18,106.0","25,416.0","33,055.0","42,429.0","49,062.0","54,006.0","62,551.0","70,179.0","75,457.0","73,619.0","79,715.0","83,960.0","87,194.0","84,340.0","77,015.0","74,778.0","73,896.0","79,775.0","85,481.0","87,832.0","87,305.0","89,912.0","99,712.0","94,616.0","80,728.0","75,566.0","77,245.0","87,423.0","103,652.0","115,915.0","111,601.0","113,301.0"
"55","36","    Federal","B1139C1","1,866.0","1,971.0","1,981.0","2,000.0","2,112.0","2,431.0","2,910.0","3,485.0","4,123.0","6,212.0","8,351.0","10,806.0","14,413.0","17,449.0","19,565.0","22,275.0","24,465.0","27,051.0","24,181.0","26,638.0","25,065.0","26,030.0","24,645.0","21,107.0","22,001.0","19,356.0","20,212.0","21,935.0","20,338.0","16,846.0","16,006.0","18,252.0","17,804.0","14,805.0","16,021.0","16,150.0","16,249.0","18,054.0","21,693.0","20,364.0","21,829.0"
"56","37","    State and local","B1140C1","2,780.0","3,310.0","3,416.0","3,767.0","5,538.0","7,656.0","7,937.0","7,645.0","8,749.0","11,894.0","17,065.0","22,249.0","28,016.0","31,613.0","34,441.0","40,276.0","45,714.0","48,406.0","49,438.0","53,077.0","58,895.0","61,164.0","59,695.0","55,908.0","52,777.0","54,540.0","59,563.0","63,546.0","67,494.0","70,459.0","73,906.0","81,460.0","76,812.0","65,923.0","59,545.0","61,095.0","71,174.0","85,598.0","94,222.0","91,237.0","91,472.0"
"57","38","  Rest of the world","A2072C1","3,615.0","4,170.0","3,735.0","4,648.0","7,297.0","10,065.0","9,759.0","9,503.0","10,550.0","16,879.0","26,980.0","35,194.0","49,545.0","58,176.0","54,493.0","72,055.0","71,819.0","76,670.0","87,466.0","107,921.0","137,244.0","141,398.0","129,398.0","105,603.0","99,791.0","120,276.0","152,635.0","163,978.0","194,523.0","211,226.0","221,868.0","271,856.0","244,006.0","203,209.0","186,991.0","218,886.0","316,599.0","455,586.0","570,550.0","482,881.0","335,210.0"
"58","39","    From business","B1141C1","2,838.0","3,146.0","1,891.0","1,964.0","3,461.0","5,803.0","5,217.0","4,983.0","5,008.0","8,205.0","15,858.0","22,510.0","32,232.0","38,895.0","35,499.0","50,901.0","48,691.0","52,043.0","61,248.0","76,208.0","98,877.0","100,628.0","88,527.0","66,522.0","60,415.0","76,084.0","97,012.0","97,360.0","112,822.0","127,072.0","141,343.0","187,339.0","165,625.0","128,301.0","113,157.0","136,350.0","212,725.0","320,607.0","406,202.0","316,282.0","191,213.0"
"59","40","    From federal government","B093RC1","777.0","1,024.0","1,844.0","2,684.0","3,836.0","4,262.0","4,542.0","4,520.0","5,542.0","8,674.0","11,122.0","12,684.0","17,313.0","19,282.0","18,993.0","21,155.0","23,129.0","24,625.0","26,218.0","31,715.0","38,364.0","40,770.0","40,872.0","39,081.0","39,376.0","44,192.0","55,623.0","66,618.0","81,701.0","84,154.0","80,525.0","84,517.0","78,381.0","74,908.0","73,834.0","82,536.0","103,874.0","134,979.0","164,351.0","166,599.0","143,997.0"
"60",NA,"          Imputed interest"," ",NA,NA,NA,NA,NA,NA,NA,NA,NA,NA,NA,NA,NA,NA,NA,NA,NA,NA,NA,NA,NA,NA,NA,NA,NA,NA,NA,NA,NA,NA,NA,NA,NA,NA,NA,NA,NA,NA,NA,NA,NA
"61","41","Total imputed interest paid (43+70)","W294RC1","14,976.0","20,068.0","25,218.0","26,750.0","23,118.0","27,064.0","53,767.0","43,337.0","45,708.0","44,739.0","30,988.0","29,788.0","25,245.0","68,926.0","131,659.0","116,072.0","149,589.0","159,579.0","158,459.0","147,162.0","138,399.0","173,509.0","217,814.0","235,783.0","225,531.0","209,618.0","215,110.0","241,170.0","283,377.0","298,096.0","324,813.0","336,161.0","335,405.0","320,775.0","279,746.0","298,680.0","275,797.0","258,076.0","354,001.0","441,874.0","337,665.0"
"62","42","Total imputed interest received (49+89)","W295RC1","14,973.0","20,064.0","25,224.0","26,751.0","23,116.0","27,060.0","53,766.0","43,340.0","45,709.0","44,740.0","30,960.0","29,795.0","25,220.0","68,927.0","131,659.0","116,072.0","149,588.0","159,579.0","158,461.0","147,162.0","138,399.0","173,510.0","217,815.0","235,782.0","225,531.0","209,618.0","215,111.0","241,170.0","283,377.0","298,098.0","324,814.0","336,162.0","335,407.0","320,776.0","279,747.0","298,682.0","275,797.0","258,075.0","354,001.0","441,874.0","337,665.0"
"63",NA,"Depositor and insurance services:"," ",NA,NA,NA,NA,NA,NA,NA,NA,NA,NA,NA,NA,NA,NA,NA,NA,NA,NA,NA,NA,NA,NA,NA,NA,NA,NA,NA,NA,NA,NA,NA,NA,NA,NA,NA,NA,NA,NA,NA,NA,NA
"64","43","  Imputed interest paid","A2073C1","22,745.0","27,214.0","30,767.0","33,116.0","34,290.0","40,661.0","57,420.0","54,539.0","60,329.0","67,188.0","65,635.0","73,401.0","78,830.0","106,342.0","147,257.0","147,720.0","175,639.0","198,155.0","207,492.0","208,311.0","208,854.0","233,815.0","264,766.0","282,719.0","286,822.0","281,621.0","298,103.0","319,411.0","364,101.0","382,425.0","410,872.0","441,432.0","434,584.0","424,493.0","408,835.0","434,465.0","439,931.0","458,378.0","538,220.0","596,161.0","543,527.0"
"65","44","    Domestic corporate business, financial","W353RC1","22,745.0","27,214.0","30,767.0","33,116.0","34,290.0","40,661.0","57,420.0","54,539.0","60,329.0","67,188.0","65,635.0","73,401.0","78,830.0","106,342.0","147,257.0","147,720.0","175,639.0","197,473.0","206,650.0","207,529.0","207,855.0","232,754.0","263,523.0","281,384.0","285,306.0","279,802.0","296,249.0","317,616.0","362,193.0","379,765.0","407,849.0","437,745.0","429,673.0","418,928.0","402,786.0","427,495.0","435,495.0","451,428.0","529,918.0","586,251.0","534,314.0"
"66","45","      Banks, credit agencies, and investment companies","B1310C1","13,781.0","17,545.0","20,002.0","21,561.0","21,465.0","25,934.0","40,532.0","35,622.0","37,734.0","41,022.0","38,721.0","37,693.0","36,035.0","56,835.0","89,830.0","80,332.0","95,898.0","103,515.0","101,214.0","95,924.0","83,654.0","98,646.0","122,694.0","137,868.0","130,584.0","131,264.0","126,519.0","142,951.0","160,836.0","172,609.0","189,670.0","194,970.0","203,008.0","213,432.0","197,115.0","215,718.0","206,788.0","190,315.0","241,868.0","302,926.0","253,758.0"
"67","46","      Life insurance carriers","B1311C1","8,067.0","8,614.0","9,379.0","10,015.0","11,192.0","12,931.0","14,730.0","16,261.0","19,162.0","22,196.0","22,458.0","30,606.0","37,013.0","42,994.0","49,796.0","58,270.0","67,511.0","76,773.0","86,278.0","91,871.0","103,641.0","112,313.0","118,134.0","120,313.0","128,852.0","121,229.0","143,099.0","147,543.0","173,710.0","178,990.0","189,541.0","212,711.0","195,582.0","172,500.0","171,439.0","177,565.0","196,200.0","227,531.0","255,359.0","251,715.0","253,716.0"
"68","47","      Property and casualty insurance companies","W354RC1","897.0","1,056.0","1,386.0","1,539.0","1,633.0","1,796.0","2,158.0","2,656.0","3,433.0","3,970.0","4,456.0","5,102.0","5,782.0","6,514.0","7,632.0","9,118.0","12,230.0","17,185.0","19,158.0","19,734.0","20,560.0","21,795.0","22,695.0","23,203.0","25,870.0","27,309.0","26,631.0","27,122.0","27,647.0","28,166.0","28,638.0","30,064.0","31,083.0","32,996.0","34,232.0","34,212.0","32,507.0","33,582.0","32,691.0","31,610.0","26,840.0"
"69","48","    Rest of the world","W355RC1",".....",".....",".....",".....",".....",".....",".....",".....",".....",".....",".....",".....",".....",".....",".....",".....",".....","682.0","842.0","782.0","999.0","1,061.0","1,243.0","1,335.0","1,516.0","1,819.0","1,854.0","1,795.0","1,908.0","2,660.0","3,023.0","3,687.0","4,911.0","5,565.0","6,049.0","6,970.0","4,436.0","6,950.0","8,302.0","9,910.0","9,213.0"
"70","49","  Imputed interest received","A2074C1","22,742.0","27,210.0","30,774.0","33,119.0","34,287.0","40,658.0","57,420.0","54,542.0","60,329.0","67,191.0","65,608.0","73,407.0","78,805.0","106,343.0","147,256.0","147,720.0","175,639.0","198,155.0","207,492.0","208,311.0","208,854.0","233,815.0","264,766.0","282,719.0","286,822.0","281,621.0","298,103.0","319,411.0","364,101.0","382,425.0","410,872.0","441,432.0","434,585.0","424,493.0","408,836.0","434,465.0","439,931.0","458,378.0","538,220.0","596,161.0","543,527.0"
"71","50","    Domestic business \1\","A2075C1","5,197.0","6,637.0","7,746.0","8,141.0","7,476.0","8,892.0","15,075.0","12,684.0","13,324.0","14,160.0","13,601.0","14,985.0","16,192.0","28,094.0","34,453.0","29,828.0","32,156.0","37,195.0","33,208.0","30,928.0","24,084.0","30,304.0","38,155.0","38,006.0","33,900.0","35,735.0","35,214.0","41,329.0","47,046.0","48,736.0","53,824.0","52,794.0","61,535.0","69,230.0","63,812.0","67,681.0","52,240.0","41,474.0","65,370.0","89,240.0","55,446.0"
"72","51","      Corporate business","A2076C1","4,032.0","5,192.0","6,096.0","6,324.0","5,954.0","7,117.0","12,104.0","10,407.0","11,003.0","11,422.0","10,625.0","11,445.0","12,126.0","19,302.0","23,465.0","20,579.0","23,080.0","28,350.0","24,798.0","22,863.0","15,996.0","21,974.0","29,410.0","28,658.0","24,528.0","26,418.0","26,219.0","31,508.0","36,309.0","37,168.0","40,377.0","37,972.0","44,851.0","51,448.0","47,427.0","50,270.0","35,866.0","25,606.0","47,957.0","68,009.0","38,172.0"
"73","52","        Financial","B1143C1","1,267.0","1,658.0","1,934.0","1,778.0","1,778.0","2,165.0","3,250.0","2,992.0","3,236.0","3,616.0","3,830.0","4,413.0","5,009.0","7,195.0","8,211.0","7,058.0","6,163.0","11,576.0","7,549.0","6,088.0","-64.0","5,120.0","12,054.0","10,896.0","6,252.0","7,320.0","7,151.0","10,594.0","13,356.0","13,015.0","15,197.0","11,656.0","16,761.0","21,236.0","17,919.0","18,268.0","3,373.0","-6,244.0","14,125.0","31,683.0","6,481.0"
"74","53","        Nonfinancial","B1144C1","2,765.0","3,534.0","4,162.0","4,546.0","4,177.0","4,953.0","8,854.0","7,416.0","7,766.0","7,806.0","6,795.0","7,032.0","7,118.0","12,107.0","15,253.0","13,521.0","16,917.0","16,774.0","17,249.0","16,775.0","16,060.0","16,854.0","17,356.0","17,762.0","18,276.0","19,098.0","19,068.0","20,914.0","22,953.0","24,153.0","25,180.0","26,316.0","28,090.0","30,212.0","29,509.0","32,002.0","32,493.0","31,850.0","33,832.0","36,326.0","31,691.0"
"75","54","      Sole proprietorships and partnerships","A2077C1","1,144.0","1,418.0","1,619.0","1,781.0","1,489.0","1,735.0","2,906.0","2,213.0","2,245.0","2,657.0","2,899.0","3,455.0","3,976.0","8,662.0","10,830.0","9,086.0","8,875.0","8,614.0","8,178.0","7,839.0","7,867.0","8,110.0","8,524.0","9,139.0","9,133.0","9,061.0","8,737.0","9,537.0","10,401.0","11,189.0","13,049.0","14,388.0","16,238.0","17,320.0","15,884.0","16,875.0","15,868.0","15,381.0","16,913.0","20,745.0","16,862.0"
"76","55","        Farm","B1146C1","274.0","346.0","396.0","436.0","412.0","483.0","820.0","601.0","582.0","563.0","503.0","527.0","540.0","1,058.0","1,118.0","824.0","644.0","503.0","419.0","393.0","386.0","391.0","412.0","468.0","474.0","485.0","537.0","630.0","685.0","752.0","729.0","664.0","848.0","863.0","735.0","775.0","690.0","646.0","752.0","1,033.0","859.0"
"77","56","        Nonfarm","B1145C1","870.0","1,072.0","1,223.0","1,345.0","1,077.0","1,252.0","2,086.0","1,612.0","1,663.0","2,094.0","2,396.0","2,928.0","3,436.0","7,604.0","9,712.0","8,262.0","8,231.0","8,111.0","7,759.0","7,446.0","7,481.0","7,719.0","8,112.0","8,671.0","8,659.0","8,576.0","8,200.0","8,907.0","9,716.0","10,437.0","12,320.0","13,724.0","15,393.0","16,460.0","15,153.0","16,099.0","15,176.0","14,731.0","16,161.0","19,712.0","16,003.0"
"78","57","      Other private business","B2078C1","21.0","27.0","31.0","36.0","33.0","40.0","65.0","64.0","77.0","81.0","77.0","86.0","91.0","130.0","158.0","163.0","200.0","231.0","232.0","226.0","221.0","220.0","221.0","209.0","239.0","256.0","258.0","284.0","336.0","379.0","398.0","434.0","445.0","462.0","501.0","536.0","506.0","487.0","500.0","486.0","412.0"
"79","58","    Households and nonprofit institutions","W314RC1","15,746.0","18,227.0","20,218.0","21,983.0","23,858.0","28,361.0","37,508.0","37,588.0","42,512.0","49,284.0","49,199.0","56,326.0","61,242.0","74,405.0","105,927.0","111,917.0","134,138.0","150,790.0","165,682.0","169,914.0","178,144.0","195,301.0","215,780.0","232,840.0","241,616.0","234,550.0","252,539.0","267,095.0","305,139.0","321,829.0","344,179.0","375,824.0","361,309.0","342,806.0","333,802.0","354,698.0","376,921.0","405,526.0","458,595.0","487,060.0","470,612.0"
"80","59","      Households","W315RC1","15,735.0","18,214.0","20,201.0","21,964.0","23,838.0","28,340.0","37,482.0","37,554.0","42,387.0","49,155.0","49,062.0","56,171.0","61,052.0","74,172.0","105,632.0","111,540.0","133,553.0","149,959.0","164,756.0","169,022.0","177,185.0","194,415.0","214,861.0","231,883.0","240,517.0","233,302.0","251,360.0","265,934.0","303,977.0","320,636.0","343,005.0","374,629.0","360,092.0","341,472.0","332,423.0","353,411.0","375,635.0","404,277.0","457,390.0","485,902.0","469,684.0"
"81","60","        Owner-occupied housing","W316RC1","58.0","67.0","85.0","95.0","99.0","109.0","128.0","142.0","163.0","184.0","205.0","235.0","269.0","311.0","353.0","396.0","443.0","515.0","588.0","622.0","647.0","695.0","740.0","795.0","890.0","959.0","965.0","1,017.0","1,040.0","1,086.0","1,113.0","1,140.0","1,178.0","1,225.0","1,290.0","1,284.0","1,359.0","1,377.0","1,352.0","1,388.0","1,254.0"
"82","61","        Persons","A1147C1","15,677.0","18,147.0","20,116.0","21,869.0","23,739.0","28,231.0","37,353.0","37,412.0","42,224.0","48,971.0","48,857.0","55,937.0","60,783.0","73,861.0","105,280.0","111,143.0","133,105.0","149,444.0","164,168.0","168,400.0","176,538.0","193,720.0","214,121.0","231,088.0","239,627.0","232,343.0","250,395.0","264,917.0","302,937.0","319,550.0","341,892.0","373,489.0","358,914.0","340,247.0","331,133.0","352,127.0","374,276.0","402,900.0","456,038.0","484,514.0","468,430.0"
"83","62","          From banks credit agencies, and investment companies","B1611C1","7,169.0","9,016.0","10,086.0","11,136.0","11,757.0","14,432.0","21,592.0","19,893.0","21,514.0","24,967.0","24,313.0","22,899.0","20,990.0","27,725.0","51,733.0","48,440.0","60,209.0","65,999.0","70,100.0","67,993.0","63,689.0","71,444.0","85,598.0","100,140.0","99,227.0","99,585.0","96,269.0","106,106.0","117,809.0","128,839.0","140,919.0","148,242.0","150,271.0","155,662.0","147,800.0","162,584.0","166,009.0","163,318.0","188,900.0","222,088.0","205,014.0"
"84","63","          From life insurance carriers","B1612C1","8,067.0","8,614.0","9,379.0","10,015.0","11,192.0","12,931.0","14,730.0","16,261.0","19,162.0","22,196.0","22,458.0","30,606.0","37,013.0","42,994.0","49,796.0","58,270.0","67,511.0","76,773.0","86,278.0","91,871.0","103,641.0","112,313.0","118,134.0","120,313.0","128,852.0","121,229.0","143,099.0","147,543.0","173,710.0","178,990.0","189,541.0","212,711.0","195,582.0","172,500.0","171,439.0","177,565.0","196,200.0","227,531.0","255,359.0","251,715.0","253,716.0"
"85","64","          From property and casualty insurance companies","W356RC1","442.0","517.0","650.0","718.0","791.0","868.0","1,031.0","1,258.0","1,548.0","1,808.0","2,086.0","2,432.0","2,780.0","3,142.0","3,751.0","4,434.0","5,385.0","6,672.0","7,790.0","8,536.0","9,208.0","9,963.0","10,389.0","10,635.0","11,548.0","11,529.0","11,027.0","11,268.0","11,417.0","11,722.0","11,432.0","12,535.0","13,061.0","12,085.0","11,894.0","11,978.0","12,067.0","12,051.0","11,779.0","10,711.0","9,700.0"
"86","65","      Nonprofit institutions","W317RC1","11.0","13.0","17.0","19.0","20.0","21.0","27.0","34.0","124.0","129.0","137.0","155.0","190.0","233.0","295.0","377.0","586.0","831.0","926.0","892.0","959.0","886.0","919.0","957.0","1,099.0","1,248.0","1,179.0","1,161.0","1,162.0","1,193.0","1,174.0","1,195.0","1,217.0","1,334.0","1,379.0","1,287.0","1,286.0","1,249.0","1,205.0","1,158.0","928.0"
"87","66","    Government","A2079C1","1,414.0","1,860.0","2,301.0","2,424.0","2,314.0","2,451.0","3,251.0","3,069.0","3,276.0","2,590.0","1,848.0","1,320.0","892.0","2,353.0","3,366.0","2,820.0","4,831.0","5,388.0","4,171.0","3,588.0","3,302.0","3,829.0","5,060.0","4,817.0","4,224.0","4,109.0","4,059.0","4,497.0","5,000.0","5,201.0","6,323.0","6,295.0","5,610.0","6,179.0","5,517.0","5,729.0","5,391.0","5,430.0","6,909.0","8,961.0","8,187.0"
"88","67","      Federal","B1148C1","624.0","838.0","1,127.0","1,250.0","1,253.0","1,204.0","1,371.0","1,670.0","1,656.0","1,213.0","800.0","508.0","406.0","888.0","800.0","511.0","1,195.0","1,787.0","937.0","734.0","788.0","920.0","1,651.0","1,131.0","845.0","657.0","596.0","580.0","643.0","468.0","1,091.0","1,081.0","273.0","599.0","357.0","162.0","161.0","147.0","525.0","736.0","872.0"
"89","68","      State and local","B1149C1","790.0","1,022.0","1,174.0","1,174.0","1,061.0","1,247.0","1,880.0","1,399.0","1,620.0","1,377.0","1,048.0","812.0","486.0","1,465.0","2,566.0","2,309.0","3,636.0","3,601.0","3,234.0","2,854.0","2,514.0","2,909.0","3,409.0","3,686.0","3,379.0","3,452.0","3,463.0","3,917.0","4,357.0","4,733.0","5,232.0","5,214.0","5,337.0","5,580.0","5,160.0","5,567.0","5,230.0","5,283.0","6,384.0","8,225.0","7,315.0"
"90","69","    Rest of the world","W357RC1","384.0","486.0","510.0","571.0","640.0","953.0","1,586.0","1,201.0","1,217.0","1,157.0","960.0","776.0","478.0","1,491.0","3,510.0","3,155.0","4,515.0","4,782.0","4,431.0","3,881.0","3,324.0","4,381.0","5,771.0","7,056.0","7,082.0","7,227.0","6,291.0","6,490.0","6,916.0","6,659.0","6,546.0","6,519.0","6,131.0","6,278.0","5,705.0","6,357.0","5,379.0","5,948.0","7,346.0","10,900.0","9,282.0"
"91",NA,"Borrower services:"," ",NA,NA,NA,NA,NA,NA,NA,NA,NA,NA,NA,NA,NA,NA,NA,NA,NA,NA,NA,NA,NA,NA,NA,NA,NA,NA,NA,NA,NA,NA,NA,NA,NA,NA,NA,NA,NA,NA,NA,NA,NA
"92","70","  Imputed interest paid","W358RC1","-7,769.0","-7,146.0","-5,549.0","-6,368.0","-11,172.0","-13,597.0","-3,653.0","-11,202.0","-14,621.0","-22,449.0","-34,647.0","-43,613.0","-53,585.0","-37,416.0","-15,598.0","-31,648.0","-26,050.0","-38,576.0","-49,033.0","-61,149.0","-70,455.0","-60,306.0","-46,952.0","-46,936.0","-61,291.0","-72,003.0","-82,993.0","-78,241.0","-80,724.0","-84,329.0","-86,059.0","-105,271.0","-99,179.0","-103,718.0","-129,089.0","-135,785.0","-164,134.0","-200,302.0","-184,219.0","-154,287.0","-205,862.0"
"93","71","    Domestic business \1\","W296RC1","-4,557.0","-4,353.0","-3,518.0","-3,938.0","-6,962.0","-8,555.0","-2,250.0","-6,593.0","-8,427.0","-12,672.0","-19,278.0","-24,453.0","-30,642.0","-22,683.0","-9,581.0","-19,743.0","-14,523.0","-17,836.0","-27,718.0","-35,415.0","-41,788.0","-35,676.0","-27,120.0","-26,141.0","-33,495.0","-39,663.0","-44,676.0","-41,758.0","-43,846.0","-46,816.0","-48,531.0","-59,717.0","-57,013.0","-57,001.0","-67,901.0","-69,771.0","-84,263.0","-104,654.0","-96,442.0","-83,672.0","-106,635.0"
"94","72","      Corporate business","W297RC1","-3,821.0","-3,671.0","-2,967.0","-3,319.0","-5,752.0","-6,853.0","-1,766.0","-5,049.0","-6,411.0","-9,572.0","-14,371.0","-18,249.0","-23,188.0","-17,690.0","-7,660.0","-15,891.0","-11,742.0","-14,571.0","-23,198.0","-29,719.0","-34,766.0","-29,565.0","-22,167.0","-21,377.0","-27,538.0","-32,643.0","-36,737.0","-34,114.0","-35,365.0","-37,767.0","-38,919.0","-47,316.0","-44,600.0","-43,596.0","-51,646.0","-52,924.0","-62,694.0","-75,858.0","-68,410.0","-59,755.0","-76,042.0"
"95","73","        Financial","W298RC1","-611.0","-567.0","-497.0","-614.0","-1,088.0","-1,230.0","-266.0","-688.0","-915.0","-1,328.0","-1,950.0","-2,217.0","-2,867.0","-2,005.0","-856.0","-1,802.0","-1,375.0","-1,896.0","-2,297.0","-2,491.0","-3,049.0","-2,822.0","-2,428.0","-3,100.0","-3,955.0","-4,154.0","-4,339.0","-4,136.0","-4,735.0","-5,827.0","-5,700.0","-6,620.0","-5,549.0","-5,823.0","-7,481.0","-8,469.0","-10,324.0","-17,621.0","-15,468.0","-11,838.0","-12,382.0"
"96","74","        Nonfinancial","W300RC1","-3,210.0","-3,104.0","-2,470.0","-2,705.0","-4,664.0","-5,623.0","-1,500.0","-4,361.0","-5,496.0","-8,244.0","-12,421.0","-16,032.0","-20,321.0","-15,685.0","-6,804.0","-14,089.0","-10,367.0","-12,675.0","-20,901.0","-27,228.0","-31,717.0","-26,743.0","-19,739.0","-18,277.0","-23,583.0","-28,489.0","-32,398.0","-29,978.0","-30,630.0","-31,940.0","-33,219.0","-40,696.0","-39,051.0","-37,773.0","-44,165.0","-44,455.0","-52,370.0","-58,237.0","-52,942.0","-47,917.0","-63,660.0"
"97","75","      Sole proprietorships and partnerships","W301RC1","-555.0","-519.0","-417.0","-461.0","-933.0","-1,363.0","-391.0","-1,255.0","-1,638.0","-2,527.0","-4,050.0","-5,157.0","-6,259.0","-4,215.0","-1,617.0","-3,232.0","-2,314.0","-2,654.0","-3,588.0","-4,403.0","-5,333.0","-4,550.0","-3,623.0","-3,530.0","-4,448.0","-5,299.0","-6,045.0","-5,957.0","-6,818.0","-7,409.0","-7,996.0","-10,383.0","-10,571.0","-11,401.0","-13,537.0","-13,828.0","-17,860.0","-24,323.0","-23,849.0","-20,413.0","-25,706.0"
"98","76","        Farm","W302RC1","-269.0","-251.0","-208.0","-233.0","-402.0","-484.0","-133.0","-452.0","-603.0","-853.0","-1,247.0","-1,527.0","-1,803.0","-1,277.0","-543.0","-1,055.0","-669.0","-666.0","-778.0","-884.0","-1,016.0","-858.0","-725.0","-720.0","-910.0","-1,096.0","-1,193.0","-1,091.0","-1,101.0","-1,135.0","-1,076.0","-1,218.0","-1,146.0","-1,131.0","-1,263.0","-1,261.0","-1,428.0","-1,702.0","-1,504.0","-1,171.0","-1,576.0"
"99","77","        Nonfarm","W303RC1","-286.0","-268.0","-209.0","-228.0","-531.0","-879.0","-258.0","-803.0","-1,035.0","-1,674.0","-2,803.0","-3,630.0","-4,456.0","-2,938.0","-1,074.0","-2,177.0","-1,645.0","-1,988.0","-2,810.0","-3,519.0","-4,317.0","-3,692.0","-2,898.0","-2,810.0","-3,538.0","-4,203.0","-4,852.0","-4,866.0","-5,717.0","-6,274.0","-6,920.0","-9,165.0","-9,425.0","-10,270.0","-12,274.0","-12,567.0","-16,432.0","-22,621.0","-22,345.0","-19,242.0","-24,130.0"
"100","78","      Other private business","W304RC1","-181.0","-163.0","-134.0","-158.0","-277.0","-339.0","-93.0","-289.0","-378.0","-573.0","-857.0","-1,047.0","-1,195.0","-778.0","-304.0","-620.0","-467.0","-611.0","-932.0","-1,293.0","-1,689.0","-1,561.0","-1,330.0","-1,234.0","-1,509.0","-1,721.0","-1,894.0","-1,687.0","-1,663.0","-1,640.0","-1,616.0","-2,018.0","-1,842.0","-2,004.0","-2,718.0","-3,019.0","-3,709.0","-4,473.0","-4,183.0","-3,504.0","-4,887.0"
"101","79","        Rental income of persons and proprietors' income","W359RC1","-181.0","-163.0","-134.0","-158.0","-277.0","-339.0","-93.0","-289.0","-378.0","-573.0","-857.0","-1,047.0","-1,195.0","-778.0","-304.0","-620.0","-467.0","-611.0","-932.0","-1,293.0","-1,689.0","-1,561.0","-1,330.0","-1,234.0","-1,509.0","-1,721.0","-1,894.0","-1,687.0","-1,663.0","-1,640.0","-1,616.0","-2,018.0","-1,842.0","-2,004.0","-2,718.0","-3,019.0","-3,709.0","-4,473.0","-4,183.0","-3,504.0","-4,887.0"
"102","80","    Households and nonprofit institutions","W305RC1","-2,591.0","-2,354.0","-1,924.0","-2,250.0","-3,911.0","-4,608.0","-1,272.0","-4,114.0","-5,528.0","-8,617.0","-13,244.0","-16,451.0","-19,325.0","-13,305.0","-5,479.0","-10,992.0","-8,310.0","-10,423.0","-14,928.0","-19,092.0","-23,536.0","-20,470.0","-16,539.0","-16,299.0","-21,791.0","-27,260.0","-32,981.0","-31,866.0","-32,556.0","-32,449.0","-31,966.0","-39,496.0","-37,572.0","-40,097.0","-52,500.0","-57,459.0","-69,878.0","-85,110.0","-78,624.0","-62,522.0","-84,146.0"
"103","81","      Households","W306RC1","-2,518.0","-2,286.0","-1,868.0","-2,183.0","-3,792.0","-4,462.0","-1,232.0","-3,985.0","-5,362.0","-8,363.0","-12,863.0","-15,960.0","-18,717.0","-12,855.0","-5,278.0","-10,549.0","-7,961.0","-9,946.0","-14,159.0","-18,096.0","-22,275.0","-19,365.0","-15,627.0","-15,424.0","-20,718.0","-26,073.0","-31,678.0","-30,638.0","-31,293.0","-31,156.0","-30,582.0","-37,719.0","-35,799.0","-38,140.0","-50,060.0","-54,832.0","-66,613.0","-80,956.0","-74,808.0","-59,381.0","-79,793.0"
"104","82","        Owner-occupied housing","W307RC1","-795.0","-716.0","-578.0","-674.0","-1,170.0","-1,414.0","-388.0","-1,246.0","-1,716.0","-2,784.0","-4,530.0","-5,878.0","-7,141.0","-4,950.0","-2,000.0","-3,885.0","-2,753.0","-3,401.0","-5,088.0","-6,989.0","-9,133.0","-8,712.0","-7,460.0","-7,761.0","-10,610.0","-13,170.0","-15,918.0","-15,276.0","-16,121.0","-16,726.0","-16,967.0","-21,912.0","-21,038.0","-23,302.0","-32,051.0","-35,147.0","-44,637.0","-55,338.0","-51,451.0","-40,038.0","-53,171.0"
"105","83","        Persons","W308RC1","-1,723.0","-1,570.0","-1,290.0","-1,509.0","-2,622.0","-3,048.0","-844.0","-2,739.0","-3,646.0","-5,579.0","-8,333.0","-10,082.0","-11,576.0","-7,905.0","-3,278.0","-6,664.0","-5,207.0","-6,536.0","-9,071.0","-11,107.0","-13,142.0","-10,653.0","-8,167.0","-7,663.0","-10,108.0","-12,903.0","-15,760.0","-15,362.0","-15,172.0","-14,430.0","-13,615.0","-15,807.0","-14,761.0","-14,838.0","-18,009.0","-19,685.0","-21,976.0","-25,618.0","-23,357.0","-19,343.0","-26,622.0"
"106","84","      Nonprofit institutions","W309RC1","-73.0","-68.0","-56.0","-67.0","-119.0","-146.0","-40.0","-129.0","-166.0","-254.0","-381.0","-491.0","-608.0","-450.0","-201.0","-443.0","-349.0","-477.0","-769.0","-996.0","-1,261.0","-1,105.0","-912.0","-875.0","-1,073.0","-1,187.0","-1,303.0","-1,228.0","-1,263.0","-1,293.0","-1,384.0","-1,777.0","-1,773.0","-1,957.0","-2,440.0","-2,627.0","-3,265.0","-4,154.0","-3,816.0","-3,141.0","-4,353.0"
"107","85","    Government","W310RC1","-462.0","-303.0","0.0","-33.0","0.0","0.0","0.0","0.0","0.0","0.0","0.0","0.0","0.0","0.0","0.0","0.0","-2,720.0","-9,778.0","-5,734.0","-5,969.0","-4,398.0","-3,630.0","-2,864.0","-3,997.0","-5,355.0","-4,343.0","-4,430.0","-3,539.0","-3,095.0","-3,671.0","-4,123.0","-4,298.0","-2,913.0","-4,935.0","-6,792.0","-6,732.0","-7,754.0","-7,519.0","-6,697.0","-5,799.0","-12,294.0"
"108","86","      Federal","W311RC1","0.0","0.0","0.0","0.0","0.0","0.0","0.0","0.0","0.0","0.0","0.0","0.0","0.0","0.0","0.0","0.0","0.0","0.0","0.0","0.0","0.0","0.0","0.0","0.0","0.0","0.0","0.0","0.0","0.0","0.0","0.0","0.0","0.0","0.0","0.0","0.0","0.0","0.0","0.0","0.0","0.0"
"109","87","      State and local","W312RC1","-462.0","-303.0","0.0","-33.0","0.0","0.0","0.0","0.0","0.0","0.0","0.0","0.0","0.0","0.0","0.0","0.0","-2,720.0","-9,774.0","-5,734.0","-5,969.0","-4,398.0","-3,630.0","-2,864.0","-3,997.0","-5,355.0","-4,343.0","-4,430.0","-3,539.0","-3,095.0","-3,671.0","-4,123.0","-4,298.0","-2,913.0","-4,935.0","-6,792.0","-6,732.0","-7,754.0","-7,519.0","-6,697.0","-5,799.0","-12,294.0"
"110","88","    Rest of the world","W313RC1","-159.0","-136.0","-107.0","-147.0","-299.0","-434.0","-131.0","-495.0","-666.0","-1,160.0","-2,125.0","-2,709.0","-3,618.0","-1,428.0","-538.0","-913.0","-497.0","-538.0","-653.0","-673.0","-733.0","-530.0","-429.0","-499.0","-650.0","-737.0","-906.0","-1,078.0","-1,227.0","-1,393.0","-1,439.0","-1,760.0","-1,681.0","-1,685.0","-1,896.0","-1,823.0","-2,239.0","-3,019.0","-2,456.0","-2,294.0","-2,787.0"
"111","89","  Imputed interest received","W360RC1","-7,769.0","-7,146.0","-5,550.0","-6,368.0","-11,171.0","-13,598.0","-3,654.0","-11,202.0","-14,620.0","-22,451.0","-34,648.0","-43,612.0","-53,585.0","-37,416.0","-15,597.0","-31,648.0","-26,051.0","-38,576.0","-49,031.0","-61,149.0","-70,455.0","-60,305.0","-46,951.0","-46,937.0","-61,291.0","-72,003.0","-82,992.0","-78,241.0","-80,724.0","-84,327.0","-86,058.0","-105,270.0","-99,178.0","-103,717.0","-129,089.0","-135,783.0","-164,134.0","-200,303.0","-184,219.0","-154,287.0","-205,862.0"
"112","90","    Domestic corporate business, financial","W361RC1","-7,769.0","-7,146.0","-5,550.0","-6,368.0","-11,171.0","-13,598.0","-3,654.0","-11,202.0","-14,620.0","-22,451.0","-34,648.0","-43,612.0","-53,585.0","-37,416.0","-15,597.0","-31,648.0","-26,051.0","-38,576.0","-49,031.0","-61,149.0","-70,455.0","-60,305.0","-46,951.0","-46,937.0","-61,291.0","-72,003.0","-82,992.0","-78,241.0","-80,724.0","-84,327.0","-86,058.0","-105,270.0","-99,178.0","-103,717.0","-129,089.0","-135,783.0","-164,134.0","-200,303.0","-184,219.0","-154,287.0","-205,862.0"
"113","91","      Banks, credit agencies, and investment companies","W362RC1","-7,769.0","-7,146.0","-5,550.0","-6,368.0","-11,171.0","-13,598.0","-3,654.0","-11,202.0","-14,620.0","-22,451.0","-34,648.0","-43,612.0","-53,585.0","-37,416.0","-15,597.0","-31,648.0","-26,051.0","-38,576.0","-49,031.0","-61,149.0","-70,455.0","-60,305.0","-46,951.0","-46,937.0","-61,291.0","-72,003.0","-82,992.0","-78,241.0","-80,724.0","-84,327.0","-86,058.0","-105,270.0","-99,178.0","-103,717.0","-129,089.0","-135,783.0","-164,134.0","-200,303.0","-184,219.0","-154,287.0","-205,862.0"
"114",NA,"Addenda:"," ",NA,NA,NA,NA,NA,NA,NA,NA,NA,NA,NA,NA,NA,NA,NA,NA,NA,NA,NA,NA,NA,NA,NA,NA,NA,NA,NA,NA,NA,NA,NA,NA,NA,NA,NA,NA,NA,NA,NA,NA,NA
"115","92","  Net interest (93+97+98+99)","B060RC1","31,759.0","38,067.0","42,621.0","46,552.0","53,668.0","68,963.0","79,674.0","83,485.0","98,899.0","112,603.0","135,434.0","176,368.0","225,546.0","263,800.0","277,581.0","318,283.0","332,659.0","358,417.0","358,977.0","378,873.0","427,873.0","437,457.0","410,932.0","380,406.0","357,367.0","354,970.0","351,313.0","362,470.0","398,306.0","470,782.0","472,741.0","527,858.0","531,421.0","494,940.0","490,077.0","446,317.0","526,244.0","634,281.0","712,810.0","789,627.0","764,986.0"
"116","93","    Domestic business (2+44+71-26-50-90)","A1626C1","17,178.0","22,170.0","23,952.0","25,702.0","30,966.0","42,273.0","47,814.0","45,639.0","53,527.0","61,593.0","75,504.0","103,063.0","135,121.0","155,617.0","156,735.0","185,070.0","194,273.0","213,312.0","213,336.0","225,729.0","267,242.0","261,006.0","231,392.0","195,821.0","181,309.0","187,261.0","175,205.0","182,847.0","216,627.0","278,343.0","269,280.0","312,006.0","303,238.0","241,723.0","219,036.0","168,665.0","225,999.0","309,759.0","382,976.0","455,919.0","435,597.0"
"117","94","      Corporate (3+44+72-27-51-90)","W499RC1","6,799.0","10,207.0","10,206.0","9,965.0","11,478.0","18,902.0","21,458.0","16,746.0","21,151.0","25,095.0","31,454.0","50,475.0","70,960.0","82,705.0","78,867.0","90,047.0","88,050.0","97,653.0","99,975.0","101,359.0","123,752.0","119,013.0","95,350.0","73,274.0","66,234.0","67,773.0","57,677.0","60,653.0","85,579.0","133,639.0","130,352.0","155,227.0","141,247.0","104,739.0","85,356.0","33,288.0","44,811.0","102,473.0","145,399.0","255,822.0","260,544.0"
"118","95","      Sole proprietorships and partnerships (8+75-30-54)","B1649C1","5,058.0","6,049.0","7,177.0","8,409.0","11,227.0","14,002.0","15,484.0","17,090.0","19,291.0","22,146.0","28,074.0","34,511.0","43,974.0","50,814.0","54,098.0","68,636.0","76,210.0","81,832.0","77,283.0","85,801.0","101,873.0","98,724.0","91,909.0","82,408.0","79,852.0","86,549.0","85,249.0","90,742.0","99,792.0","113,494.0","106,694.0","122,715.0","127,428.0","101,612.0","98,106.0","96,902.0","139,030.0","160,343.0","186,103.0","143,955.0","119,215.0"
"119","96","      Other private business (11+78-31-57)","B1657C1","5,321.0","5,914.0","6,569.0","7,327.0","8,261.0","9,369.0","10,873.0","11,802.0","13,085.0","14,352.0","15,975.0","18,077.0","20,186.0","22,097.0","23,770.0","26,387.0","30,014.0","33,827.0","36,078.0","38,569.0","41,617.0","43,269.0","44,133.0","40,139.0","35,222.0","32,938.0","32,278.0","31,452.0","31,256.0","31,210.0","32,234.0","34,064.0","34,564.0","35,371.0","35,574.0","38,475.0","42,158.0","46,943.0","51,474.0","56,142.0","55,838.0"
"120","97","    Owner-occupied housing (16+82-60)","W318RC1","14,516.0","15,945.0","18,182.0","20,978.0","24,021.0","27,512.0","32,055.0","36,082.0","42,617.0","50,308.0","60,191.0","71,539.0","83,269.0","99,280.0","112,734.0","125,567.0","142,241.0","156,564.0","165,931.0","176,170.0","190,150.0","205,045.0","211,933.0","213,628.0","204,712.0","204,917.0","221,901.0","231,330.0","246,223.0","257,675.0","276,056.0","303,248.0","324,928.0","341,164.0","348,211.0","371,936.0","423,854.0","491,151.0","538,911.0","551,354.0","517,768.0"
"121","98","    Nonprofit institutions (18+84)","B1131C1","567.0","682.0","769.0","843.0","946.0","1,104.0","1,388.0","1,428.0","1,515.0","1,891.0","2,343.0","2,954.0","3,744.0","4,787.0","5,910.0","7,713.0","7,489.0","8,620.0","8,710.0","9,731.0","10,404.0","10,765.0","11,416.0","11,940.0","13,771.0","12,666.0","13,407.0","14,468.0","15,158.0","15,646.0","15,906.0","15,794.0","15,826.0","15,248.0","14,189.0","13,387.0","12,277.0","11,184.0","11,431.0","11,764.0","9,839.0"
"122","99","    Rest of the world (22+48+88-38-69)","A1627C1","-502.0","-730.0","-282.0","-971.0","-2,266.0","-1,926.0","-1,583.0","336.0","1,241.0","-1,189.0","-2,603.0","-1,188.0","3,412.0","4,116.0","2,202.0","-68.0","-11,344.0","-20,079.0","-29,000.0","-32,757.0","-39,923.0","-39,359.0","-43,809.0","-40,983.0","-42,425.0","-49,874.0","-59,200.0","-66,175.0","-79,702.0","-80,882.0","-88,501.0","-103,190.0","-112,571.0","-103,195.0","-91,359.0","-107,671.0","-135,886.0","-177,813.0","-220,508.0","-229,410.0","-198,218.0"
"123","100","  Net interest paid by government (19+85-35-66)","A085RC1","14,147.0","15,919.0","16,773.0","18,082.0","21,310.0","23,069.0","25,885.0","32,088.0","34,666.0","39,542.0","45,668.0","54,697.0","73,416.0","87,495.0","99,504.0","121,913.0","133,760.0","135,496.0","152,982.0","164,425.0","185,265.0","203,190.0","222,343.0","230,468.0","233,746.0","244,752.0","270,016.0","274,594.0","277,786.0","279,109.0","261,644.0","256,002.0","241,316.0","225,649.0","216,932.0","223,600.0","249,908.0","263,119.0","291,435.0","278,853.0","240,484.0"
"124","101","  Personal interest payments (17+83)","B069RC1","13,990.0","15,213.0","16,551.0","18,140.0","19,805.0","21,152.0","23,692.0","23,904.0","27,018.0","31,903.0","36,201.0","43,622.0","49,336.0","59,495.0","69,214.0","77,042.0","89,389.0","94,507.0","91,688.0","93,996.0","103,861.0","111,298.0","114,956.0","111,286.0","106,996.0","113,001.0","130,573.0","147,308.0","159,679.0","169,454.0","176,504.0","200,308.0","203,735.0","191,274.0","182,669.0","190,289.0","210,834.0","230,082.0","260,893.0","246,237.0","216,814.0"
"125","102","  Personal interest income (92+100+101) or (32+61+65)","A064RC1","59,896.0","69,199.0","75,945.0","82,774.0","94,783.0","113,184.0","129,251.0","139,477.0","160,583.0","184,048.0","217,303.0","274,687.0","348,298.0","410,790.0","446,299.0","517,238.0","555,831.0","588,423.0","603,648.0","637,297.0","716,996.0","751,945.0","748,233.0","722,160.0","698,109.0","712,700.0","751,922.0","784,372.0","835,771.0","919,345.0","910,889.0","984,168.0","976,472.0","911,857.0","889,775.0","860,199.0","986,974.0","1,127,482.0","1,265,145.0","1,314,717.0","1,222,280.0"
"126",NA,NA,NA,NA,NA,NA,NA,NA,NA,NA,NA,NA,NA,NA,NA,NA,NA,NA,NA,NA,NA,NA,NA,NA,NA,NA,NA,NA,NA,NA,NA,NA,NA,NA,NA,NA,NA,NA,NA,NA,NA,NA,NA,NA
"127","1. Excludes interest paid or received by government enterprises, which is included in the",NA,NA,NA,NA,NA,NA,NA,NA,NA,NA,NA,NA,NA,NA,NA,NA,NA,NA,NA,NA,NA,NA,NA,NA,NA,NA,NA,NA,NA,NA,NA,NA,NA,NA,NA,NA,NA,NA,NA,NA,NA,NA,NA
"128","government sector.",NA,NA,NA,NA,NA,NA,NA,NA,NA,NA,NA,NA,NA,NA,NA,NA,NA,NA,NA,NA,NA,NA,NA,NA,NA,NA,NA,NA,NA,NA,NA,NA,NA,NA,NA,NA,NA,NA,NA,NA,NA,NA,NA
"129","2. Consists of interest paid on the deposit liabilities of commercial and mutual savings",NA,NA,NA,NA,NA,NA,NA,NA,NA,NA,NA,NA,NA,NA,NA,NA,NA,NA,NA,NA,NA,NA,NA,NA,NA,NA,NA,NA,NA,NA,NA,NA,NA,NA,NA,NA,NA,NA,NA,NA,NA,NA,NA
"130","banks, savings and loan associations, and credit unions.",NA,NA,NA,NA,NA,NA,NA,NA,NA,NA,NA,NA,NA,NA,NA,NA,NA,NA,NA,NA,NA,NA,NA,NA,NA,NA,NA,NA,NA,NA,NA,NA,NA,NA,NA,NA,NA,NA,NA,NA,NA,NA,NA
"131","3. Consists of nonmortgage interest paid by households.",NA,NA,NA,NA,NA,NA,NA,NA,NA,NA,NA,NA,NA,NA,NA,NA,NA,NA,NA,NA,NA,NA,NA,NA,NA,NA,NA,NA,NA,NA,NA,NA,NA,NA,NA,NA,NA,NA,NA,NA,NA,NA,NA
"132","4. Interest received by nonfinancial sole proprietorships and partnerships is considered",NA,NA,NA,NA,NA,NA,NA,NA,NA,NA,NA,NA,NA,NA,NA,NA,NA,NA,NA,NA,NA,NA,NA,NA,NA,NA,NA,NA,NA,NA,NA,NA,NA,NA,NA,NA,NA,NA,NA,NA,NA,NA,NA
"133","interest received by persons and is included in line 32.",NA,NA,NA,NA,NA,NA,NA,NA,NA,NA,NA,NA,NA,NA,NA,NA,NA,NA,NA,NA,NA,NA,NA,NA,NA,NA,NA,NA,NA,NA,NA,NA,NA,NA,NA,NA,NA,NA,NA,NA,NA,NA,NA
"134","5. Beginning with October 2002, includes the Uniformed Services Retiree Health Care Fund.",NA,NA,NA,NA,NA,NA,NA,NA,NA,NA,NA,NA,NA,NA,NA,NA,NA,NA,NA,NA,NA,NA,NA,NA,NA,NA,NA,NA,NA,NA,NA,NA,NA,NA,NA,NA,NA,NA,NA,NA,NA,NA,NA
"135","6. Includes nonprofit institutions primarily serving households.",NA,NA,NA,NA,NA,NA,NA,NA,NA,NA,NA,NA,NA,NA,NA,NA,NA,NA,NA,NA,NA,NA,NA,NA,NA,NA,NA,NA,NA,NA,NA,NA,NA,NA,NA,NA,NA,NA,NA,NA,NA,NA,NA
"136","Note. In this table, imputed interest paid (line 41) is the sum of (1) premium supplements paid",NA,NA,NA,NA,NA,NA,NA,NA,NA,NA,NA,NA,NA,NA,NA,NA,NA,NA,NA,NA,NA,NA,NA,NA,NA,NA,NA,NA,NA,NA,NA,NA,NA,NA,NA,NA,NA,NA,NA,NA,NA,NA,NA
"137","to property and casualty insurance carriers by households and institutions, governments,",NA,NA,NA,NA,NA,NA,NA,NA,NA,NA,NA,NA,NA,NA,NA,NA,NA,NA,NA,NA,NA,NA,NA,NA,NA,NA,NA,NA,NA,NA,NA,NA,NA,NA,NA,NA,NA,NA,NA,NA,NA,NA,NA
"138","domestic business, and the rest of the world as a measure of imputed services provided to these",NA,NA,NA,NA,NA,NA,NA,NA,NA,NA,NA,NA,NA,NA,NA,NA,NA,NA,NA,NA,NA,NA,NA,NA,NA,NA,NA,NA,NA,NA,NA,NA,NA,NA,NA,NA,NA,NA,NA,NA,NA,NA,NA
"139","sectors by the property and casualty insurance providers, (2) the difference between the",NA,NA,NA,NA,NA,NA,NA,NA,NA,NA,NA,NA,NA,NA,NA,NA,NA,NA,NA,NA,NA,NA,NA,NA,NA,NA,NA,NA,NA,NA,NA,NA,NA,NA,NA,NA,NA,NA,NA,NA,NA,NA,NA
"140","property income received by financial intermediaries from the investment of depositors' or",NA,NA,NA,NA,NA,NA,NA,NA,NA,NA,NA,NA,NA,NA,NA,NA,NA,NA,NA,NA,NA,NA,NA,NA,NA,NA,NA,NA,NA,NA,NA,NA,NA,NA,NA,NA,NA,NA,NA,NA,NA,NA,NA
"141","beneficiaries' funds and the interest paid by them to business, households and institutions,",NA,NA,NA,NA,NA,NA,NA,NA,NA,NA,NA,NA,NA,NA,NA,NA,NA,NA,NA,NA,NA,NA,NA,NA,NA,NA,NA,NA,NA,NA,NA,NA,NA,NA,NA,NA,NA,NA,NA,NA,NA,NA,NA
"142","governments, and the rest of the world, and (3) the imputed services provided to these sectors",NA,NA,NA,NA,NA,NA,NA,NA,NA,NA,NA,NA,NA,NA,NA,NA,NA,NA,NA,NA,NA,NA,NA,NA,NA,NA,NA,NA,NA,NA,NA,NA,NA,NA,NA,NA,NA,NA,NA,NA,NA,NA,NA
"143","in the role of borrowers of financial services; these services are included as negative amounts",NA,NA,NA,NA,NA,NA,NA,NA,NA,NA,NA,NA,NA,NA,NA,NA,NA,NA,NA,NA,NA,NA,NA,NA,NA,NA,NA,NA,NA,NA,NA,NA,NA,NA,NA,NA,NA,NA,NA,NA,NA,NA,NA
"144","paid by the borrowers and received by the financial intermediaries.",NA,NA,NA,NA,NA,NA,NA,NA,NA,NA,NA,NA,NA,NA,NA,NA,NA,NA,NA,NA,NA,NA,NA,NA,NA,NA,NA,NA,NA,NA,NA,NA,NA,NA,NA,NA,NA,NA,NA,NA,NA,NA,NA
